"año";"NCODI";"camas instaladas";"incubadoras_instalada";"paritorios_instalada";"quirofanos_instalada";"salasHemo_instalada";"camas_funcionamiento";"incubadoras_funcionamiento";"paritorios_funcionamiento";"quirofanos_funcionamiento";"salasHemo_funcionamiento";"salas_rx_Hospital";"salas_rx_CEP";"puesto_HDia_medico";"puesto_HDia_psiquiatrico";"puesto_HDia_geriatrico";"integradasPuestos_HDia_CMA";"propiasPuestos_HDia_CMA";"propiasQuirofanos_HDia_CMA"
2011;781,00;"200 - 500 camas";23;3;10;2;444;23;3;10;2;6;5;1;0;0;1;0;0
2011;779,00;"200 - 500 camas";0;0;10;0;254;0;0;10;0;5;0;16;4;0;10;0;1
2011;113,00;"200 - 500 camas";0;0;0;0;226;0;0;0;0;0;0;0;0;0;0;0;0
2011;619,00;"Menos de 200 camas";0;0;5;1;73;0;0;5;1;3;0;4;0;0;4;0;0
2011;163,00;"Menos de 200 camas";0;0;4;0;27;0;0;4;0;1;0;0;0;0;0;0;1
2011;131,00;"Menos de 200 camas";0;0;0;0;98;0;0;0;0;0;0;0;0;0;0;0;0
2011;375,00;"Menos de 200 camas";0;0;0;0;63;0;0;0;0;1;0;0;0;0;0;0;0
2011;764,00;"501 - 1000 camas";13;2;15;1;714;13;2;15;1;17;0;16;56;8;32;0;0
2011;14,00;"Menos de 200 camas";3;2;3;0;42;3;2;3;0;1;0;0;0;0;0;0;0
2011;657,00;"Menos de 200 camas";3;1;4;0;102;3;1;4;0;3;0;1;0;0;3;1;1
2011;362,00;"Menos de 200 camas";1;1;3;1;65;1;1;3;1;7;0;0;0;0;8;0;0
2011;989,00;"Menos de 200 camas";0;1;4;0;79;0;1;3;0;4;0;5;0;0;0;0;0
2011;990,00;"Menos de 200 camas";1;1;4;0;87;1;1;2;0;2;0;8;0;0;0;7;0
2011;680,00;"501 - 1000 camas";24;3;27;1;800;24;3;27;1;12;3;36;0;0;3;0;0
2011;411,00;"Menos de 200 camas";4;2;7;2;104;4;2;7;2;3;0;6;0;0;0;0;0
2011;241,00;"Menos de 200 camas";3;2;7;1;96;3;2;7;1;2;0;6;0;0;2;0;0
2011;558,00;"200 - 500 camas";5;3;7;0;267;5;3;5;0;9;0;21;0;0;5;12;2
2011;167,00;"Menos de 200 camas";0;1;2;0;16;0;1;2;0;1;0;0;0;0;0;0;0
2011;248,00;"Menos de 200 camas";0;0;4;1;117;0;0;3;1;2;0;10;0;0;0;0;0
2011;224,00;"Menos de 200 camas";1;1;2;0;23;1;1;2;0;2;0;0;0;0;0;3;2
2011;591,00;"200 - 500 camas";24;2;14;1;426;24;2;14;1;10;0;57;0;1;0;0;4
2011;586,00;"501 - 1000 camas";14;2;12;0;420;14;2;12;0;13;3;26;0;0;0;0;0
2011;453,00;"Menos de 200 camas";0;0;0;0;119;0;0;0;0;2;0;6;0;0;0;0;0
2011;145,00;"Menos de 200 camas";0;0;0;0;96;0;0;0;0;0;0;0;0;0;0;0;0
2011;511,00;"200 - 500 camas";11;2;9;0;256;11;2;9;0;6;3;10;0;0;14;0;0
2011;530,00;"200 - 500 camas";8;2;9;0;336;8;2;9;0;6;3;25;0;0;0;2;2
2011;6,00;"Menos de 200 camas";2;1;7;0;54;2;1;7;0;1;0;0;0;0;10;0;0
2011;161,00;"200 - 500 camas";0;0;0;0;360;0;0;0;0;0;0;0;0;0;0;0;0
2011;623,00;"200 - 500 camas";14;2;10;1;377;14;2;10;1;8;2;18;0;0;0;0;0
2011;489,00;"Menos de 200 camas";0;0;1;0;10;0;0;1;0;1;0;0;0;0;0;0;0
2011;875,00;"Menos de 200 camas";0;0;6;1;82;0;0;6;1;2;0;6;0;0;2;0;0
2011;908,00;"Menos de 200 camas";0;0;0;0;32;0;0;0;0;0;0;0;0;0;0;0;0
2011;940,00;"Menos de 200 camas";0;0;0;0;13;0;0;0;0;0;0;0;0;0;0;0;0
2011;946,00;"Menos de 200 camas";3;1;4;1;85;1;1;4;1;3;0;0;0;0;0;0;0
2011;1023,00;"200 - 500 camas";8;2;11;1;230;8;2;11;1;3;0;38;0;0;13;29;0
2011;1054,00;"200 - 500 camas";12;2;15;1;209;6;2;13;1;6;0;16;0;0;0;34;2
2011;1057,00;"Menos de 200 camas";0;0;0;0;69;0;0;0;0;4;0;0;0;0;0;0;0
2011;1031,00;"Menos de 200 camas";0;0;0;0;21;0;0;0;0;0;0;0;0;0;0;0;0
2011;1032,00;"200 - 500 camas";8;8;12;1;192;8;8;12;1;3;0;25;0;0;14;26;0
2011;1064,00;"Menos de 200 camas";0;2;6;1;18;0;2;6;1;1;0;0;0;0;0;0;0
2011;226,00;"Menos de 200 camas";2;1;5;1;95;2;1;5;1;2;0;0;0;0;0;0;0
2011;687,00;"Menos de 200 camas";8;2;6;0;171;8;2;6;0;7;0;4;20;0;0;10;1
2011;745,00;"501 - 1000 camas";36;3;18;2;735;36;3;18;1;9;4;71;42;0;0;19;6
2011;109,00;"Menos de 200 camas";2;1;6;1;82;2;1;6;1;4;0;0;0;0;0;0;0
2011;808,00;"200 - 500 camas";8;8;9;0;262;6;6;8;0;6;0;0;22;0;16;0;0
2011;971,00;"Menos de 200 camas";0;0;6;0;5;0;0;2;0;2;0;2;0;0;12;0;0
2011;128,00;"Menos de 200 camas";1;1;3;0;33;0;0;3;0;1;0;3;0;0;2;2;1
2011;919,00;"200 - 500 camas";8;2;8;0;409;8;2;8;0;4;3;24;8;0;0;0;0
2011;725,00;"Más de 1.000 camas";31;3;31;2;850;31;3;30;2;13;0;40;0;1;0;0;3
2011;3,00;"Menos de 200 camas";0;0;0;0;106;0;0;0;0;0;0;0;0;0;0;0;0
2011;386,00;"Menos de 200 camas";0;0;2;0;74;0;0;2;0;1;0;0;0;0;0;0;0
2011;306,00;"200 - 500 camas";0;0;0;0;466;0;0;0;0;0;0;0;0;0;0;0;0
2011;15,00;"Menos de 200 camas";0;0;3;0;29;0;0;2;0;1;0;0;0;0;0;0;0
2011;264,00;"Menos de 200 camas";3;1;4;0;77;3;1;4;0;2;0;0;0;0;0;0;0
2011;867,00;"Menos de 200 camas";0;0;2;0;15;0;0;2;0;2;0;0;0;0;0;0;0
2011;910,00;"200 - 500 camas";2;1;10;0;221;1;1;7;0;5;0;16;0;0;0;0;0
2011;1053,00;"200 - 500 camas";7;2;8;0;306;7;2;6;0;6;4;15;0;1;0;9;0
2011;1055,00;"200 - 500 camas";7;3;14;1;374;7;3;14;1;18;0;30;0;0;0;39;6
2011;529,00;"Menos de 200 camas";0;0;0;0;79;0;0;0;0;1;0;0;0;0;0;0;0
2011;345,00;"Menos de 200 camas";0;0;0;0;169;0;0;0;0;0;0;0;0;0;0;0;0
2011;515,00;"Menos de 200 camas";0;0;3;0;40;0;0;3;0;2;0;0;0;0;0;0;0
2011;174,00;"Menos de 200 camas";0;0;3;0;30;0;0;2;0;1;0;0;0;1;0;0;0
2011;523,00;"Menos de 200 camas";0;0;3;0;150;0;0;3;0;2;0;0;0;25;4;0;0
2011;697,00;"Menos de 200 camas";9;3;6;1;193;6;3;6;1;5;0;1;1;1;1;1;1
2011;239,00;"Menos de 200 camas";0;0;5;1;112;0;0;4;1;3;0;10;0;0;0;0;0
2011;287,00;"200 - 500 camas";4;3;8;1;130;4;3;8;1;6;0;0;0;0;7;15;3
2011;377,00;"Menos de 200 camas";0;0;0;0;87;0;0;0;0;1;0;0;0;0;0;0;0
2011;692,00;"200 - 500 camas";4;2;6;0;192;4;2;6;0;3;0;8;15;0;0;0;0
2011;335,00;"Menos de 200 camas";0;0;0;0;160;0;0;0;0;0;0;0;0;0;0;0;0
2011;435,00;"Menos de 200 camas";2;1;5;1;68;1;1;5;1;1;0;0;0;0;5;5;5
2011;423,00;"Menos de 200 camas";3;1;2;0;31;3;1;2;0;0;0;1;0;0;2;3;2
2011;351,00;"Menos de 200 camas";0;0;3;0;48;0;0;2;0;2;0;0;0;0;0;2;1
2011;810,00;"Menos de 200 camas";2;1;2;0;20;0;0;2;0;3;0;0;0;0;0;0;0
2011;830,00;"200 - 500 camas";0;2;8;0;224;0;2;8;0;0;0;7;0;0;0;0;0
2011;892,00;"200 - 500 camas";19;4;13;0;358;13;4;13;0;5;0;28;24;0;0;34;0
2011;921,00;"Menos de 200 camas";3;6;10;1;162;3;4;8;1;2;0;0;0;0;0;0;0
2011;991,00;"Menos de 200 camas";1;1;1;0;12;1;1;1;0;1;0;0;0;0;0;0;0
2011;992,00;"Menos de 200 camas";6;1;6;0;165;6;1;6;0;4;0;7;15;0;8;12;1
2011;993,00;"Menos de 200 camas";5;3;5;0;142;5;3;5;0;2;2;21;16;0;0;6;1
2011;1071,00;"501 - 1000 camas";36;6;27;3;717;36;6;19;3;9;0;41;24;0;0;0;0
2011;473,00;"Menos de 200 camas";33;6;6;0;92;33;6;6;0;2;0;1;0;0;0;0;3
2011;663,00;"200 - 500 camas";9;2;11;1;364;9;2;11;1;4;2;53;0;0;7;0;0
2011;552,00;"Menos de 200 camas";0;0;6;0;129;0;0;6;0;4;0;16;0;0;14;0;0
2011;772,00;"501 - 1000 camas";0;0;26;2;669;0;0;26;2;8;0;70;56;50;0;0;6
2011;568,00;"Menos de 200 camas";0;0;2;0;40;0;0;2;0;2;0;0;0;0;0;0;0
2011;398,00;"Menos de 200 camas";0;0;5;0;100;0;0;2;0;2;0;0;0;0;0;0;0
2011;394,00;"Menos de 200 camas";0;0;2;0;55;0;0;2;0;2;0;0;0;0;0;0;0
2011;614,00;"Menos de 200 camas";0;0;2;0;22;0;0;2;0;0;0;0;0;0;0;7;0
2011;235,00;"Menos de 200 camas";0;0;3;0;40;0;0;3;0;2;0;0;0;0;0;0;0
2011;616,00;"Menos de 200 camas";0;0;6;0;60;0;0;5;0;0;0;19;0;0;0;15;0
2011;267,00;"Menos de 200 camas";6;2;9;1;163;6;2;9;1;0;0;0;0;0;0;0;0
2011;565,00;"200 - 500 camas";0;0;5;0;188;0;0;5;0;2;0;4;0;0;0;7;0
2011;220,00;"Menos de 200 camas";4;3;9;0;138;4;3;9;0;3;0;17;0;0;0;0;8
2011;278,00;"Menos de 200 camas";6;3;8;0;154;6;3;8;0;0;0;0;0;0;0;8;2
2011;107,00;"Menos de 200 camas";0;0;0;0;112;0;0;0;0;0;0;0;15;55;0;0;0
2011;141,00;"Menos de 200 camas";0;0;0;0;39;0;0;0;0;1;0;0;0;0;0;0;0
2011;711,00;"501 - 1000 camas";17;3;24;3;538;17;3;21;3;6;0;73;25;0;16;0;0
2011;204,00;"Menos de 200 camas";0;0;0;0;116;0;0;0;0;1;0;0;0;24;0;0;0
2011;579,00;"Menos de 200 camas";0;0;2;0;30;0;0;2;0;4;0;0;0;0;0;0;0
2011;348,00;"Menos de 200 camas";0;0;2;0;140;0;0;2;0;1;0;70;0;0;0;0;0
2011;766,00;"Menos de 200 camas";0;0;8;0;124;0;0;8;0;5;0;8;0;0;0;0;0
2011;761,00;"200 - 500 camas";0;0;0;0;271;0;0;0;0;0;0;0;0;60;0;0;0
2011;728,00;"200 - 500 camas";4;1;18;1;186;1;1;18;1;6;0;4;0;0;0;14;4
2011;280,00;"Menos de 200 camas";12;3;9;0;150;12;3;9;0;0;0;10;0;0;0;6;0
2011;222,00;"Menos de 200 camas";0;0;6;0;58;0;0;6;0;2;0;0;0;0;0;0;0
2011;276,00;"Menos de 200 camas";10;3;14;1;184;10;3;14;1;8;0;13;0;0;17;0;0
2011;11,00;"200 - 500 camas";2;2;8;1;188;0;2;8;1;3;0;10;0;0;0;0;0
2011;302,00;"Menos de 200 camas";2;2;3;0;60;2;2;3;0;0;0;0;0;0;1;1;1
2011;682,00;"Menos de 200 camas";0;0;8;0;161;0;0;8;0;1;0;11;0;0;0;0;0
2011;279,00;"Menos de 200 camas";20;5;9;1;181;20;5;9;1;4;0;10;0;0;0;10;3
2011;282,00;"200 - 500 camas";10;3;18;1;257;10;3;18;1;9;0;10;0;0;0;37;4
2011;281,00;"200 - 500 camas";8;5;10;1;307;8;4;10;1;3;0;10;0;0;0;9;0
2011;183,00;"Menos de 200 camas";0;0;3;0;30;0;0;3;0;1;0;0;0;0;0;0;0
2011;610,00;"Menos de 200 camas";0;0;5;0;43;0;0;5;0;1;0;0;0;0;0;19;0
2011;116,00;"200 - 500 camas";0;0;0;0;428;0;0;0;0;0;0;0;0;20;0;0;0
2011;115,00;"Menos de 200 camas";0;0;0;0;50;0;0;0;0;1;0;0;0;0;0;0;0
2011;114,00;"Menos de 200 camas";0;0;0;0;74;0;0;0;0;0;0;0;0;0;0;0;0
2011;126,00;"Menos de 200 camas";0;0;0;0;145;0;0;0;0;0;0;0;0;10;0;0;0
2011;119,00;"Menos de 200 camas";0;0;4;0;30;0;0;4;0;1;0;0;0;0;0;0;0
2011;770,00;"501 - 1000 camas";10;3;19;2;467;10;3;19;2;7;0;42;20;0;0;8;3
2011;583,00;"Menos de 200 camas";0;0;6;0;112;0;0;6;0;4;0;21;0;0;0;15;4
2011;136,00;"200 - 500 camas";0;0;0;0;209;0;0;0;0;1;0;0;0;50;0;0;0
2011;469,00;"Menos de 200 camas";2;1;3;0;99;2;1;3;0;2;0;9;0;15;9;9;1
2011;642,00;"Menos de 200 camas";2;3;5;0;194;2;3;5;0;5;0;7;0;20;0;8;0
2011;674,00;"200 - 500 camas";37;6;13;1;328;37;6;13;1;10;0;13;64;0;7;12;2
2011;193,00;"Menos de 200 camas";0;0;0;0;146;0;0;0;0;1;0;0;0;17;0;0;0
2011;526,00;"200 - 500 camas";12;3;6;0;333;12;3;6;0;4;0;34;0;68;0;10;0
2011;698,00;"501 - 1000 camas";0;0;29;2;638;0;0;29;2;10;0;19;10;0;0;24;0
2011;630,00;"200 - 500 camas";3;2;11;0;278;3;2;11;0;3;0;8;0;30;0;0;0
2011;124,00;"Menos de 200 camas";0;0;0;0;140;0;0;0;0;0;0;0;0;30;0;0;0
2011;364,00;"Menos de 200 camas";0;0;0;0;76;0;0;0;0;0;0;0;0;33;0;0;0
2011;604,00;"501 - 1000 camas";8;6;19;0;511;8;6;19;0;9;0;60;31;0;0;30;4
2011;123,00;"Menos de 200 camas";0;0;0;0;166;0;0;0;0;0;0;0;0;58;0;0;0
2011;310,00;"200 - 500 camas";0;0;0;0;397;0;0;0;0;0;0;0;55;57;0;0;0
2011;571,00;"Menos de 200 camas";2;2;5;0;127;2;2;5;0;3;0;8;0;0;0;1;1
2011;296,00;"Menos de 200 camas";0;0;0;0;177;0;0;0;0;1;0;0;0;22;0;0;0
2011;566,00;"Menos de 200 camas";4;3;6;0;160;0;3;5;0;4;0;20;20;0;11;0;0
2011;784,00;"501 - 1000 camas";18;6;16;0;753;18;6;16;0;6;0;109;60;39;0;17;4
2011;102,00;"501 - 1000 camas";0;0;0;0;760;0;0;0;0;1;0;0;15;20;0;0;0
2011;379,00;"501 - 1000 camas";0;0;0;0;616;0;0;0;0;0;0;0;90;0;0;0;0
2011;639,00;"Menos de 200 camas";1;4;5;0;134;1;4;5;0;5;0;6;0;0;0;8;0
2011;457,00;"Menos de 200 camas";0;0;2;0;75;0;0;2;0;2;0;2;0;0;0;10;0
2011;609,00;"200 - 500 camas";10;2;12;2;297;10;2;12;2;8;0;9;10;0;9;0;0
2011;101,00;"Menos de 200 camas";0;0;0;0;82;0;0;0;0;0;0;0;0;20;0;0;0
2011;454,00;"200 - 500 camas";2;1;4;0;269;2;1;4;0;3;0;14;0;0;0;4;1
2011;318,00;"200 - 500 camas";0;0;0;0;369;0;0;0;0;0;0;0;20;25;0;0;0
2011;600,00;"Menos de 200 camas";2;5;8;0;128;2;5;8;0;5;0;20;0;0;0;16;0
2011;545,00;"200 - 500 camas";22;3;14;15;338;13;3;14;15;5;0;38;30;36;0;0;0
2011;100,00;"Menos de 200 camas";0;0;0;0;90;0;0;0;0;0;0;0;0;35;0;0;0
2011;702,00;"200 - 500 camas";9;3;15;1;451;9;3;15;1;5;0;22;35;0;0;21;4
2011;778,00;"200 - 500 camas";3;3;9;0;216;3;3;9;0;4;0;52;22;0;0;14;2
2011;341,00;"Menos de 200 camas";1;1;2;0;65;0;0;2;0;2;0;0;0;0;0;0;0
2011;99,00;"Menos de 200 camas";0;0;0;0;105;0;0;0;0;0;0;0;0;50;0;0;0
2011;767,00;"Menos de 200 camas";0;0;5;0;121;0;0;5;0;6;0;8;0;0;0;0;0
2011;359,00;"Menos de 200 camas";0;0;2;0;110;0;0;2;0;2;0;0;0;30;4;8;2
2011;98,00;"Menos de 200 camas";0;0;0;0;119;0;0;0;0;0;0;0;0;25;0;0;0
2011;132,00;"Menos de 200 camas";0;0;0;0;96;0;0;0;0;0;0;0;0;0;0;0;0
2011;97,00;"Menos de 200 camas";0;0;0;0;120;0;0;0;0;0;0;0;0;30;0;0;0
2011;103,00;"Menos de 200 camas";0;0;0;0;40;0;0;0;0;0;0;0;0;20;0;0;0
2011;110,00;"Menos de 200 camas";0;0;0;0;60;0;0;0;0;0;0;0;0;0;0;0;0
2011;94,00;"Menos de 200 camas";0;0;0;0;30;0;0;0;0;0;0;0;0;0;0;0;0
2011;91,00;"Menos de 200 camas";0;0;0;0;81;0;0;0;0;0;0;0;0;18;0;0;0
2011;664,00;"200 - 500 camas";4;2;12;0;335;4;2;12;0;8;0;55;25;0;8;8;8
2011;918,00;"Más de 1.000 camas";45;6;39;5;1146;43;6;39;5;11;0;137;0;0;0;0;6
2011;92,00;"Menos de 200 camas";0;0;0;0;56;0;0;0;0;0;0;0;0;0;0;0;0
2011;93,00;"Menos de 200 camas";0;0;0;0;10;0;0;0;0;0;0;0;0;0;0;0;0
2011;95,00;"Menos de 200 camas";0;0;0;0;152;0;0;0;0;0;0;0;0;23;0;0;0
2011;96,00;"Menos de 200 camas";0;0;0;0;80;0;0;0;0;0;0;0;0;0;0;0;0
2011;301,00;"Menos de 200 camas";0;0;3;0;20;0;0;3;0;1;0;0;0;0;0;0;0
2011;492,00;"Menos de 200 camas";2;1;4;0;123;2;1;4;0;3;0;19;0;0;0;8;0
2011;811,00;"Menos de 200 camas";0;1;1;0;24;0;1;1;0;1;0;0;0;0;0;0;0
2011;812,00;"Menos de 200 camas";0;0;1;0;89;0;0;1;0;0;0;38;0;0;0;0;0
2011;832,00;"Menos de 200 camas";0;0;0;0;20;0;0;0;0;0;0;0;0;0;0;0;0
2011;841,00;"Menos de 200 camas";0;0;0;0;30;0;0;0;0;0;0;0;0;0;0;0;0
2011;856,00;"Menos de 200 camas";0;0;0;0;76;0;0;0;0;0;0;0;0;20;0;0;0
2011;859,00;"Menos de 200 camas";0;0;0;0;32;0;0;0;0;0;0;0;15;0;0;0;0
2011;861,00;"Menos de 200 camas";0;0;0;0;40;0;0;0;0;0;0;0;0;0;0;0;0
2011;880,00;"Menos de 200 camas";0;0;0;0;99;0;0;0;0;0;0;0;0;40;0;0;0
2011;883,00;"Menos de 200 camas";0;0;0;0;39;0;0;0;0;0;0;0;21;0;0;0;0
2011;884,00;"Menos de 200 camas";0;0;0;0;104;0;0;0;0;0;0;0;0;30;0;0;0
2011;877,00;"Menos de 200 camas";0;0;0;0;38;0;0;0;0;0;0;0;0;0;0;0;0
2011;911,00;"200 - 500 camas";0;0;0;0;354;0;0;0;0;0;0;0;0;27;0;0;0
2011;913,00;"Menos de 200 camas";0;0;0;0;30;0;0;0;0;0;0;0;20;0;0;0;0
2011;922,00;"Menos de 200 camas";0;0;6;0;52;0;0;6;0;2;0;0;0;0;0;0;0
2011;923,00;"Menos de 200 camas";0;0;0;0;89;0;0;0;0;0;0;0;0;0;0;0;0
2011;924,00;"Menos de 200 camas";0;0;0;0;47;0;0;0;0;0;0;26;0;0;0;0;0
2011;947,00;"Menos de 200 camas";0;0;0;0;26;0;0;0;0;0;0;0;0;0;0;0;0
2011;951,00;"Menos de 200 camas";0;0;0;0;50;0;0;0;0;0;0;0;0;22;0;0;0
2011;972,00;"Menos de 200 camas";0;0;0;0;30;0;0;0;0;0;0;0;0;0;0;0;0
2011;973,00;"Menos de 200 camas";0;0;2;0;22;0;0;2;0;2;0;0;0;0;10;5;2
2011;974,00;"Menos de 200 camas";0;0;0;0;155;0;0;0;0;0;0;0;0;0;0;0;0
2011;975,00;"Menos de 200 camas";0;0;0;0;101;0;0;0;0;0;0;0;0;25;0;0;0
2011;960,00;"200 - 500 camas";0;0;0;0;223;0;0;0;0;0;0;0;0;40;0;0;0
2011;1027,00;"Menos de 200 camas";0;0;0;0;46;0;0;0;0;0;0;0;0;0;0;0;0
2011;1028,00;"Menos de 200 camas";0;0;0;0;18;0;0;0;0;0;0;0;0;0;0;0;0
2011;976,00;"200 - 500 camas";0;0;0;0;284;0;0;0;0;0;0;0;12;35;0;0;0
2011;977,00;"Menos de 200 camas";0;0;0;0;174;0;0;0;0;0;0;0;0;0;0;0;0
2011;1020,00;"Menos de 200 camas";0;0;0;0;22;0;0;0;0;0;0;0;15;0;0;0;0
2011;994,00;"200 - 500 camas";6;3;5;0;245;6;3;5;0;6;0;23;0;0;0;30;0
2011;995,00;"Menos de 200 camas";0;0;0;0;84;0;0;0;0;0;0;0;0;30;0;0;0
2011;1060,00;"Menos de 200 camas";0;0;0;0;25;0;0;0;0;0;0;0;35;0;0;0;0
2011;1005,00;"Menos de 200 camas";0;0;0;0;75;0;0;0;0;0;0;0;0;0;0;0;0
2011;1061,00;"Menos de 200 camas";0;0;0;0;10;0;0;0;0;0;0;0;0;0;0;0;0
2011;1006,00;"Menos de 200 camas";0;0;0;0;52;0;0;0;0;0;0;0;20;0;0;0;0
2011;1088,00;"Menos de 200 camas";0;0;3;0;10;0;0;3;0;0;0;0;0;0;0;3;3
2011;1089,00;"Menos de 200 camas";4;2;7;0;54;2;2;3;0;3;0;0;0;0;8;0;0
2011;1076,00;"Menos de 200 camas";0;0;0;0;10;0;0;0;0;0;0;0;0;0;0;0;0
2011;1078,00;"Menos de 200 camas";0;0;0;0;49;0;0;0;0;0;0;0;0;0;0;0;0
2011;1033,00;"200 - 500 camas";0;0;12;0;220;0;0;12;0;3;0;47;0;0;0;0;0
2011;1036,00;"Menos de 200 camas";0;0;0;0;104;0;0;0;0;0;0;0;0;0;0;0;0
2011;1037,00;"Menos de 200 camas";0;0;0;0;35;0;0;0;0;0;0;0;30;0;0;0;0
2011;1039,00;"Menos de 200 camas";0;0;0;0;50;0;0;0;0;0;0;0;40;0;0;0;0
2011;1065,00;"200 - 500 camas";0;0;0;0;228;0;0;0;0;1;0;0;0;0;0;0;0
2011;1066,00;"Menos de 200 camas";0;3;6;0;77;0;3;6;0;0;0;3;0;0;0;0;0
2011;207,00;"Menos de 200 camas";1;1;7;0;116;1;1;7;0;4;0;8;0;0;0;0;0
2011;431,00;"Menos de 200 camas";0;0;0;0;156;0;0;0;0;1;0;0;0;0;0;0;0
2011;387,00;"Menos de 200 camas";4;2;3;0;110;2;2;3;0;3;0;6;0;0;1;0;0
2011;179,00;"Menos de 200 camas";0;0;0;0;75;0;0;0;0;1;0;0;0;0;0;0;0
2011;606,00;"Menos de 200 camas";3;2;3;0;108;3;2;3;0;4;1;16;0;0;0;0;0
2011;925,00;"501 - 1000 camas";13;2;15;1;905;13;2;15;1;18;0;24;49;0;12;0;0
2011;541,00;"Menos de 200 camas";6;2;4;0;103;6;2;4;0;5;0;1;0;0;0;0;0
2011;797,00;"Menos de 200 camas";2;2;5;0;102;2;2;5;0;4;0;4;0;0;0;9;0
2011;627,00;"200 - 500 camas";6;2;6;0;226;5;2;6;0;3;3;16;0;0;0;6;0
2011;173,00;"200 - 500 camas";0;0;0;0;330;0;0;0;0;0;0;0;4;0;0;0;0
2011;636,00;"501 - 1000 camas";20;3;17;1;489;20;3;15;1;11;0;22;0;18;0;16;3
2011;205,00;"Menos de 200 camas";0;0;3;0;30;0;0;3;0;1;0;3;0;0;0;0;0
2011;814,00;"Menos de 200 camas";1;1;1;0;24;1;1;1;0;1;0;0;0;0;1;0;1
2011;881,00;"Menos de 200 camas";2;1;3;1;34;2;1;3;1;1;0;0;0;0;0;0;0
2011;771,00;"501 - 1000 camas";53;2;18;2;627;53;2;18;2;11;3;10;0;0;20;0;0
2011;533,00;"Menos de 200 camas";5;1;1;1;115;5;1;1;1;1;0;0;0;0;0;0;0
2011;447,00;"200 - 500 camas";4;1;7;0;190;4;1;7;0;2;0;8;0;0;0;0;1
2011;815,00;"Menos de 200 camas";1;1;3;0;19;1;1;3;0;1;0;0;0;0;0;0;0
2011;801,00;"501 - 1000 camas";24;2;10;1;518;24;2;10;1;5;1;25;0;0;3;2;10
2011;800,00;"Menos de 200 camas";0;0;3;0;100;0;0;2;0;2;0;0;0;0;0;0;0
2011;389,00;"200 - 500 camas";3;2;4;0;290;3;2;4;0;4;0;0;0;0;0;0;1
2011;759,00;"200 - 500 camas";4;0;8;0;50;0;0;5;0;8;0;0;0;0;0;0;0
2011;695,00;"200 - 500 camas";8;3;8;1;275;8;3;8;1;7;2;29;0;0;4;12;3
2011;816,00;"Menos de 200 camas";2;1;4;0;82;2;1;4;0;1;0;7;0;0;0;10;2
2011;833,00;"Menos de 200 camas";2;1;5;0;110;2;1;5;0;1;0;0;0;0;0;0;1
2011;870,00;"Menos de 200 camas";2;2;6;1;61;1;2;6;1;2;0;1;0;0;0;0;0
2011;927,00;"Menos de 200 camas";1;1;2;0;26;0;1;2;0;1;0;1;0;0;0;0;1
2011;961,00;"200 - 500 camas";12;3;13;0;472;12;3;13;0;9;5;33;0;0;9;16;0
2011;962,00;"Menos de 200 camas";1;1;2;1;32;0;1;2;1;1;0;2;0;0;2;0;2
2011;1079,00;"Menos de 200 camas";1;1;3;0;44;1;1;3;0;2;0;2;0;0;2;3;1
2011;666,00;"501 - 1000 camas";25;2;15;1;570;25;2;15;1;5;5;12;0;0;0;18;0
2011;392,00;"200 - 500 camas";0;0;0;0;96;0;0;0;0;2;0;0;0;0;0;0;0
2011;790,00;"200 - 500 camas";0;0;7;0;253;0;0;7;0;4;0;36;78;0;6;0;0
2011;650,00;"Menos de 200 camas";2;1;3;0;132;2;1;3;0;3;0;8;0;0;0;6;0
2011;876,00;"200 - 500 camas";9;2;10;0;243;9;2;10;0;5;0;17;0;0;0;0;0
2011;944,00;"Menos de 200 camas";0;0;4;0;15;0;0;4;0;2;0;0;0;0;0;0;0
2011;952,00;"Menos de 200 camas";11;2;10;0;84;11;2;10;0;3;0;5;0;0;0;0;1
2011;54,00;"Menos de 200 camas";0;0;0;0;95;0;0;0;0;0;0;0;30;0;0;0;0
2011;538,00;"200 - 500 camas";8;2;10;0;299;8;2;10;0;6;1;22;12;0;0;19;3
2011;557,00;"Menos de 200 camas";3;2;5;0;101;3;2;4;0;2;0;13;0;0;0;6;0
2011;653,00;"Menos de 200 camas";5;2;5;0;155;5;2;5;0;5;2;14;0;0;6;0;0
2011;647,00;"Menos de 200 camas";2;2;4;0;86;2;2;4;0;5;0;2;0;0;0;0;0
2011;208,00;"Menos de 200 camas";0;1;2;0;5;0;0;2;0;1;0;1;0;0;0;0;0
2011;978,00;"501 - 1000 camas";23;2;12;1;554;23;2;12;1;15;1;18;20;0;0;23;0
2011;996,00;"Menos de 200 camas";4;1;4;0;70;0;1;4;0;3;0;9;0;0;0;12;0
2011;729,00;"Más de 1.000 camas";42;8;33;4;1033;36;8;33;4;18;2;61;80;0;27;0;5
2011;182,00;"Menos de 200 camas";5;1;7;0;138;5;1;7;0;3;0;0;0;0;0;9;1
2011;633,00;"Menos de 200 camas";0;0;5;0;140;0;0;5;0;2;0;0;0;0;0;23;0
2011;685,00;"200 - 500 camas";6;2;6;0;219;6;2;6;0;4;0;12;20;0;0;0;0
2011;683,00;"Menos de 200 camas";4;3;5;0;124;4;3;5;0;3;0;4;0;0;4;0;0
2011;945,00;"Menos de 200 camas";3;2;4;0;36;3;2;4;0;3;0;0;0;0;0;10;0
2011;953,00;"Menos de 200 camas";0;0;4;0;2;0;0;2;0;0;0;0;0;0;6;0;0
2011;1022,00;"Menos de 200 camas";0;0;2;0;18;0;0;1;0;5;0;0;0;0;0;0;0
2011;1049,00;"Menos de 200 camas";0;0;2;0;4;0;0;2;0;2;0;0;0;0;0;12;2
2011;794,00;"Más de 1.000 camas";21;3;30;3;1440;21;3;30;3;13;5;67;25;0;30;0;0
2011;415,00;"Menos de 200 camas";0;0;4;0;56;0;0;4;0;1;0;24;0;0;0;0;0
2011;592,00;"Menos de 200 camas";0;1;6;0;96;0;1;6;0;2;0;0;0;0;0;0;0
2011;497,00;"Menos de 200 camas";0;0;5;1;165;0;0;5;1;2;0;0;0;0;0;0;0
2011;726,00;"200 - 500 camas";16;2;12;0;404;16;2;12;0;9;1;28;15;0;0;8;4
2011;272,00;"200 - 500 camas";0;0;4;0;226;0;0;4;0;2;0;0;0;0;0;0;0
2011;805,00;"Más de 1.000 camas";33;3;30;2;1368;33;3;30;2;16;1;35;50;0;0;0;4
2011;5,00;"Menos de 200 camas";0;0;8;0;39;0;0;8;0;2;0;5;0;0;10;0;0
2011;234,00;"Menos de 200 camas";5;2;5;0;91;2;2;5;0;1;0;7;0;0;0;0;0
2011;64,00;"Menos de 200 camas";0;0;0;0;98;0;0;0;0;0;0;0;0;0;0;0;0
2011;842,00;"Menos de 200 camas";2;1;4;0;80;1;1;4;0;3;0;0;0;0;9;0;0
2011;843,00;"Menos de 200 camas";2;1;3;0;79;2;1;3;0;3;0;3;0;0;0;0;0
2011;1025,00;"Menos de 200 camas";9;2;9;1;148;9;2;9;1;4;0;0;0;0;0;0;0
2011;803,00;"200 - 500 camas";10;2;10;0;388;8;2;9;0;7;1;23;0;0;14;0;0
2011;211,00;"Menos de 200 camas";1;1;3;0;60;0;1;3;0;2;0;0;0;0;0;0;0
2011;773,00;"200 - 500 camas";18;3;11;1;383;18;3;11;1;3;0;42;0;0;0;0;1
2011;424,00;"Menos de 200 camas";2;1;3;0;44;2;1;3;0;1;0;4;0;0;6;0;1
2011;298,00;"Menos de 200 camas";4;1;7;1;116;4;1;7;1;6;0;2;0;0;10;0;0
2011;594,00;"Menos de 200 camas";2;1;3;0;18;2;1;3;0;1;0;0;0;0;14;14;1
2011;237,00;"Menos de 200 camas";0;0;3;0;97;0;0;3;0;2;0;0;0;25;0;0;0
2011;16,00;"Menos de 200 camas";0;0;0;0;23;0;0;0;0;0;0;0;0;0;0;0;0
2011;768,00;"Menos de 200 camas";1;1;2;0;72;1;1;2;0;3;0;6;0;25;5;0;0
2011;617,00;"Menos de 200 camas";3;5;6;0;152;3;5;5;0;3;0;10;0;0;0;15;0
2011;297,00;"Menos de 200 camas";1;1;3;0;42;1;1;3;0;1;0;0;0;0;0;0;0
2011;105,00;"Menos de 200 camas";0;0;0;0;63;0;0;0;0;0;0;0;0;10;0;0;0
2011;544,00;"Menos de 200 camas";2;1;4;0;142;2;1;4;0;4;0;0;0;17;0;0;0
2011;804,00;"Menos de 200 camas";2;4;5;0;114;2;4;5;0;3;0;11;0;0;15;0;0
2011;470,00;"Menos de 200 camas";4;1;2;1;94;4;1;2;1;2;0;2;0;60;0;0;0
2011;104,00;"Menos de 200 camas";0;0;0;0;110;0;0;0;0;0;0;0;50;0;0;0;0
2011;20,00;"Menos de 200 camas";0;0;0;0;42;0;0;0;0;0;0;0;0;0;0;0;0
2011;550,00;"Menos de 200 camas";2;1;4;0;90;2;1;4;0;6;0;0;0;0;0;6;0
2011;112,00;"Menos de 200 camas";0;0;0;0;24;0;0;0;0;0;0;0;0;25;0;0;0
2011;818,00;"Menos de 200 camas";0;0;0;0;105;0;0;0;0;0;0;0;0;19;0;0;0
2011;914,00;"Menos de 200 camas";0;0;0;0;123;0;0;0;0;0;0;0;0;40;0;0;0
2011;928,00;"Menos de 200 camas";0;0;0;0;36;0;0;0;0;0;0;19;0;0;0;0;0
2011;964,00;"200 - 500 camas";4;3;5;0;219;4;3;5;0;3;0;12;0;0;6;0;0
2011;1026,00;"Menos de 200 camas";0;0;0;0;96;0;0;0;0;0;0;0;0;20;0;0;0
2011;1068,00;"Menos de 200 camas";0;0;0;0;140;0;0;0;0;0;0;0;0;32;0;0;0
2011;738,00;"501 - 1000 camas";18;6;18;0;499;18;6;18;0;13;3;89;0;0;46;0;4
2011;404,00;"Menos de 200 camas";0;0;2;0;169;0;0;1;0;1;0;0;0;0;0;0;1
2011;274,00;"Menos de 200 camas";1;1;6;1;77;1;1;6;1;5;0;5;10;0;0;0;0
2011;270,00;"Menos de 200 camas";1;2;6;1;92;1;2;6;1;2;0;7;0;0;0;0;0
2011;676,00;"Menos de 200 camas";5;2;5;0;123;5;2;5;0;7;0;11;0;0;15;0;1
2011;709,00;"200 - 500 camas";3;4;7;0;166;3;4;7;0;5;0;16;10;0;11;11;7
2011;754,00;"501 - 1000 camas";18;4;50;2;899;18;4;50;2;12;0;122;85;0;0;60;19
2011;997,00;"Menos de 200 camas";2;2;2;0;24;2;2;2;0;2;0;2;0;0;8;0;0
2011;734,00;"200 - 500 camas";8;1;12;2;403;8;1;12;2;6;2;30;15;12;0;26;0
2011;299,00;"Menos de 200 camas";0;0;2;0;54;0;0;2;0;2;0;1;0;0;0;3;2
2011;645,00;"Menos de 200 camas";1;1;1;0;51;1;1;1;0;1;0;0;0;0;0;0;0
2011;17,00;"Menos de 200 camas";0;0;0;0;97;0;0;0;0;0;0;0;0;0;0;0;0
2011;1046,00;"Menos de 200 camas";0;0;0;0;118;0;0;0;0;0;0;0;0;18;0;0;0
2011;420,00;"Menos de 200 camas";0;0;3;0;31;0;0;3;0;5;0;0;0;0;0;0;0
2011;802,00;"Menos de 200 camas";0;0;0;0;102;0;0;0;0;1;0;0;0;0;0;0;0
2011;266,00;"Menos de 200 camas";2;2;9;2;149;2;2;9;1;3;0;18;0;0;18;18;9
2011;580,00;"Menos de 200 camas";2;1;5;0;60;2;1;5;0;3;0;0;0;0;0;0;3
2011;137,00;"Menos de 200 camas";2;1;4;0;38;2;1;4;0;2;0;0;0;0;0;0;0
2011;769,00;"Menos de 200 camas";0;0;4;0;75;0;0;4;0;2;0;16;0;0;1;0;0
2011;776,00;"Menos de 200 camas";0;0;4;0;111;0;0;4;0;5;1;0;0;0;0;3;1
2011;640,00;"Menos de 200 camas";2;1;3;0;74;2;1;3;0;3;0;7;0;0;1;0;1
2011;315,00;"200 - 500 camas";0;0;0;0;469;0;0;0;0;0;0;0;30;0;0;0;0
2011;40,00;"200 - 500 camas";0;0;0;0;299;0;0;0;0;0;0;0;0;0;0;0;0
2011;508,00;"Menos de 200 camas";0;0;5;0;63;0;0;5;0;2;0;0;0;0;0;9;2
2011;46,00;"Menos de 200 camas";0;0;0;0;80;0;0;0;0;0;0;0;0;0;0;0;0
2011;590,00;"Menos de 200 camas";2;2;5;0;130;2;2;5;0;2;1;4;0;0;1;4;1
2011;777,00;"Menos de 200 camas";2;2;4;0;121;2;2;4;0;2;1;9;0;0;12;0;1
2011;897,00;"Más de 1.000 camas";24;6;30;1;1115;24;6;30;1;13;8;60;37;0;15;6;4
2011;965,00;"Menos de 200 camas";0;0;0;0;81;0;0;0;0;0;0;0;0;0;0;0;0
2011;671,00;"200 - 500 camas";12;2;7;0;246;9;2;7;0;6;0;10;0;0;7;0;0
2011;461,00;"200 - 500 camas";1;1;5;0;202;1;1;5;0;2;0;1;0;0;0;0;1
2011;376,00;"Menos de 200 camas";1;1;2;0;20;1;1;2;0;2;0;0;0;0;0;0;0
2011;621,00;"Menos de 200 camas";2;2;4;0;109;2;2;4;0;4;0;8;0;0;12;0;0
2011;793,00;"501 - 1000 camas";24;3;20;2;570;24;3;16;2;6;5;36;16;0;25;23;8
2011;324,00;"Menos de 200 camas";0;0;1;0;4;0;0;1;0;2;0;0;0;0;0;0;0
2011;712,00;"200 - 500 camas";3;2;8;0;238;3;2;6;0;5;0;20;1;1;6;0;0
2011;32,00;"Menos de 200 camas";0;0;0;0;96;0;0;0;0;0;0;0;0;0;0;0;0
2011;361,00;"Menos de 200 camas";0;0;0;0;70;0;0;0;0;1;0;0;0;12;0;0;0
2011;486,00;"Menos de 200 camas";1;1;3;0;18;0;1;3;0;1;0;0;0;0;0;0;0
2011;595,00;"Menos de 200 camas";4;2;5;0;153;4;2;4;0;3;1;12;0;0;8;0;0
2011;433,00;"Menos de 200 camas";2;2;2;0;45;2;2;2;0;2;0;0;0;0;0;0;0
2011;1058,00;"Menos de 200 camas";0;0;2;0;20;0;0;2;0;1;0;0;0;0;0;0;0
2011;261,00;"Menos de 200 camas";1;1;3;0;42;1;1;3;0;1;0;0;0;0;0;0;0
2011;730,00;"200 - 500 camas";10;2;7;0;192;6;2;4;0;6;0;12;20;0;22;0;0
2011;577,00;"200 - 500 camas";6;2;7;0;233;6;2;7;0;5;0;6;0;0;0;22;0
2011;788,00;"501 - 1000 camas";18;4;25;1;745;18;4;25;1;24;0;35;0;0;1;1;5
2011;865,00;"Menos de 200 camas";4;2;4;0;57;4;1;1;0;2;0;0;0;0;12;0;0
2011;979,00;"Menos de 200 camas";0;0;2;0;16;0;0;2;0;0;0;2;0;0;0;0;0
2011;998,00;"Menos de 200 camas";0;0;1;0;10;0;0;1;0;1;0;0;0;0;0;0;0
2011;221,00;"Menos de 200 camas";0;0;3;0;110;0;0;3;0;1;0;0;0;0;0;0;0
2011;462,00;"Menos de 200 camas";0;0;1;0;45;0;0;1;0;2;0;0;0;0;0;0;0
2011;506,00;"Menos de 200 camas";3;2;5;0;104;3;2;5;0;2;0;0;0;0;0;0;0
2011;727,00;"200 - 500 camas";9;3;8;0;391;9;3;8;0;8;0;22;0;0;0;0;0
2011;355,00;"Menos de 200 camas";0;0;2;0;87;0;0;2;0;3;0;0;0;0;0;0;0
2011;487,00;"200 - 500 camas";0;0;6;0;285;0;0;6;0;2;0;0;0;0;0;0;0
2011;938,00;"Más de 1.000 camas";14;5;19;2;870;14;5;19;2;6;11;20;10;0;0;0;2
2011;886,00;"Menos de 200 camas";0;0;3;0;114;0;0;2;0;1;0;3;0;0;0;6;1
2011;835,00;"Menos de 200 camas";1;1;2;0;45;1;1;2;0;4;0;1;0;0;0;0;0
2011;999,00;"Menos de 200 camas";0;0;0;0;9;0;0;0;0;1;0;0;0;0;0;0;0
2011;798,00;"200 - 500 camas";16;3;14;1;447;16;3;14;1;9;0;40;0;0;5;10;2
2011;504,00;"Menos de 200 camas";0;0;5;0;194;0;0;5;0;5;0;15;30;20;0;8;0
2011;247,00;"Menos de 200 camas";0;0;3;0;36;0;0;3;0;6;0;4;0;0;0;4;2
2011;216,00;"Menos de 200 camas";2;1;3;0;55;2;1;3;0;2;0;1;0;0;3;3;1
2011;654,00;"Menos de 200 camas";3;2;5;0;62;1;2;4;0;1;0;0;0;0;5;0;0
2011;65,00;"Menos de 200 camas";0;0;0;0;75;0;0;0;0;0;0;0;20;0;0;0;0
2011;472,00;"Menos de 200 camas";2;1;3;0;58;2;1;2;0;2;0;4;0;10;0;0;1
2011;427,00;"Menos de 200 camas";0;0;0;0;24;0;0;0;0;1;0;0;0;10;0;0;0
2011;491,00;"Menos de 200 camas";2;1;2;0;65;2;1;2;0;2;0;2;0;0;8;0;0
2011;551,00;"Menos de 200 camas";1;1;1;0;30;1;1;1;0;1;0;15;0;0;15;0;0
2011;106,00;"Menos de 200 camas";0;0;0;0;106;0;0;0;0;0;0;0;0;0;0;0;0
2011;819,00;"Menos de 200 camas";0;0;0;0;123;0;0;0;0;0;0;0;0;0;0;0;0
2011;836,00;"Menos de 200 camas";0;0;0;0;20;0;0;0;0;0;0;0;0;0;0;0;0
2011;915,00;"Menos de 200 camas";0;0;0;0;119;0;0;0;0;0;0;0;0;25;0;0;0
2011;942,00;"Menos de 200 camas";0;0;0;0;60;0;0;0;0;0;0;0;0;0;0;0;0
2011;748,00;"501 - 1000 camas";12;4;23;1;559;12;4;17;1;13;4;24;1;0;0;20;4
2011;198,00;"Menos de 200 camas";0;0;0;0;75;0;0;0;0;1;0;0;0;0;0;0;0
2011;871,00;"Menos de 200 camas";1;3;4;0;86;1;3;4;0;3;0;13;0;0;11;0;0
2011;948,00;"Menos de 200 camas";1;1;3;1;48;1;1;3;1;1;0;0;0;0;0;0;0
2011;1051,00;"Menos de 200 camas";0;0;0;0;137;0;0;0;0;0;0;0;0;0;0;0;0
2011;1083,00;"Menos de 200 camas";0;0;0;0;26;0;0;0;0;0;0;0;0;0;0;0;0
2011;679,00;"501 - 1000 camas";19;1;18;0;721;19;1;18;0;22;0;46;15;12;0;18;4
2011;176,00;"Menos de 200 camas";0;0;5;0;64;0;0;5;0;1;0;1;0;0;0;0;0
2011;537,00;"Menos de 200 camas";0;0;6;0;42;0;0;5;0;1;0;0;0;0;3;2;1
2011;608,00;"Menos de 200 camas";8;2;6;0;126;8;2;5;0;7;0;1;0;0;0;4;0
2011;596,00;"Menos de 200 camas";5;1;5;0;135;5;1;4;0;5;0;10;0;0;0;0;0
2011;749,00;"Más de 1.000 camas";0;0;46;3;1022;0;0;38;3;33;6;50;15;0;15;0;0
2011;758,00;"Más de 1.000 camas";50;5;38;3;1282;50;5;38;3;15;14;60;0;0;30;15;2
2011;724,00;"501 - 1000 camas";20;2;31;3;657;12;1;23;3;17;7;27;16;14;15;18;8
2011;436,00;"Menos de 200 camas";0;0;0;0;89;0;0;0;0;2;4;4;0;0;0;0;0
2011;567,00;"Menos de 200 camas";0;0;11;0;109;0;0;7;0;2;0;0;50;0;0;30;3
2011;677,00;"501 - 1000 camas";0;0;14;1;448;0;0;13;1;6;2;50;10;0;18;0;0
2011;670,00;"Menos de 200 camas";2;0;6;0;169;2;0;6;0;3;0;12;15;0;13;0;0
2011;588,00;"Menos de 200 camas";0;0;9;0;135;0;0;8;0;2;0;11;0;22;8;0;0
2011;446,00;"Menos de 200 camas";0;0;3;0;75;0;0;2;0;1;0;19;0;0;11;0;0
2011;753,00;"Más de 1.000 camas";66;9;45;5;1416;60;9;32;5;18;3;96;24;0;0;17;3
2011;887,00;"200 - 500 camas";0;0;0;0;316;0;0;0;0;1;0;0;0;0;0;0;0
2011;388,00;"Menos de 200 camas";0;0;2;0;34;0;0;1;0;1;0;2;0;0;0;0;0
2011;585,00;"Menos de 200 camas";0;0;3;0;61;0;0;3;0;3;0;0;0;0;0;0;0
2011;245,00;"Menos de 200 camas";5;2;9;1;191;5;2;9;1;4;0;0;0;0;0;0;0
2011;603,00;"Menos de 200 camas";0;0;6;1;171;0;0;6;1;3;0;5;0;0;8;4;1
2011;426,00;"Menos de 200 camas";0;0;3;0;80;0;0;3;0;0;0;0;0;0;0;0;0
2011;232,00;"Menos de 200 camas";10;2;7;0;85;10;2;7;0;2;0;0;0;0;6;0;1
2011;288,00;"Menos de 200 camas";0;0;7;0;146;0;0;7;0;3;0;2;0;0;0;9;2
2011;246,00;"Menos de 200 camas";6;2;8;0;96;6;2;8;0;3;0;0;0;0;0;0;0
2011;284,00;"Menos de 200 camas";11;1;10;1;136;9;1;10;1;4;0;0;0;0;0;0;0
2011;18,00;"Menos de 200 camas";0;0;0;0;66;0;0;0;0;0;0;0;0;0;0;0;0
2011;356,00;"Menos de 200 camas";0;0;0;0;96;0;0;0;0;0;0;0;60;0;0;0;0
2011;401,00;"200 - 500 camas";0;0;0;0;388;0;0;0;0;0;0;0;0;0;0;0;0
2011;733,00;"501 - 1000 camas";15;5;15;1;626;11;5;15;1;10;4;20;3;0;0;0;3
2011;243,00;"Menos de 200 camas";0;0;4;0;80;0;0;4;0;3;0;0;0;0;0;0;0
2011;380,00;"200 - 500 camas";0;0;3;0;237;0;0;0;0;1;0;0;0;0;0;0;0
2011;716,00;"Menos de 200 camas";0;0;9;0;97;0;0;9;0;3;0;10;0;0;0;0;0
2011;534,00;"Menos de 200 camas";0;0;7;1;100;0;0;7;1;4;0;7;0;0;0;0;0
2011;185,00;"Menos de 200 camas";0;0;11;1;68;0;0;11;1;2;0;0;0;0;8;0;0
2011;258,00;"Menos de 200 camas";0;0;10;1;184;0;0;10;1;3;0;9;0;0;4;4;0
2011;505,00;"Menos de 200 camas";0;0;4;0;36;0;0;4;0;3;0;6;0;0;0;0;4
2011;268,00;"Menos de 200 camas";0;0;11;1;132;0;0;10;1;6;0;8;0;0;8;0;0
2011;602,00;"Menos de 200 camas";7;2;9;1;150;7;2;9;1;2;0;3;0;0;4;0;0
2011;254,00;"Menos de 200 camas";8;9;10;1;172;8;9;10;1;2;0;5;0;0;0;0;0
2011;705,00;"Menos de 200 camas";12;3;7;1;110;12;3;7;1;6;0;7;0;0;3;0;0
2011;133,00;"Menos de 200 camas";10;2;2;0;46;7;2;2;0;1;0;0;0;0;0;0;0
2011;33,00;"Menos de 200 camas";0;0;0;0;96;0;0;0;0;0;0;0;20;0;0;0;0
2011;143,00;"Menos de 200 camas";0;0;0;0;53;0;0;0;0;0;0;0;3;0;0;0;0
2011;36,00;"Menos de 200 camas";0;0;0;0;99;0;0;0;0;0;0;0;30;0;0;0;0
2011;756,00;"501 - 1000 camas";3;2;16;2;495;3;2;16;2;9;0;24;0;0;0;0;0
2011;662,00;"501 - 1000 camas";10;3;15;0;525;10;3;15;0;14;7;18;30;0;14;0;0
2011;192,00;"200 - 500 camas";0;0;0;0;193;0;0;0;0;1;0;0;0;0;0;0;0
2011;382,00;"200 - 500 camas";0;0;0;0;300;0;0;0;0;1;0;0;0;0;0;0;0
2011;322,00;"501 - 1000 camas";0;0;0;0;542;0;0;0;0;1;0;0;0;0;0;0;0
2011;478,00;"Menos de 200 camas";0;0;5;0;106;0;0;5;0;4;0;0;0;0;0;0;0
2011;352,00;"Menos de 200 camas";0;0;0;0;137;0;0;0;0;1;0;0;0;17;0;0;0
2011;628,00;"200 - 500 camas";10;2;12;1;359;10;2;9;1;10;5;40;0;0;0;0;0
2011;291,00;"Menos de 200 camas";0;0;0;0;190;0;0;0;0;0;0;0;150;0;0;0;0
2011;495,00;"Menos de 200 camas";0;0;6;0;85;0;0;6;0;3;0;0;0;0;0;6;0
2011;845,00;"200 - 500 camas";17;2;12;0;371;17;2;11;0;10;4;12;30;0;0;0;0
2011;498,00;"Menos de 200 camas";3;1;4;0;72;3;1;3;0;2;1;3;0;0;6;0;0
2011;314,00;"200 - 500 camas";0;0;0;0;186;0;0;0;0;2;0;0;0;0;0;0;0
2011;720,00;"Menos de 200 camas";0;0;5;0;92;0;0;5;0;4;0;5;0;0;5;0;0
2011;721,00;"501 - 1000 camas";14;2;18;0;433;14;2;15;0;12;3;25;0;15;13;0;0
2011;485,00;"Menos de 200 camas";0;1;3;0;19;0;1;3;0;1;0;5;1;0;0;4;3
2011;273,00;"200 - 500 camas";4;1;12;1;236;4;1;11;1;3;0;1;0;0;13;0;0
2011;846,00;"200 - 500 camas";10;2;15;1;419;10;2;15;1;11;0;18;1;0;21;0;0
2011;847,00;"Menos de 200 camas";0;0;9;0;76;0;0;6;0;3;0;0;0;0;0;23;3
2011;848,00;"Menos de 200 camas";25;3;8;1;180;25;3;8;1;7;0;10;0;0;5;0;0
2011;864,00;"Menos de 200 camas";0;0;0;0;66;0;0;0;0;0;0;0;0;0;0;0;0
2011;916,00;"Menos de 200 camas";0;0;4;0;63;0;0;3;0;2;0;16;0;0;6;0;0
2011;930,00;"Menos de 200 camas";3;2;4;1;80;3;2;4;1;1;0;8;0;0;0;4;0
2011;954,00;"200 - 500 camas";14;3;11;0;262;10;3;10;0;5;2;20;0;0;12;0;0
2011;943,00;"Menos de 200 camas";5;1;5;0;92;5;1;5;0;3;0;8;0;0;8;0;0
2011;949,00;"Más de 1.000 camas";47;11;51;3;1234;42;9;42;3;15;7;101;0;8;41;0;0
2011;980,00;"Menos de 200 camas";14;2;6;1;116;14;2;6;1;3;0;7;0;0;6;0;0
2011;981,00;"Menos de 200 camas";0;0;5;0;35;0;0;5;0;1;0;1;0;0;12;8;2
2011;1024,00;"200 - 500 camas";14;2;16;1;165;9;2;14;1;2;0;26;0;0;0;14;0
2011;1017,00;"Menos de 200 camas";0;0;0;0;43;0;0;0;0;1;0;0;0;0;0;0;0
2011;1000,00;"Menos de 200 camas";0;0;12;1;155;0;0;9;1;3;0;34;0;0;7;0;0
2011;1018,00;"Menos de 200 camas";4;4;6;0;82;4;3;5;0;2;0;25;1;1;0;0;0
2011;1001,00;"Menos de 200 camas";7;2;10;1;49;4;2;8;1;2;0;0;0;0;0;0;0
2011;1007,00;"200 - 500 camas";12;7;12;0;258;12;6;10;0;10;2;18;30;0;0;20;4
2011;1008,00;"200 - 500 camas";8;3;7;0;177;7;3;7;0;8;0;17;0;0;0;20;0
2011;1009,00;"200 - 500 camas";11;8;13;0;219;11;5;11;0;6;0;39;16;0;18;0;0
2011;1010,00;"Menos de 200 camas";4;3;5;0;116;4;3;5;0;4;0;11;0;0;0;15;0
2011;1011,00;"Menos de 200 camas";4;2;4;0;87;4;2;4;0;3;0;9;0;0;18;0;0
2011;1012,00;"200 - 500 camas";8;8;9;0;175;6;6;7;0;5;0;23;0;0;0;13;0
2011;1013,00;"501 - 1000 camas";24;12;19;2;567;24;12;16;2;10;0;37;30;0;34;0;0
2011;1041,00;"Menos de 200 camas";0;0;0;0;91;0;0;0;0;0;0;0;0;0;0;0;0
2011;1073,00;"200 - 500 camas";12;6;10;1;110;12;6;10;1;3;0;2;0;0;12;26;0
2011;789,00;"200 - 500 camas";0;0;0;0;350;0;0;0;0;0;0;0;0;0;0;0;0
2011;326,00;"200 - 500 camas";0;0;0;0;315;0;0;0;0;0;0;0;0;0;0;0;0
2011;442,00;"Menos de 200 camas";4;3;9;1;89;4;3;9;1;2;0;4;0;0;7;7;0
2011;294,00;"Menos de 200 camas";2;1;5;1;118;2;1;5;1;1;0;6;0;0;1;0;0
2011;378,00;"Menos de 200 camas";3;2;5;0;59;3;2;5;0;1;0;1;0;0;0;3;0
2011;402,00;"Menos de 200 camas";0;0;7;1;48;0;0;7;1;3;0;0;0;0;0;0;0
2011;29,00;"Menos de 200 camas";0;0;0;0;179;0;0;0;0;0;0;0;0;0;0;0;0
2011;450,00;"Menos de 200 camas";0;0;4;0;25;0;0;4;0;1;0;0;0;0;5;0;0
2011;656,00;"Menos de 200 camas";3;2;6;0;132;3;2;6;0;4;0;12;4;0;0;12;6
2011;333,00;"Menos de 200 camas";1;1;5;1;60;1;1;5;1;1;0;6;0;0;0;0;0
2011;668,00;"Menos de 200 camas";4;2;6;0;136;4;2;6;0;5;0;7;0;0;0;8;2
2011;684,00;"Menos de 200 camas";8;2;8;0;193;8;2;6;0;6;0;7;4;0;7;0;0
2011;422,00;"Menos de 200 camas";0;0;4;1;50;0;0;3;1;1;0;0;0;0;0;0;1
2011;763,00;"Más de 1.000 camas";59;13;33;2;1043;46;13;32;2;22;2;68;0;0;54;3;5
2011;741,00;"501 - 1000 camas";8;5;19;3;542;8;5;18;3;19;8;39;9;0;73;0;0
2011;553,00;"200 - 500 camas";14;6;11;1;351;14;6;11;1;6;1;22;0;0;6;0;0
2011;357,00;"Menos de 200 camas";0;0;6;0;160;0;0;6;0;2;0;0;0;0;0;12;0
2011;899,00;"Menos de 200 camas";0;0;0;0;65;0;0;0;0;0;0;0;0;0;0;0;0
2011;900,00;"Menos de 200 camas";0;0;2;0;7;0;0;2;0;1;0;0;0;0;2;0;0
2011;932,00;"Menos de 200 camas";0;0;2;0;15;0;0;2;0;0;0;0;0;0;0;0;0
2011;950,00;"Menos de 200 camas";0;0;1;0;6;0;0;1;0;1;0;0;0;0;0;0;0
2011;966,00;"Menos de 200 camas";2;4;1;1;72;2;4;1;1;2;0;0;0;0;0;0;0
2011;967,00;"Menos de 200 camas";0;0;0;0;10;0;0;0;0;0;0;20;0;0;0;0;0
2011;982,00;"Menos de 200 camas";3;1;5;1;65;1;1;5;1;4;0;0;0;0;4;0;2
2011;1014,00;"Menos de 200 camas";0;0;3;0;19;0;0;3;0;3;0;1;0;0;0;0;0
2011;1048,00;"Menos de 200 camas";0;0;1;0;1;0;0;1;0;0;0;0;0;0;0;0;0
2011;1080,00;"Menos de 200 camas";9;2;7;1;93;6;2;6;1;2;0;6;0;0;0;5;1
2011;722,00;"501 - 1000 camas";72;3;27;2;863;70;3;27;2;13;2;54;0;0;12;8;2
2011;660,00;"200 - 500 camas";0;0;12;0;320;0;0;9;0;3;0;10;0;0;21;0;0
2011;75,00;"Menos de 200 camas";0;0;0;0;100;0;0;0;0;0;0;0;49;0;0;0;0
2011;249,00;"Menos de 200 camas";2;2;7;1;124;2;2;6;1;3;0;0;0;0;7;0;0
2011;275,00;"Menos de 200 camas";0;0;5;0;94;0;0;5;0;1;0;0;0;0;6;0;0
2011;227,00;"Menos de 200 camas";6;2;6;1;98;6;2;6;1;2;0;0;0;0;0;0;0
2011;150,00;"Menos de 200 camas";0;0;4;0;90;0;0;4;0;2;0;0;0;0;0;4;0
2011;47,00;"Menos de 200 camas";0;0;0;0;45;0;0;0;0;0;0;0;0;0;0;0;0
2011;172,00;"Menos de 200 camas";0;0;5;0;148;0;0;5;0;1;0;6;0;0;6;0;1
2011;581,00;"Menos de 200 camas";3;2;4;0;103;3;2;4;0;3;0;1;0;0;1;0;0
2011;120,00;"Menos de 200 camas";0;0;1;0;39;0;0;1;0;1;0;0;0;0;0;1;1
2011;445,00;"Menos de 200 camas";0;0;2;0;140;0;0;2;0;0;0;0;0;0;0;0;0
2011;471,00;"Menos de 200 camas";0;0;5;0;199;0;0;5;0;2;0;0;0;0;0;0;0
2011;53,00;"Menos de 200 camas";0;0;0;0;80;0;0;0;0;0;0;0;0;0;0;0;0
2011;199,00;"Menos de 200 camas";0;0;3;0;175;0;0;3;0;1;0;0;0;0;4;0;0
2011;575,00;"Menos de 200 camas";6;5;10;0;148;6;4;8;0;4;0;18;0;0;18;0;0
2011;528,00;"Menos de 200 camas";6;2;4;0;98;6;2;3;0;3;1;1;0;0;0;5;0
2011;631,00;"200 - 500 camas";10;2;6;0;283;10;2;6;0;12;3;12;0;0;0;6;0
2011;699,00;"200 - 500 camas";0;0;10;0;369;0;0;10;0;9;2;30;0;0;37;0;0
2011;823,00;"Menos de 200 camas";0;0;3;0;30;0;0;3;0;2;0;0;0;0;3;0;0
2011;849,00;"Menos de 200 camas";0;0;5;0;103;0;0;5;0;2;0;0;0;0;6;0;0
2011;869,00;"Menos de 200 camas";0;0;4;0;90;0;0;4;0;3;0;0;0;0;0;0;0
2011;955,00;"Menos de 200 camas";0;0;0;0;47;0;0;0;0;0;0;0;0;0;0;0;0
2011;983,00;"200 - 500 camas";0;0;0;0;195;0;0;0;0;0;0;0;0;0;0;0;0
2011;1002,00;"Menos de 200 camas";0;0;0;0;62;0;0;0;0;0;0;0;0;0;0;0;0
2011;1015,00;"501 - 1000 camas";18;8;25;2;591;18;8;25;2;22;0;69;0;0;43;0;0
2011;51,00;"Menos de 200 camas";0;0;0;0;50;0;0;0;0;0;0;0;1;0;0;0;0
2011;441,00;"Menos de 200 camas";0;0;7;0;193;0;0;7;0;3;0;0;0;0;0;0;0
2011;327,00;"Menos de 200 camas";0;0;0;0;195;0;0;0;0;0;0;0;0;38;0;0;0
2011;690,00;"200 - 500 camas";7;2;15;2;300;7;2;15;2;8;0;15;0;0;2;0;0
2011;262,00;"Menos de 200 camas";2;2;7;0;90;2;2;7;0;2;0;3;0;0;0;7;0
2011;403,00;"Menos de 200 camas";0;0;3;0;13;0;0;3;0;1;0;0;0;0;0;0;0
2011;312,00;"Menos de 200 camas";0;0;0;0;148;0;0;0;0;0;0;0;15;0;0;0;0
2011;589,00;"Menos de 200 camas";2;1;4;0;97;2;1;4;0;6;0;6;0;1;6;0;0
2011;665,00;"Menos de 200 camas";3;2;4;0;174;3;2;4;0;4;0;3;0;0;0;0;0
2011;334,00;"Menos de 200 camas";0;0;0;0;21;0;0;0;0;0;0;0;0;0;0;0;0
2011;1075,00;"Más de 1.000 camas";26;4;30;1;1097;26;4;30;1;8;6;59;119;0;12;8;0
2011;751,00;"501 - 1000 camas";12;3;22;1;866;12;3;21;1;11;3;79;20;0;0;26;4
2011;186,00;"Menos de 200 camas";1;0;3;1;49;1;0;3;1;3;0;0;0;0;0;0;0
2011;646,00;"Menos de 200 camas";2;1;2;0;101;2;1;2;0;2;0;10;0;0;2;1;2
2011;536,00;"Menos de 200 camas";1;1;3;0;79;1;1;3;0;5;0;0;0;0;3;1;1
2011;242,00;"Menos de 200 camas";2;1;2;0;49;0;1;2;0;2;0;0;0;0;0;0;0
2011;490,00;"200 - 500 camas";0;0;5;0;154;0;0;4;0;2;0;0;0;15;0;16;0
2011;500,00;"200 - 500 camas";2;2;5;1;126;2;2;5;1;4;0;9;0;0;0;0;0
2011;206,00;"Menos de 200 camas";0;0;3;0;48;0;0;3;0;1;0;0;0;0;0;0;0
2011;58,00;"Menos de 200 camas";0;0;0;0;24;0;0;0;0;0;0;0;0;0;0;0;0
2011;572,00;"200 - 500 camas";7;4;11;0;355;7;4;10;0;10;0;17;50;0;12;0;0
2011;180,00;"Menos de 200 camas";0;0;2;0;83;0;0;2;0;1;0;0;0;0;0;0;0
2011;549,00;"Menos de 200 camas";4;2;3;0;103;4;2;3;0;6;0;2;0;0;0;0;0
2011;582,00;"Menos de 200 camas";3;3;3;1;111;3;3;3;1;3;0;4;0;0;2;0;0
2011;743,00;"200 - 500 camas";15;2;14;1;455;15;2;12;0;13;3;38;0;0;20;0;0
2011;795,00;"Menos de 200 camas";0;0;5;0;110;0;0;5;0;1;0;0;0;0;0;0;0
2011;269,00;"Menos de 200 camas";0;0;3;0;24;0;0;3;0;1;0;0;0;0;0;0;0
2011;634,00;"200 - 500 camas";0;0;6;0;207;0;0;6;0;3;0;6;0;0;6;0;0
2011;1,00;"Menos de 200 camas";2;1;4;0;46;2;1;4;0;0;0;0;0;0;0;0;0
2011;717,00;"200 - 500 camas";8;2;5;0;201;8;2;4;0;4;0;7;15;0;8;0;0
2011;373,00;"Menos de 200 camas";0;0;0;0;138;0;0;0;0;1;0;0;0;0;0;0;0
2011;535,00;"Menos de 200 camas";2;2;5;0;150;2;2;5;0;5;2;3;20;0;0;15;0
2011;824,00;"Más de 1.000 camas";17;4;30;2;1100;17;4;25;2;50;7;113;12;0;27;8;0
2011;888,00;"Menos de 200 camas";2;1;3;0;90;2;1;3;0;3;0;0;0;0;0;0;0
2011;902,00;"Menos de 200 camas";0;0;1;0;19;0;0;1;0;1;0;0;0;0;0;0;0
2011;968,00;"Menos de 200 camas";0;0;0;0;35;0;0;0;0;0;0;0;0;0;0;0;0
2011;346,00;"200 - 500 camas";0;0;0;0;284;0;0;0;0;0;0;0;0;0;0;0;0
2011;27,00;"Menos de 200 camas";0;0;0;0;97;0;0;0;0;0;0;0;0;0;0;0;0
2011;165,00;"Menos de 200 camas";0;1;2;0;44;0;1;2;0;1;0;1;0;0;0;0;0
2011;956,00;"200 - 500 camas";12;2;12;0;478;9;2;9;0;10;0;16;10;0;0;24;0
2011;413,00;"Menos de 200 camas";0;0;0;0;53;0;0;0;0;0;0;0;0;0;0;0;0
2011;149,00;"Menos de 200 camas";0;0;3;0;66;0;0;3;0;1;0;0;0;0;16;0;0
2011;612,00;"Menos de 200 camas";1;3;7;1;186;1;3;7;1;9;0;0;0;0;0;0;0
2011;559,00;"Menos de 200 camas";0;0;4;0;92;0;0;4;0;3;0;0;0;0;0;0;0
2011;7,00;"Menos de 200 camas";0;0;5;0;113;0;0;5;0;1;0;0;0;0;0;0;0
2011;283,00;"Menos de 200 camas";0;0;8;1;167;0;0;8;1;6;0;0;0;0;0;0;0
2011;37,00;"Menos de 200 camas";0;0;0;0;42;0;0;0;0;0;0;0;0;0;0;0;0
2011;153,00;"Menos de 200 camas";0;0;5;0;177;0;0;5;0;7;0;0;0;0;0;0;0
2011;547,00;"200 - 500 camas";4;5;9;0;230;4;5;6;0;8;0;18;0;0;1;2;1
2011;397,00;"Menos de 200 camas";0;0;0;0;80;0;0;0;0;2;0;0;0;18;0;0;0
2011;556,00;"Menos de 200 camas";6;4;4;0;120;6;4;4;0;4;0;7;0;0;0;0;0
2011;42,00;"Menos de 200 camas";0;0;0;0;81;0;0;0;0;0;0;0;0;0;0;0;0
2011;31,00;"200 - 500 camas";0;0;0;0;241;0;0;0;0;0;0;0;0;40;0;0;0
2011;740,00;"501 - 1000 camas";40;8;26;1;816;40;8;22;1;14;4;38;45;0;32;0;0
2011;217,00;"Menos de 200 camas";0;0;3;0;62;0;0;3;0;1;0;0;0;0;0;0;0
2011;863,00;"Menos de 200 camas";2;1;3;0;26;1;1;2;0;1;0;0;0;0;0;0;0
2011;889,00;"501 - 1000 camas";0;0;22;3;744;0;0;14;3;14;8;64;0;0;0;23;4
2011;984,00;"Menos de 200 camas";0;0;5;0;139;0;0;5;0;3;0;0;0;0;0;0;0
2011;34,00;"Menos de 200 camas";0;0;0;0;59;0;0;0;0;0;0;0;0;0;0;0;0
2011;791,00;"Menos de 200 camas";2;1;5;0;120;0;1;5;0;3;0;0;0;0;0;0;0
2011;181,00;"Menos de 200 camas";0;0;0;0;78;0;0;0;0;1;0;0;0;0;0;0;0
2011;430,00;"Menos de 200 camas";0;0;1;0;14;0;0;1;0;1;0;0;0;0;0;0;0
2011;715,00;"501 - 1000 camas";0;2;12;1;443;0;2;12;1;12;0;13;0;0;0;0;0
2011;521,00;"Menos de 200 camas";0;0;3;0;72;0;0;3;0;4;0;0;0;0;0;0;0
2011;524,00;"Menos de 200 camas";2;1;9;1;192;2;1;9;1;2;0;5;0;0;0;6;2
2011;432,00;"Menos de 200 camas";0;0;2;0;18;0;0;2;0;1;0;0;0;0;0;0;0
2011;19,00;"Menos de 200 camas";3;1;2;0;24;3;1;2;0;0;0;0;0;0;0;0;0
2011;25,00;"Menos de 200 camas";0;0;0;0;47;0;0;0;0;0;0;0;0;0;0;0;0
2011;26,00;"Menos de 200 camas";0;0;0;0;55;0;0;0;0;0;0;0;0;0;0;0;0
2011;890,00;"501 - 1000 camas";18;2;17;1;572;18;2;17;1;21;4;48;20;0;0;15;0
2011;904,00;"Menos de 200 camas";0;1;3;0;92;0;1;3;0;3;0;2;0;0;0;0;0
2011;957,00;"Más de 1.000 camas";21;3;34;4;1200;21;3;34;4;22;4;82;20;0;22;30;2
2011;939,00;"501 - 1000 camas";32;3;26;2;970;32;3;26;2;19;1;20;15;0;0;37;5
2011;236,00;"Menos de 200 camas";0;1;5;0;99;0;1;5;0;0;0;15;0;0;15;0;0
2011;735,00;"501 - 1000 camas";38;3;22;1;794;38;3;22;1;8;6;62;45;0;0;10;2
2011;146,00;"200 - 500 camas";0;0;0;0;267;0;0;0;0;1;0;0;0;0;0;0;0
2011;363,00;"Menos de 200 camas";0;0;5;0;167;0;0;5;0;2;0;0;1;0;1;0;0
2011;187,00;"Menos de 200 camas";0;0;4;0;188;0;0;4;0;2;0;0;0;0;0;0;0
2011;265,00;"Menos de 200 camas";0;0;2;0;72;0;0;2;0;5;0;0;0;0;0;0;0
2011;295,00;"Menos de 200 camas";0;0;5;0;16;0;0;4;0;2;0;0;0;0;0;0;0
2011;496,00;"200 - 500 camas";4;2;5;1;162;2;2;3;1;3;0;0;0;0;0;0;0
2011;77,00;"Menos de 200 camas";0;0;0;0;99;0;0;0;0;0;0;0;0;0;0;0;0
2011;391,00;"Menos de 200 camas";0;0;2;0;32;0;0;2;0;1;0;0;0;0;0;0;0
2011;240,00;"Menos de 200 camas";1;1;4;1;162;1;1;4;1;1;0;0;0;0;0;0;0
2011;448,00;"Menos de 200 camas";0;1;2;0;38;0;1;2;0;1;0;0;0;0;0;0;0
2011;151,00;"Menos de 200 camas";0;0;0;0;142;0;0;0;0;1;0;0;0;0;0;0;0
2011;425,00;"Menos de 200 camas";3;1;2;0;22;0;1;2;0;1;0;0;0;0;0;0;0
2011;300,00;"Menos de 200 camas";0;0;2;0;49;0;0;2;0;2;0;0;0;0;0;0;0
2011;339,00;"Menos de 200 camas";1;1;5;1;49;0;1;5;1;3;0;0;0;0;0;0;0
2011;826,00;"Menos de 200 camas";0;0;0;0;85;0;0;0;0;0;0;0;0;0;0;0;0
2011;874,00;"Menos de 200 camas";3;2;5;0;198;3;2;5;0;6;1;2;0;0;0;0;0
2011;905,00;"501 - 1000 camas";18;4;20;2;733;18;4;16;2;7;3;42;55;0;16;0;4
2011;736,00;"501 - 1000 camas";22;3;31;2;844;22;3;23;2;13;0;39;40;0;46;0;0
2011;459,00;"Menos de 200 camas";0;0;2;0;30;0;0;2;0;1;0;0;0;0;0;0;0
2011;320,00;"Menos de 200 camas";0;0;3;0;127;0;0;3;0;1;0;0;0;1;0;8;3
2011;45,00;"200 - 500 camas";0;0;0;0;391;0;0;0;0;0;0;0;140;57;0;0;0
2011;292,00;"Menos de 200 camas";0;0;0;0;72;0;0;0;0;0;0;0;30;0;0;0;0
2011;618,00;"Menos de 200 camas";2;1;4;0;111;2;1;4;0;6;1;12;0;0;20;0;0
2011;463,00;"200 - 500 camas";0;2;10;0;237;0;0;7;0;6;3;39;15;0;22;0;0
2011;891,00;"Menos de 200 camas";0;3;7;0;93;0;3;7;0;3;0;0;0;0;0;0;0
2011;958,00;"200 - 500 camas";10;2;9;0;344;10;2;9;0;10;0;22;0;10;6;0;0
2011;244,00;"Menos de 200 camas";1;1;2;0;50;1;1;2;0;0;0;0;0;0;0;0;0
2011;28,00;"Menos de 200 camas";0;0;0;0;52;0;0;0;0;0;0;0;0;0;0;0;0
2011;444,00;"Menos de 200 camas";0;0;5;0;41;0;0;5;0;3;0;2;0;0;4;0;0
2011;479,00;"Menos de 200 camas";0;0;2;0;46;0;0;2;0;1;0;0;0;0;0;36;2
2011;285,00;"Menos de 200 camas";2;2;4;1;91;2;2;4;1;2;0;7;0;0;0;0;0
2011;253,00;"Menos de 200 camas";10;5;10;1;113;10;5;10;1;3;0;0;0;0;2;10;3
2011;481,00;"Menos de 200 camas";3;2;4;1;53;3;2;4;1;3;0;3;0;0;0;0;4
2011;540,00;"Menos de 200 camas";5;3;8;1;130;5;3;8;1;5;0;0;0;0;0;0;1
2011;332,00;"Menos de 200 camas";0;0;2;0;9;0;0;2;0;0;0;0;0;0;0;0;0
2011;41,00;"Menos de 200 camas";0;0;0;0;55;0;0;0;0;0;0;0;0;0;0;0;0
2011;510,00;"Menos de 200 camas";0;0;5;0;42;0;0;5;0;4;0;1;0;0;1;1;1
2011;305,00;"Menos de 200 camas";0;0;2;0;12;0;0;0;0;1;0;2;0;0;0;0;0
2011;708,00;"Menos de 200 camas";8;2;7;0;184;8;2;7;0;6;0;14;0;0;20;0;0
2011;755,00;"Más de 1.000 camas";58;4;51;3;1210;55;4;50;3;28;6;145;0;0;0;201;10
2011;750,00;"501 - 1000 camas";26;3;25;3;809;26;3;24;2;11;5;29;20;0;0;0;0
2011;696,00;"501 - 1000 camas";18;2;15;1;527;18;2;15;1;9;6;16;0;0;3;22;4
2011;434,00;"Menos de 200 camas";3;1;2;0;29;3;1;2;0;3;0;2;0;0;36;0;0
2011;421,00;"Menos de 200 camas";0;0;4;0;102;0;0;3;0;3;0;0;0;0;0;0;0
2011;827,00;"Menos de 200 camas";0;0;0;0;182;0;0;0;0;1;0;0;0;0;0;0;0
2011;933,00;"Menos de 200 camas";0;0;8;0;188;0;0;7;0;7;0;2;0;0;38;38;2
2011;1030,00;"Menos de 200 camas";7;5;18;1;96;7;2;10;1;1;0;5;0;0;0;0;0
2011;1003,00;"Menos de 200 camas";0;0;2;0;16;0;0;2;0;1;0;4;0;0;0;6;2
2011;1050,00;"Menos de 200 camas";0;0;1;0;8;0;0;1;0;3;0;6;0;0;0;2;1
2011;1043,00;"Menos de 200 camas";8;5;8;0;84;8;5;8;0;1;0;0;0;0;0;6;0
2011;934,00;"200 - 500 camas";6;4;7;0;319;5;4;6;0;7;0;15;0;0;0;12;0
2011;629,00;"200 - 500 camas";15;2;12;1;311;15;2;8;1;6;0;15;7;0;7;15;3
2011;21,00;"Menos de 200 camas";0;0;0;0;154;0;0;0;0;0;0;0;0;45;0;0;0
2011;615,00;"Menos de 200 camas";2;2;6;0;181;2;2;6;0;0;0;0;0;0;0;0;0
2011;626,00;"Menos de 200 camas";1;1;5;0;52;1;1;5;0;3;0;0;0;0;0;0;0
2011;417,00;"Menos de 200 camas";0;0;2;0;24;0;0;2;0;2;0;4;0;0;0;0;0
2011;597,00;"Menos de 200 camas";4;1;3;0;104;4;1;3;0;3;0;0;0;10;0;0;0
2011;539,00;"200 - 500 camas";9;7;10;0;313;9;7;6;0;20;0;68;0;20;0;22;0
2011;343,00;"Menos de 200 camas";1;1;3;0;47;1;1;3;0;4;0;0;0;0;0;0;0
2011;135,00;"200 - 500 camas";0;0;0;0;336;0;0;0;0;0;0;0;0;0;0;0;0
2011;158,00;"501 - 1000 camas";0;0;0;0;693;0;0;0;0;1;0;0;24;20;0;0;0
2011;775,00;"200 - 500 camas";6;6;6;0;166;6;6;6;0;4;0;15;0;0;0;4;1
2011;177,00;"200 - 500 camas";0;0;0;0;250;0;0;0;0;1;0;0;0;40;0;0;0
2011;578,00;"Menos de 200 camas";2;1;3;0;38;2;1;3;0;2;0;0;0;0;0;0;0
2011;416,00;"Menos de 200 camas";0;0;1;0;112;0;0;1;0;1;0;0;0;20;0;0;0
2011;561,00;"Menos de 200 camas";2;1;3;0;150;2;1;3;0;4;0;8;0;34;0;12;1
2011;828,00;"Menos de 200 camas";0;0;0;0;85;0;0;0;0;0;0;0;0;25;0;0;0
2011;860,00;"Menos de 200 camas";3;1;3;1;44;3;1;3;1;3;0;0;0;20;0;0;0
2011;935,00;"Menos de 200 camas";0;0;0;0;70;0;0;0;0;0;0;0;0;20;0;0;0
2011;936,00;"Menos de 200 camas";0;0;0;0;25;0;0;0;0;0;0;0;0;0;0;0;0
2011;986,00;"Menos de 200 camas";0;0;0;0;45;0;0;0;0;0;0;0;15;0;0;0;0
2011;987,00;"Menos de 200 camas";2;2;4;0;99;0;2;4;0;5;0;0;0;0;0;0;0
2011;1021,00;"Menos de 200 camas";0;0;0;0;40;0;0;0;0;0;0;0;0;0;0;0;0
2011;658,00;"200 - 500 camas";4;2;5;0;211;4;2;5;0;3;0;1;0;0;0;7;0
2011;353,00;"Menos de 200 camas";0;0;0;0;46;0;0;0;0;2;0;0;0;15;0;0;0
2011;323,00;"Menos de 200 camas";0;0;0;0;170;0;0;0;0;0;0;0;20;0;0;0;0
2011;620,00;"Menos de 200 camas";3;2;3;0;123;3;2;3;0;3;0;0;0;0;0;0;0
2011;384,00;"200 - 500 camas";0;0;1;0;199;0;0;1;0;1;0;3;0;0;0;0;0
2011;484,00;"Menos de 200 camas";0;0;3;0;127;0;0;3;0;1;0;3;25;0;0;0;0
2011;554,00;"200 - 500 camas";12;2;9;1;324;12;2;9;1;9;0;16;15;0;0;0;0
2011;209,00;"Menos de 200 camas";0;0;2;0;18;0;0;2;0;2;0;0;0;0;0;0;0
2011;707,00;"501 - 1000 camas";39;3;17;2;801;39;3;17;2;7;6;29;0;12;0;0;0
2011;395,00;"Menos de 200 camas";0;0;1;0;10;0;0;1;0;1;0;0;0;0;0;0;0
2011;969,00;"Menos de 200 camas";0;0;4;0;57;0;0;4;0;2;0;5;0;0;0;0;0
2011;1052,00;"Menos de 200 camas";0;0;0;0;30;0;0;0;0;0;0;0;0;0;0;0;0
2011;739,00;"Más de 1.000 camas";54;8;41;3;985;54;8;41;3;46;4;80;0;0;0;53;0
2011;613,00;"501 - 1000 camas";6;2;18;1;515;6;2;18;1;9;5;19;0;0;0;18;3
2011;593,00;"200 - 500 camas";0;0;10;0;287;0;0;10;0;6;4;17;0;0;18;0;0
2011;704,00;"501 - 1000 camas";22;3;16;1;555;22;3;16;1;9;4;41;0;0;24;0;0
2011;493,00;"Menos de 200 camas";0;0;6;0;33;0;0;6;0;2;0;0;0;0;0;30;0
2011;686,00;"501 - 1000 camas";8;1;26;2;484;8;1;26;2;5;0;46;0;0;12;10;3
2011;257,00;"Menos de 200 camas";12;3;12;1;184;12;3;12;1;2;0;0;0;0;0;0;0
2011;494,00;"Menos de 200 camas";0;0;7;0;52;0;0;4;0;1;0;0;0;0;0;0;0
2011;681,00;"Menos de 200 camas";0;0;8;0;121;0;0;8;0;2;0;33;0;0;0;0;0
2011;286,00;"Menos de 200 camas";10;2;11;1;156;6;2;11;1;3;0;0;0;0;0;0;0
2011;255,00;"Menos de 200 camas";2;1;7;1;73;2;1;7;1;3;0;9;0;0;11;3;0
2011;79,00;"Menos de 200 camas";0;0;0;0;80;0;0;0;0;0;0;0;0;0;0;0;0
2011;81,00;"Menos de 200 camas";0;0;0;0;74;0;0;0;0;0;0;0;0;0;0;0;0
2011;688,00;"200 - 500 camas";6;2;6;0;236;6;2;6;0;6;1;11;0;1;0;6;1
2011;531,00;"200 - 500 camas";7;2;8;0;233;7;2;8;0;6;2;23;0;0;0;8;1
2011;514,00;"Menos de 200 camas";0;1;3;0;47;0;1;3;0;3;0;2;0;0;0;8;0
2011;499,00;"200 - 500 camas";0;0;8;0;111;0;0;5;0;5;0;0;0;0;0;0;0
2011;532,00;"200 - 500 camas";4;2;11;0;242;4;2;11;0;7;1;15;0;0;0;23;1
2011;190,00;"Menos de 200 camas";0;0;0;0;158;0;0;0;0;2;0;0;0;0;0;0;0
2011;598,00;"Menos de 200 camas";4;1;3;0;83;4;1;3;0;5;0;8;0;0;6;0;0
2011;260,00;"200 - 500 camas";15;5;21;1;233;15;5;21;1;4;0;0;0;0;0;0;0
2011;838,00;"Menos de 200 camas";0;0;1;0;11;0;0;1;0;1;0;0;0;0;0;0;0
2011;839,00;"Menos de 200 camas";2;1;4;0;57;0;1;4;0;1;0;16;0;0;0;0;0
2011;851,00;"Menos de 200 camas";0;0;2;0;7;0;0;2;0;0;0;0;0;0;2;0;0
2011;852,00;"200 - 500 camas";4;5;14;1;301;4;5;14;1;10;4;15;1;0;0;30;3
2011;988,00;"Menos de 200 camas";0;0;0;0;125;0;0;0;0;1;0;20;20;0;0;0;0
2011;1056,00;"200 - 500 camas";7;2;10;1;230;7;2;10;1;4;4;24;0;0;5;0;0
2011;1044,00;"Menos de 200 camas";0;0;0;0;57;0;0;0;0;0;0;0;0;0;0;0;0
2011;644,00;"501 - 1000 camas";10;6;19;0;622;10;6;19;0;8;2;27;0;0;23;0;2
2011;752,00;"501 - 1000 camas";8;2;19;2;713;8;2;19;2;16;8;31;30;0;0;0;0
2011;238,00;"Menos de 200 camas";3;1;8;0;80;3;1;8;0;3;0;5;0;0;18;1;8
2011;325,00;"Menos de 200 camas";0;0;0;0;182;0;0;0;0;0;0;0;0;0;0;0;0
2011;622,00;"Menos de 200 camas";3;2;4;0;113;3;2;2;0;3;0;2;0;0;6;0;0
2011;879,00;"Menos de 200 camas";2;1;4;0;92;2;1;4;0;1;0;0;0;0;0;0;0
2011;906,00;"Menos de 200 camas";4;1;4;1;95;4;1;4;1;1;0;6;0;0;0;0;0
2011;370,00;"200 - 500 camas";0;0;0;0;190;0;0;0;0;2;0;0;0;0;0;0;0
2011;418,00;"Menos de 200 camas";0;0;3;0;44;0;0;3;0;2;0;0;0;0;0;0;0
2011;574,00;"Menos de 200 camas";0;0;2;0;23;0;0;2;0;2;0;0;0;0;0;0;0
2011;399,00;"Menos de 200 camas";0;0;5;0;77;0;0;5;0;1;0;2;0;0;2;2;1
2011;195,00;"Menos de 200 camas";0;0;3;0;40;0;0;3;0;1;0;0;0;0;0;0;0
2011;783,00;"501 - 1000 camas";12;3;15;1;682;12;3;15;1;10;20;30;1;0;1;17;1
2011;188,00;"Menos de 200 camas";0;2;6;1;129;0;2;6;1;5;0;14;0;0;5;5;1
2011;263,00;"Menos de 200 camas";1;2;4;0;78;1;2;4;0;1;0;11;0;0;1;0;1
2011;194,00;"Menos de 200 camas";0;0;3;0;30;0;0;2;0;1;0;0;0;0;0;0;0
2011;214,00;"Menos de 200 camas";0;0;1;0;29;0;0;1;0;1;0;0;0;0;0;0;1
2011;785,00;"501 - 1000 camas";27;8;33;1;889;27;8;33;1;21;9;101;10;0;21;0;1
2011;780,00;"Menos de 200 camas";0;0;6;0;104;0;0;6;0;2;2;15;0;0;15;0;1
2011;83,00;"Menos de 200 camas";0;0;0;0;155;0;0;0;0;0;0;0;0;0;0;0;0
2011;782,00;"200 - 500 camas";0;0;13;1;371;0;0;13;1;3;7;1;1;0;1;0;1
2011;369,00;"Menos de 200 camas";0;0;0;0;149;0;0;0;0;1;0;0;0;0;0;0;0
2011;84,00;"Menos de 200 camas";0;0;0;0;27;0;0;0;0;0;0;0;0;0;0;0;0
2011;713,00;"Menos de 200 camas";0;0;4;1;94;0;0;4;0;4;0;0;0;0;0;11;2
2011;85,00;"Menos de 200 camas";0;0;0;0;165;0;0;0;0;0;0;0;0;0;0;0;0
2011;86,00;"Menos de 200 camas";0;0;0;0;125;0;0;0;0;0;0;0;0;0;0;0;0
2011;941,00;"Menos de 200 camas";0;0;0;0;24;0;0;0;0;0;0;3;0;0;0;0;0
2011;1045,00;"Menos de 200 camas";6;2;11;1;110;6;1;11;1;2;0;1;0;0;1;6;1
2011;937,00;"501 - 1000 camas";4;3;14;0;504;4;3;10;0;13;0;27;8;0;0;34;0
2011;1004,00;"Menos de 200 camas";3;1;3;0;44;3;1;2;0;0;0;1;0;0;0;0;0
2011;737,00;"501 - 1000 camas";8;3;18;1;757;8;3;15;1;8;4;14;25;0;14;0;0
2011;765,00;"Más de 1.000 camas";29;3;35;2;1157;29;3;32;2;19;9;54;0;0;0;0;0
2011;329,00;"200 - 500 camas";0;0;7;0;227;0;0;6;0;3;5;6;12;0;12;0;0
2011;87,00;"200 - 500 camas";0;0;0;0;204;0;0;0;0;0;0;0;0;0;0;0;0
2011;527,00;"Menos de 200 camas";0;0;8;0;143;0;0;8;0;2;0;0;0;24;0;0;0
2011;562,00;"Menos de 200 camas";0;0;7;1;139;0;0;7;1;3;0;0;0;0;0;0;0
2011;251,00;"Menos de 200 camas";2;3;5;1;90;2;3;5;1;3;0;0;0;0;0;0;0
2011;129,00;"200 - 500 camas";0;0;0;0;280;0;0;0;0;0;0;0;0;0;0;0;0
2011;154,00;"Menos de 200 camas";0;0;0;0;168;0;0;0;0;1;0;0;0;25;0;0;0
2011;516,00;"Menos de 200 camas";4;1;8;1;113;4;1;8;1;2;0;7;0;0;0;0;0
2011;184,00;"Menos de 200 camas";2;1;4;0;42;2;1;4;0;1;0;0;0;0;0;0;0
2011;652,00;"200 - 500 camas";0;0;5;0;116;0;0;5;0;3;0;0;0;0;0;0;0
2011;637,00;"Menos de 200 camas";2;2;5;0;122;2;2;2;0;4;0;12;0;0;0;0;0
2011;88,00;"Menos de 200 camas";0;0;0;0;43;0;0;0;0;0;0;0;0;0;0;0;0
2011;907,00;"Menos de 200 camas";0;0;0;0;39;0;0;0;0;0;0;0;0;0;0;0;0
2011;970,00;"Menos de 200 camas";0;0;0;0;43;0;0;0;0;0;0;0;50;0;0;0;0
2011;1019,00;"Menos de 200 camas";0;0;2;0;17;0;0;2;0;2;0;0;0;0;0;0;0
2011;1016,00;"Menos de 200 camas";2;2;5;1;68;2;2;5;1;1;0;0;0;0;0;0;0
2011;1047,00;"200 - 500 camas";10;3;7;0;179;10;3;4;0;3;0;10;0;1;0;10;0
2011;635,00;"Menos de 200 camas";12;2;4;0;166;12;2;4;0;5;0;4;2;0;0;0;0
