"año";"NCODI";"acelerador_hospital";"acelerador_CEP";"acelerador_concertado";"angiografo_hospital";"angiografo_CEP";"angiografo_concertado";"bombas_hospital";"bombas_CEP";"bombas_concertado";"densiometros_hospital";"densiometros_CEP";"densiometros_concertado";"hemodialisis_hospital";"hemodialisis_CEP";"hemodialisis_concertado";"TAC_hospital";"TAC_CEP";"TAC_concertado";"PET_hospital";"PET_CEP";"PET_concertado";"RNM_hospital";"RNM_CEP";"RNM_concertado";"gammacamara_hospital";"gammacamara_CEP";"gammacamara_concertado";"litotriptor_hospital";"litotriptor_CEP";"litotriptor_concertado";"mamografos_hospital";"mamografos_CEP";"mamografos_concertado";"spect_hospital";"spect_CEP";"spect_concertado"
2011;1051,00;0;0;0;0;0;0;0;0;0;0;0;0;0;0;0;0;0;0;0;0;0;0;0;0;0;0;0;0;0;0;0;0;0;0;0;0
2011;1083,00;0;0;0;0;0;0;0;0;0;0;0;0;0;0;0;0;0;0;0;0;0;0;0;0;0;0;0;0;0;0;0;0;0;0;0;0
2011;679,00;0;0;0;1;0;0;0;0;0;0;0;0;34;0;0;3;0;0;0;0;0;2;0;0;0;0;0;0;0;0;2;0;0;0;0;0
2011;176,00;0;0;0;0;0;0;0;0;0;0;0;0;0;0;0;1;0;0;0;0;0;1;0;0;0;0;0;0;0;0;1;0;0;0;0;0
2011;537,00;0;0;0;0;0;0;0;0;0;0;0;0;0;0;0;1;0;0;0;0;0;2;0;0;0;0;0;0;0;0;1;0;0;0;0;0
2011;608,00;0;0;0;0;0;0;0;0;0;0;0;0;18;0;0;1;0;0;0;0;0;1;0;1;0;0;0;0;0;0;1;0;0;0;0;0
2011;596,00;0;0;0;0;0;0;0;0;0;0;0;0;0;0;0;1;0;0;0;0;0;0;0;0;0;0;0;0;0;0;1;0;0;0;0;0
2011;749,00;2;0;0;1;0;0;1;0;0;1;0;0;30;0;0;4;0;0;0;0;0;2;0;0;4;0;0;1;0;0;3;0;0;0;0;0
2011;758,00;2;0;0;2;0;0;0;0;0;2;0;0;31;0;0;5;0;0;1;0;0;4;0;0;4;0;0;1;0;0;3;1;0;0;0;0
2011;724,00;1;0;0;3;0;0;0;0;0;1;0;0;0;0;0;3;0;0;1;0;0;3;0;0;3;0;0;0;0;0;1;2;0;1;0;0
2011;436,00;0;0;0;0;0;0;0;0;0;0;0;0;0;0;0;0;1;0;0;0;0;0;0;0;0;0;0;0;0;0;1;1;0;0;0;0
2011;567,00;0;0;0;0;0;0;0;0;0;1;0;0;0;0;0;1;0;0;0;0;0;0;0;0;0;0;0;0;0;0;3;0;0;0;0;0
2011;677,00;1;0;0;2;0;0;0;0;0;1;0;0;27;0;0;3;0;0;0;0;0;2;0;0;0;0;0;0;0;0;1;0;0;1;0;0
2011;670,00;0;0;0;0;0;0;0;0;0;0;0;0;0;0;0;1;0;0;0;0;0;1;0;0;0;0;0;0;0;0;0;0;0;0;0;0
2011;588,00;0;0;0;0;0;0;0;0;0;0;0;0;0;0;0;1;0;0;0;0;0;0;0;0;1;0;0;0;0;0;1;0;0;0;0;0
2011;446,00;0;0;0;0;0;0;0;0;0;0;0;0;0;0;0;1;0;0;0;0;0;0;0;0;2;0;0;0;0;0;0;0;0;0;0;0
2011;753,00;4;0;0;2;0;0;0;0;0;2;0;0;28;0;0;5;0;0;1;0;0;3;0;0;2;0;0;1;0;0;2;1;0;1;0;0
2011;887,00;0;0;0;0;0;0;0;0;0;0;0;0;0;0;0;0;0;0;0;0;0;0;0;0;0;0;0;0;0;0;0;0;0;0;0;0
2011;388,00;0;0;0;0;0;0;0;0;0;0;0;0;0;0;0;0;0;0;0;0;0;0;0;0;0;0;0;0;0;0;0;0;0;1;0;0
2011;585,00;0;0;0;0;0;0;0;0;0;0;0;0;0;0;0;0;0;0;0;0;0;0;0;0;0;0;0;0;0;0;0;0;0;0;0;0
2011;245,00;0;0;0;0;0;0;0;0;0;1;0;0;0;0;0;1;0;0;0;0;0;3;0;0;0;0;0;0;0;0;2;0;0;0;0;0
2011;603,00;0;0;0;0;0;0;0;0;0;0;0;0;0;0;0;1;0;0;0;0;0;2;0;0;0;0;0;0;0;0;1;0;0;0;0;0
2011;426,00;0;0;0;0;0;0;0;0;0;0;0;0;0;0;0;1;0;1;0;0;0;1;0;1;0;0;0;0;0;0;2;0;2;0;0;0
2011;232,00;0;0;0;0;0;0;0;0;0;1;0;0;0;0;0;1;0;0;0;0;0;1;0;0;0;0;0;0;0;0;1;0;0;0;0;0
2011;487,00;0;0;0;0;0;0;0;0;0;1;0;0;0;0;0;1;0;0;0;0;0;0;0;0;0;0;0;0;0;0;1;0;0;0;0;0
2011;938,00;2;0;0;1;0;0;0;0;0;1;0;0;33;0;0;3;0;0;0;0;0;2;0;0;3;0;0;1;0;0;1;2;0;0;0;0
2011;886,00;0;0;0;0;0;0;0;0;0;1;0;0;0;0;0;2;0;0;0;0;0;1;0;1;0;0;0;0;0;0;1;0;0;0;0;0
2011;835,00;0;0;0;0;0;0;0;0;0;1;0;1;0;0;0;1;0;1;0;0;0;1;0;1;0;0;0;0;0;0;1;0;1;0;0;0
2011;999,00;0;0;0;0;0;0;0;0;0;0;0;0;0;0;0;0;0;0;0;0;0;0;0;0;0;0;0;0;0;0;0;0;0;0;0;0
2011;798,00;1;0;0;2;0;0;1;0;0;0;0;0;20;0;0;2;0;0;0;0;0;0;0;0;0;0;0;0;0;0;1;0;0;0;0;0
2011;504,00;0;0;0;1;0;0;0;0;0;0;0;0;0;0;0;1;0;0;0;0;0;1;0;0;0;0;0;0;0;0;1;0;0;0;0;0
2011;247,00;0;0;0;0;0;0;0;0;0;1;0;0;0;0;0;1;0;0;0;0;0;0;0;0;0;0;0;1;0;1;2;0;1;0;0;0
2011;216,00;0;0;0;0;0;0;0;0;0;1;0;0;0;0;0;1;0;0;0;0;0;1;0;0;0;0;0;0;0;0;1;0;0;0;0;0
2011;654,00;0;0;0;0;0;0;0;0;0;0;0;0;0;0;0;1;0;0;0;0;0;1;0;0;0;0;0;0;0;0;2;0;0;0;0;0
2011;65,00;0;0;0;0;0;0;0;0;0;0;0;0;0;0;0;0;0;0;0;0;0;0;0;0;0;0;0;0;0;0;0;0;0;0;0;0
2011;472,00;0;0;0;0;0;0;0;0;0;0;0;0;0;0;0;1;0;0;0;0;0;1;0;1;0;0;0;0;0;0;1;0;0;0;0;0
2011;427,00;0;0;0;0;0;0;0;0;0;0;0;0;0;0;0;0;0;0;0;0;0;0;0;0;0;0;0;0;0;0;0;0;0;0;0;0
2011;491,00;0;0;0;0;0;0;0;0;0;0;0;0;10;0;0;1;0;0;0;0;0;0;0;0;0;0;0;0;0;0;1;0;0;0;0;0
2011;551,00;0;0;0;0;0;0;0;0;0;0;0;0;0;0;0;1;0;0;0;0;0;0;0;0;0;0;0;0;0;0;1;0;0;0;0;0
2011;106,00;0;0;0;0;0;0;0;0;0;0;0;0;0;0;0;0;0;0;0;0;0;0;0;0;0;0;0;0;0;0;0;0;0;0;0;0
2011;819,00;0;0;0;0;0;0;0;0;0;0;0;0;0;0;0;0;0;0;0;0;0;0;0;0;0;0;0;0;0;0;0;0;0;0;0;0
2011;836,00;0;0;0;0;0;0;0;0;0;0;0;0;0;0;0;0;0;0;0;0;0;0;0;0;0;0;0;0;0;0;0;0;0;0;0;0
2011;915,00;0;0;0;0;0;0;0;0;0;0;0;0;0;0;0;0;0;0;0;0;0;0;0;0;0;0;0;0;0;0;0;0;0;0;0;0
2011;942,00;0;0;0;0;0;0;0;0;0;0;0;0;0;0;0;0;0;0;0;0;0;0;0;0;0;0;0;0;0;0;0;0;0;0;0;0
2011;748,00;2;0;0;2;1;0;0;0;0;1;1;0;22;0;0;2;1;1;1;0;0;1;1;1;2;0;0;1;0;0;3;0;0;2;0;0
2011;198,00;0;0;0;0;0;0;0;0;0;0;0;0;0;0;0;0;0;0;0;0;0;0;0;0;0;0;0;0;0;0;0;0;0;0;0;0
2011;871,00;0;0;0;0;0;0;0;0;0;1;0;0;17;0;0;1;0;1;0;0;0;0;0;0;0;0;0;0;0;0;1;0;0;0;0;0
2011;948,00;0;0;0;0;0;0;0;0;0;1;0;0;0;0;0;1;0;0;0;0;0;1;0;0;0;0;0;0;0;0;1;0;0;0;0;0
2011;288,00;0;0;0;0;0;0;0;0;0;0;0;0;0;0;0;1;0;0;0;0;0;2;0;0;0;0;0;1;0;0;1;0;0;0;0;0
2011;246,00;0;0;0;0;0;0;0;0;0;0;0;0;17;0;0;1;0;0;0;0;0;1;0;0;0;0;0;0;0;0;1;0;0;0;0;0
2011;284,00;2;0;0;0;0;0;0;0;0;0;0;0;10;0;0;1;0;0;0;0;0;2;0;0;0;0;0;0;0;0;1;0;0;0;0;0
2011;18,00;0;0;0;0;0;0;0;0;0;0;0;0;0;0;0;0;0;0;0;0;0;0;0;0;0;0;0;0;0;0;0;0;0;0;0;0
2011;356,00;0;0;0;0;0;0;0;0;0;0;0;0;0;0;0;0;0;0;0;0;0;0;0;0;0;0;0;0;0;0;0;0;0;0;0;0
2011;401,00;0;0;0;0;0;0;0;0;0;0;0;0;0;0;0;0;0;0;0;0;0;0;0;0;0;0;0;0;0;0;0;0;0;0;0;0
2011;733,00;2;0;0;1;0;0;0;0;0;1;1;0;24;0;0;2;2;0;0;0;0;2;2;0;2;0;0;1;0;0;1;2;0;0;0;0
2011;243,00;0;0;0;0;0;0;0;0;0;0;0;0;0;0;0;1;0;0;0;0;0;1;0;0;0;0;0;0;0;0;1;0;0;0;0;0
2011;380,00;0;0;0;0;0;0;0;0;0;0;0;0;0;0;0;0;0;0;0;0;0;0;0;0;0;0;0;0;0;0;0;0;0;0;0;0
2011;716,00;0;0;0;1;0;0;0;0;0;1;0;0;12;0;0;1;0;0;0;0;0;2;0;0;0;0;0;0;0;0;1;0;0;0;0;0
2011;534,00;0;0;0;1;0;0;0;0;0;1;0;0;0;0;0;1;0;0;0;0;0;3;0;0;1;0;0;0;0;0;1;0;0;0;0;0
2011;185,00;0;0;0;0;0;0;0;0;0;1;0;0;0;0;0;1;0;0;0;0;0;1;0;0;0;0;0;2;0;0;1;0;0;0;0;0
2011;258,00;1;0;0;1;0;0;0;0;0;0;0;0;0;0;0;2;0;0;1;0;0;2;0;0;0;0;0;1;0;0;1;0;0;0;0;0
2011;505,00;0;0;0;0;0;0;0;0;0;1;0;0;29;0;0;1;0;0;0;0;0;1;0;0;0;0;0;0;0;0;2;0;0;0;0;0
2011;268,00;0;0;0;2;0;0;0;0;0;1;0;0;10;0;10;1;0;1;0;0;0;2;0;2;0;0;0;0;0;0;1;0;0;0;0;0
2011;602,00;3;0;0;1;0;0;0;0;0;1;0;0;1;0;0;3;0;0;1;0;0;3;0;0;2;0;0;0;0;0;2;0;0;0;0;0
2011;254,00;2;0;0;1;0;0;0;0;0;1;0;0;0;0;0;1;0;0;1;0;0;4;0;0;2;0;0;1;0;0;1;0;0;0;0;0
2011;705,00;0;0;0;1;0;0;0;0;0;0;0;0;0;0;0;1;0;0;0;0;0;2;0;0;0;0;0;0;0;0;1;0;0;0;0;0
2011;133,00;0;0;0;0;0;0;0;0;0;0;0;0;0;0;0;0;0;0;0;0;0;0;0;0;0;0;0;0;0;0;1;0;0;0;0;0
2011;33,00;0;0;0;0;0;0;0;0;0;0;0;0;0;0;0;0;0;0;0;0;0;0;0;0;0;0;0;0;0;0;0;0;0;0;0;0
2011;143,00;0;0;0;0;0;0;0;0;0;0;0;0;0;0;0;0;0;0;1;0;0;0;0;0;0;0;0;0;0;0;0;0;0;0;0;0
2011;36,00;0;0;0;0;0;0;0;0;0;0;0;0;0;0;0;0;0;0;0;0;0;0;0;0;0;0;0;0;0;0;0;0;0;0;0;0
2011;756,00;2;0;0;1;0;0;0;0;0;1;0;0;19;0;0;2;0;0;0;0;0;2;0;0;0;0;0;1;0;0;1;0;0;2;0;0
2011;662,00;0;0;0;0;0;0;0;0;0;1;0;0;28;0;0;2;1;0;0;0;0;1;1;0;0;0;0;0;0;0;1;1;0;0;0;0
2011;192,00;0;0;0;0;0;0;0;0;0;0;0;0;0;0;0;0;0;0;0;0;0;0;0;0;0;0;0;0;0;0;0;0;0;0;0;0
2011;382,00;0;0;0;0;0;0;0;0;0;0;0;0;0;0;0;0;0;0;0;0;0;0;0;0;0;0;0;0;0;0;0;0;0;0;0;0
2011;322,00;0;0;0;0;0;0;0;0;0;0;0;0;0;0;0;0;0;0;0;0;0;0;0;0;0;0;0;0;0;0;0;0;0;0;0;0
2011;478,00;0;0;0;0;0;0;0;0;0;0;0;0;0;0;0;1;0;0;0;0;0;2;0;0;0;0;0;0;0;0;0;0;0;0;0;0
2011;352,00;0;0;0;0;0;0;0;0;0;0;0;0;0;0;0;0;0;0;0;0;0;0;0;0;0;0;0;0;0;0;0;0;0;0;0;0
2011;628,00;0;0;0;1;0;0;0;0;0;0;0;0;52;0;0;2;0;0;0;0;0;1;0;0;0;0;0;0;0;0;2;0;0;0;0;0
2011;291,00;0;0;0;0;0;0;0;0;0;0;0;0;0;0;0;0;0;0;0;0;0;0;0;0;0;0;0;0;0;0;0;0;0;0;0;0
2011;495,00;0;0;0;0;0;0;0;0;0;0;0;0;0;0;0;1;0;0;0;0;0;1;0;0;0;0;0;0;0;0;0;0;0;0;0;0
2011;845,00;0;0;0;0;0;0;0;0;0;0;0;0;0;0;0;1;0;0;0;0;0;2;0;0;0;0;0;0;0;0;2;0;0;0;0;0
2011;498,00;0;0;0;0;0;0;0;0;0;0;0;0;0;0;0;1;0;0;0;0;0;1;0;0;0;0;0;0;0;0;1;0;0;0;0;0
2011;314,00;0;0;0;0;0;0;0;0;0;0;0;0;0;0;0;0;0;0;0;0;0;0;0;0;0;0;0;0;0;0;0;0;0;0;0;0
2011;720,00;0;0;0;0;0;0;0;0;0;0;0;0;0;0;0;1;0;0;0;0;0;2;0;0;0;0;0;0;0;0;1;0;0;0;0;0
2011;721,00;0;0;0;2;0;0;0;0;0;0;0;0;25;0;0;2;0;0;1;0;0;2;0;0;0;0;0;0;0;0;2;0;0;2;0;0
2011;485,00;0;0;0;0;0;0;0;0;0;0;0;0;0;0;0;0;0;0;0;0;0;0;0;0;0;0;0;0;0;0;0;0;0;0;0;0
2011;273,00;0;0;0;2;0;0;0;0;0;0;0;0;0;0;0;2;0;0;0;0;0;2;0;0;0;0;0;0;0;0;1;0;0;0;0;0
2011;846,00;0;0;0;1;0;0;0;0;0;2;0;0;37;0;0;2;0;0;0;0;0;2;0;0;1;0;0;1;0;0;1;0;0;0;0;0
2011;847,00;0;0;0;0;0;0;0;0;0;0;0;0;0;0;0;1;0;0;0;0;0;3;0;0;1;0;0;0;0;0;0;0;0;0;0;0
2011;848,00;0;0;0;1;0;0;0;0;0;1;0;0;0;0;0;1;0;0;0;0;0;3;0;0;0;0;0;1;0;0;1;0;0;0;0;0
2011;864,00;0;0;0;0;0;0;0;0;0;0;0;0;0;0;0;0;0;0;0;0;0;0;0;0;0;0;0;0;0;0;0;0;0;0;0;0
2011;916,00;2;0;0;0;0;0;0;0;0;0;0;0;1;0;0;1;0;0;1;0;1;1;0;0;1;0;1;0;0;0;1;0;0;0;0;0
2011;930,00;0;0;0;1;0;0;0;0;0;1;0;0;0;0;0;1;0;0;0;0;0;2;0;0;0;0;0;0;0;0;1;0;0;0;0;0
2011;954,00;2;0;0;1;0;0;0;0;0;0;0;0;0;0;0;1;0;0;1;0;0;2;0;0;1;0;0;0;0;0;1;0;0;1;0;0
2011;943,00;0;0;0;0;0;0;0;0;0;0;0;0;0;0;0;1;0;0;0;0;0;2;0;1;0;0;0;0;0;0;1;0;1;0;0;0
2011;949,00;2;0;0;3;0;0;0;0;0;3;0;0;37;0;0;5;0;0;1;0;0;3;0;0;3;0;0;1;0;0;3;1;0;1;0;0
2011;980,00;0;0;0;1;0;0;0;0;0;1;0;0;0;0;0;1;0;0;1;0;0;2;0;0;0;0;0;1;0;0;1;0;0;2;0;0
2011;981,00;0;0;0;0;0;0;0;0;0;1;0;0;0;0;0;1;0;0;0;0;0;2;0;0;0;0;0;0;0;0;1;0;0;0;0;0
2011;1024,00;1;0;0;1;0;0;0;0;0;1;0;0;0;0;0;1;0;0;1;0;0;3;0;0;1;0;0;0;0;0;1;0;0;1;0;0
2011;1017,00;0;0;0;0;0;0;0;0;0;0;0;0;0;0;0;0;0;0;0;0;0;0;0;0;0;0;0;0;0;0;0;0;0;0;0;0
2011;1000,00;3;0;0;1;0;0;0;0;0;1;0;0;1;0;0;2;0;0;1;0;0;2;0;0;1;0;0;0;0;0;1;0;0;1;0;0
2011;1018,00;0;0;0;1;0;0;0;0;0;1;0;0;16;0;0;1;0;0;0;0;0;1;0;0;0;0;0;0;0;0;1;0;0;0;0;0
2011;1001,00;0;0;0;1;0;0;0;0;0;1;0;0;0;0;0;1;0;0;0;0;0;1;0;0;0;0;0;0;0;0;1;0;0;0;0;0
2011;1007,00;0;0;0;0;0;0;0;0;0;1;0;0;21;0;0;1;0;0;0;0;0;2;0;0;0;0;0;0;0;0;1;0;0;0;0;0
2011;1008,00;0;0;0;0;0;0;0;0;0;0;0;0;8;0;0;1;0;0;0;0;0;1;0;0;0;0;0;0;0;0;1;0;0;0;0;0
2011;1009,00;0;0;0;0;0;0;0;0;0;1;0;0;24;0;0;1;0;0;0;0;0;1;0;0;0;0;0;0;0;0;1;0;0;0;0;0
2011;1010,00;0;0;0;0;0;0;0;0;0;0;0;0;15;0;0;1;0;0;0;0;0;1;0;0;0;0;0;0;0;0;1;0;0;0;0;0
2011;1011,00;0;0;0;1;0;0;0;0;0;0;0;0;8;0;0;1;0;0;0;0;0;1;0;0;0;0;0;0;0;0;1;0;0;0;0;0
2011;1012,00;0;0;0;0;0;0;0;0;0;0;0;0;16;0;0;1;0;0;0;0;0;1;0;0;0;0;0;0;0;0;1;0;0;0;0;0
2011;1013,00;4;0;0;3;0;0;0;0;0;1;0;0;22;0;0;3;0;0;1;0;0;3;0;0;4;0;0;1;0;0;2;0;0;0;0;0
2011;1041,00;0;0;0;0;0;0;0;0;0;0;0;0;0;0;0;0;0;0;0;0;0;0;0;0;0;0;0;0;0;0;0;0;0;0;0;0
2011;1073,00;0;0;0;0;0;0;0;0;0;1;0;0;0;0;0;2;0;0;0;0;0;1;0;0;0;0;0;0;0;0;1;0;0;0;0;0
2011;789,00;0;0;0;0;0;0;0;0;0;0;0;0;0;0;0;0;0;0;0;0;0;0;0;0;0;0;0;0;0;0;0;0;0;0;0;0
2011;326,00;0;0;0;0;0;0;0;0;0;0;0;0;0;0;0;0;0;0;0;0;0;0;0;0;0;0;0;0;0;0;0;0;0;0;0;0
2011;442,00;1;0;0;0;0;0;0;0;0;1;0;0;0;0;0;1;0;0;0;0;0;1;0;0;1;0;0;1;0;0;1;0;0;0;0;0
2011;294,00;0;0;0;0;0;0;0;0;0;0;0;0;0;0;0;2;0;0;0;0;0;1;0;0;0;0;0;1;0;0;1;0;0;0;0;0
2011;378,00;0;0;0;0;0;0;0;0;0;0;0;0;0;0;0;1;0;0;0;0;0;0;0;0;0;0;0;1;0;0;0;0;0;0;0;0
2011;402,00;0;0;0;0;0;0;0;0;0;0;0;0;0;0;0;1;0;0;0;0;0;1;0;0;0;0;0;0;0;0;1;0;0;0;0;0
2011;29,00;0;0;0;0;0;0;0;0;0;0;0;0;0;0;0;0;0;0;0;0;0;0;0;0;0;0;0;0;0;0;0;0;0;0;0;0
2011;450,00;0;0;0;0;0;0;0;0;0;0;0;0;0;0;0;0;0;0;0;0;0;0;0;0;0;0;0;0;0;0;0;0;0;0;0;0
2011;656,00;0;0;0;0;0;0;0;0;0;0;0;0;0;0;0;1;0;0;0;0;0;0;0;0;0;0;0;0;0;0;1;0;0;0;0;0
2011;333,00;0;0;0;0;0;0;0;0;0;0;0;0;16;0;0;1;0;0;0;0;0;2;0;0;0;0;0;0;0;0;1;0;0;0;0;0
2011;668,00;0;0;0;0;0;0;0;0;0;0;0;0;7;0;0;1;0;0;0;0;0;0;0;0;0;0;0;0;0;0;1;0;0;0;0;0
2011;684,00;0;0;0;0;0;0;0;0;0;0;0;0;0;0;0;1;0;0;0;0;0;0;0;0;0;0;0;0;0;0;2;0;0;0;0;0
2011;422,00;0;0;0;1;0;0;0;0;0;0;0;0;12;0;0;1;0;0;0;0;0;1;0;0;0;0;0;1;0;0;1;0;0;0;0;0
2011;763,00;3;0;0;2;0;0;0;0;0;3;0;0;58;0;0;5;0;0;0;0;0;2;0;0;0;0;0;1;0;0;2;0;0;4;0;0
2011;741,00;2;0;0;1;0;0;0;0;0;1;0;0;3;0;0;4;0;0;0;0;0;1;0;0;2;0;0;0;0;0;1;1;0;0;0;0
2011;553,00;0;0;0;1;0;0;0;0;0;0;0;0;22;0;0;2;0;0;0;0;0;1;0;0;0;0;0;0;0;0;1;0;0;0;0;0
2011;357,00;0;0;0;0;0;0;0;0;0;0;0;0;0;0;0;0;0;0;0;0;0;0;0;0;0;0;0;0;0;0;1;0;0;0;0;0
2011;899,00;0;0;0;0;0;0;0;0;0;0;0;0;0;0;0;0;0;0;0;0;0;0;0;0;0;0;0;0;0;0;0;0;0;0;0;0
2011;900,00;0;0;0;0;0;0;0;0;0;0;0;0;0;0;0;1;0;0;0;0;0;0;0;0;0;0;0;0;0;0;1;0;0;0;0;0
2011;932,00;0;0;0;0;0;0;0;0;0;0;0;0;0;0;0;0;0;0;0;0;0;0;0;0;0;0;0;0;0;0;0;0;0;0;0;0
2011;950,00;0;0;0;0;0;0;0;0;0;1;0;0;0;0;0;1;0;0;0;0;0;1;0;0;0;0;0;0;0;0;1;0;0;0;0;0
2011;966,00;0;0;0;1;0;0;0;0;0;1;0;0;0;0;0;1;0;0;0;0;0;1;0;0;0;0;0;0;0;0;1;0;0;0;0;0
2011;967,00;0;0;0;0;0;0;0;0;0;0;0;0;0;0;0;0;0;0;0;0;0;0;0;0;0;0;0;0;0;0;0;0;0;0;0;0
2011;982,00;1;0;0;1;0;0;0;0;0;0;0;0;5;0;0;1;0;0;1;0;0;1;0;0;1;0;0;0;0;0;1;0;0;1;0;0
2011;1014,00;0;0;0;0;0;0;0;0;0;0;0;0;0;0;0;1;0;0;0;0;0;0;0;0;0;0;0;0;0;0;1;0;0;0;0;0
2011;1048,00;0;0;0;0;0;0;0;0;0;0;0;0;0;0;0;0;0;0;0;0;0;0;0;0;0;0;0;0;0;0;0;0;0;0;0;0
2011;1080,00;0;0;0;0;0;0;0;0;0;1;0;0;0;0;0;1;0;0;0;0;0;1;0;0;0;0;0;0;0;0;1;0;0;0;0;0
2011;722,00;3;0;0;3;0;0;0;0;0;0;0;0;32;0;0;3;0;0;1;0;0;2;0;0;1;0;0;0;0;0;2;0;0;3;0;0
2011;660,00;0;0;0;1;0;0;0;0;0;0;0;0;31;0;0;2;0;0;0;0;0;1;0;0;0;0;0;0;0;0;1;0;0;0;0;0
2011;75,00;0;0;0;0;0;0;0;0;0;0;0;0;0;0;0;0;0;0;0;0;0;0;0;0;0;0;0;0;0;0;0;0;0;0;0;0
2011;249,00;0;0;0;1;0;1;0;0;0;1;0;0;0;0;0;1;0;1;0;0;0;1;0;0;0;0;0;0;0;0;0;0;0;0;0;0
2011;275,00;0;0;0;0;0;0;0;0;0;0;0;0;0;0;0;0;0;0;0;0;0;0;0;0;0;0;0;1;0;0;0;0;0;1;0;0
2011;227,00;0;0;0;0;0;0;0;0;0;1;0;0;0;0;0;1;0;0;0;0;0;1;0;0;0;0;0;0;0;0;1;0;0;0;0;0
2011;150,00;0;0;0;0;0;0;0;0;0;0;0;0;0;0;0;0;0;0;0;0;0;2;0;0;0;0;0;0;0;0;0;0;0;0;0;0
2011;47,00;0;0;0;0;0;0;0;0;0;0;0;0;0;0;0;0;0;0;0;0;0;0;0;0;0;0;0;0;0;0;0;0;0;0;0;0
2011;172,00;0;0;0;0;0;0;0;0;0;0;0;0;0;0;0;1;0;1;0;0;0;1;0;1;0;0;0;0;0;0;0;0;0;0;0;0
2011;581,00;0;0;0;0;0;0;0;0;0;0;0;0;0;0;0;1;0;0;0;0;0;0;0;0;0;0;0;0;0;0;1;0;0;0;0;0
2011;120,00;0;0;0;0;0;0;0;0;0;0;0;0;0;0;0;0;0;0;0;0;0;0;0;0;0;0;0;0;0;0;0;0;0;0;0;0
2011;445,00;0;0;0;0;0;0;0;0;0;1;0;0;0;0;0;1;0;0;0;0;0;1;0;0;0;0;0;0;0;0;1;0;0;0;0;0
2011;471,00;0;0;0;0;0;0;0;0;0;0;0;0;0;0;0;0;0;0;0;0;0;1;0;0;0;0;0;0;0;0;0;0;0;0;0;0
2011;53,00;0;0;0;0;0;0;0;0;0;0;0;0;0;0;0;0;0;0;0;0;0;0;0;0;0;0;0;0;0;0;0;0;0;0;0;0
2011;199,00;0;0;0;0;0;0;0;0;0;0;0;0;0;0;0;1;0;0;0;0;0;1;0;0;0;0;0;0;0;0;1;0;0;0;0;0
2011;575,00;0;0;0;0;0;0;0;0;0;0;0;0;0;0;0;2;0;0;0;0;0;1;0;0;0;0;0;0;0;0;1;0;0;0;0;0
2011;528,00;0;0;0;0;0;0;0;0;0;0;0;0;0;0;0;1;0;0;0;0;0;0;0;0;0;0;0;0;0;0;1;0;0;0;0;0
2011;631,00;0;0;0;0;0;0;0;0;0;0;0;0;13;0;0;1;0;0;0;0;0;0;0;0;0;0;0;0;0;0;1;0;0;0;0;0
2011;699,00;0;0;0;0;0;0;0;0;0;0;0;0;0;0;0;2;0;0;0;0;0;1;0;0;0;0;0;0;0;0;1;0;0;0;0;0
2011;823,00;0;0;0;0;0;0;0;0;0;0;0;0;0;0;0;0;0;0;0;0;0;0;0;0;0;0;0;0;0;0;0;0;0;0;0;0
2011;849,00;0;0;0;0;0;0;0;0;0;0;0;0;1;0;0;1;0;0;0;0;0;1;0;0;0;0;0;0;0;0;1;0;0;0;0;0
2011;869,00;0;0;0;0;0;0;0;0;0;1;0;0;0;0;0;1;0;0;0;0;0;1;0;0;0;0;0;0;0;0;1;0;0;0;0;0
2011;955,00;0;0;0;0;0;0;0;0;0;0;0;0;0;0;0;0;0;0;0;0;0;0;0;0;0;0;0;0;0;0;0;0;0;0;0;0
2011;983,00;0;0;0;0;0;0;0;0;0;0;0;0;0;0;0;0;0;0;0;0;0;0;0;0;0;0;0;0;0;0;0;0;0;0;0;0
2011;1002,00;0;0;0;0;0;0;0;0;0;0;0;0;0;0;0;0;0;0;0;0;0;0;0;0;0;0;0;0;0;0;0;0;0;0;0;0
2011;1015,00;2;0;0;6;0;0;0;0;0;0;0;0;22;0;0;4;0;0;1;0;0;3;0;0;1;0;0;0;0;0;2;0;0;1;0;0
2011;51,00;0;0;0;0;0;0;0;0;0;0;0;0;0;0;0;0;0;0;0;0;0;0;0;0;0;0;0;0;0;0;0;0;0;0;0;0
2011;441,00;0;0;0;0;0;0;0;0;0;0;0;0;0;0;0;0;0;0;0;0;0;0;0;0;0;0;0;0;0;0;0;0;0;0;0;0
2011;327,00;0;0;0;0;0;0;0;0;0;0;0;0;0;0;0;0;0;0;0;0;0;0;0;0;0;0;0;0;0;0;0;0;0;0;0;0
2011;690,00;3;0;0;2;0;0;0;0;0;1;0;0;13;0;0;3;0;0;2;0;0;3;0;0;0;0;0;1;0;0;1;0;0;2;0;0
2011;262,00;0;0;0;0;0;0;0;0;0;1;0;1;0;0;0;1;0;1;0;0;0;1;0;1;0;0;0;0;0;0;1;0;1;0;0;0
2011;403,00;0;0;0;0;0;0;0;0;0;0;0;0;0;0;0;0;0;0;0;0;0;0;0;0;0;0;0;0;0;0;0;0;0;0;0;0
2011;312,00;0;0;0;0;0;0;0;0;0;0;0;0;0;0;0;0;0;0;0;0;0;0;0;0;0;0;0;0;0;0;0;0;0;0;0;0
2011;589,00;0;0;0;0;0;0;0;0;0;0;0;0;0;0;0;1;0;0;0;0;0;0;0;0;0;0;0;0;0;0;1;0;0;0;0;0
2011;665,00;0;0;0;0;0;0;0;0;0;0;0;0;12;0;0;1;0;0;0;0;0;0;0;0;0;0;0;0;0;0;1;0;0;0;0;0
2011;334,00;0;0;0;0;0;0;0;0;0;0;0;0;0;0;0;0;0;0;0;0;0;0;0;0;0;0;0;0;0;0;0;0;0;0;0;0
2011;1075,00;3;0;0;1;0;0;0;0;0;0;0;0;82;0;0;5;0;0;0;0;0;2;0;0;2;0;0;1;0;0;2;0;0;0;0;0
2011;751,00;2;0;0;2;0;0;0;0;0;1;0;0;18;0;0;3;0;0;0;0;0;1;0;0;2;0;0;0;0;0;2;0;0;1;0;0
2011;186,00;0;0;0;0;0;0;0;0;0;1;0;0;0;0;0;1;0;0;0;0;0;1;0;0;0;0;0;0;0;0;1;0;0;0;0;0
2011;646,00;0;0;0;0;0;0;0;0;0;0;0;0;0;0;0;1;0;0;0;0;0;3;0;3;0;0;0;0;0;0;1;0;0;0;0;0
2011;536,00;0;0;0;0;0;0;0;0;0;0;0;0;8;0;0;1;0;0;0;0;0;0;0;0;0;0;0;0;0;0;1;0;0;0;0;0
2011;242,00;0;0;0;0;0;0;0;0;0;1;0;1;0;0;0;1;0;0;0;0;0;2;0;0;0;0;0;0;0;0;1;0;0;0;0;0
2011;490,00;0;0;0;0;0;0;0;0;0;0;0;0;0;0;0;0;0;0;0;0;0;0;0;0;0;0;0;0;0;0;2;0;0;0;0;0
2011;500,00;1;0;0;0;0;0;0;0;0;1;0;1;0;0;0;1;0;1;1;0;1;2;0;2;1;0;1;0;0;0;1;0;1;1;0;1
2011;206,00;0;0;0;0;0;0;0;0;0;1;0;0;0;0;0;1;0;0;0;0;0;1;0;0;0;0;0;0;0;0;1;0;0;0;0;0
2011;58,00;0;0;0;0;0;0;0;0;0;0;0;0;0;0;0;0;0;0;0;0;0;0;0;0;0;0;0;0;0;0;0;0;0;0;0;0
2011;572,00;0;0;0;0;0;0;0;0;0;0;0;0;19;0;0;1;0;0;0;0;0;1;0;0;0;0;0;0;0;0;1;0;0;0;0;0
2011;180,00;0;0;0;0;0;0;0;0;0;0;0;0;0;0;0;0;0;0;0;0;0;0;0;0;0;0;0;0;0;0;1;0;1;0;0;0
2011;549,00;0;0;0;0;0;0;0;0;0;0;0;0;4;0;0;1;0;0;0;0;0;0;0;0;0;0;0;0;0;0;1;0;0;0;0;0
2011;582,00;0;0;0;0;0;0;0;0;0;0;0;0;6;0;0;1;0;0;0;0;0;0;0;0;0;0;0;0;0;0;1;0;0;0;0;0
2011;743,00;0;0;0;1;0;0;0;0;0;0;0;0;18;0;0;2;0;0;0;0;0;1;0;0;0;0;0;0;0;0;1;0;0;0;0;0
2011;795,00;0;0;0;0;0;0;0;0;0;0;0;0;13;0;0;0;0;0;0;0;0;0;0;0;0;0;0;0;0;0;2;0;0;0;0;0
2011;269,00;0;0;0;0;0;0;0;0;0;0;0;0;0;0;0;0;0;0;0;0;0;1;0;0;0;0;0;0;0;0;0;0;0;0;0;0
2011;634,00;2;0;0;0;0;0;0;0;0;0;0;0;0;0;0;1;0;0;0;0;0;1;0;0;0;0;0;0;0;0;1;0;0;0;0;0
2011;1,00;0;0;0;0;0;0;0;0;0;0;0;0;0;0;0;0;0;0;0;0;0;0;0;0;0;0;0;0;0;0;1;0;0;0;0;0
2011;717,00;0;0;0;0;0;0;0;0;0;0;0;0;9;0;0;1;0;0;0;0;0;1;0;0;0;0;0;0;0;0;1;0;0;0;0;0
2011;373,00;0;0;0;0;0;0;0;0;0;0;0;0;0;0;0;0;0;0;0;0;0;0;0;0;0;0;0;0;0;0;1;0;0;0;0;0
2011;535,00;0;0;0;0;0;0;0;0;0;0;0;0;0;0;0;1;0;0;0;0;0;1;0;0;0;0;0;0;0;0;1;0;0;0;0;0
2011;824,00;3;0;0;2;0;0;1;0;0;1;0;0;36;0;0;4;0;0;0;0;0;2;0;0;2;0;0;1;0;0;2;0;0;2;0;0
2011;888,00;0;0;0;0;0;0;0;0;0;0;0;0;13;0;0;1;0;0;0;0;0;0;0;0;0;0;0;0;0;0;1;0;0;0;0;0
2011;902,00;0;0;0;0;0;0;0;0;0;0;0;0;0;0;0;0;0;0;0;0;0;0;0;0;0;0;0;0;0;0;0;0;0;0;0;0
2011;968,00;0;0;0;0;0;0;0;0;0;0;0;0;0;0;0;0;0;0;0;0;0;0;0;0;0;0;0;0;0;0;0;0;0;0;0;0
2011;346,00;0;0;0;0;0;0;0;0;0;0;0;0;0;0;0;0;0;0;0;0;0;0;0;0;0;0;0;0;0;0;0;0;0;0;0;0
2011;27,00;0;0;0;0;0;0;0;0;0;0;0;0;0;0;0;0;0;0;0;0;0;0;0;0;0;0;0;0;0;0;0;0;0;0;0;0
2011;165,00;0;0;0;0;0;0;0;0;0;0;0;0;0;0;0;1;0;0;0;0;0;0;0;0;0;0;0;0;0;0;1;0;0;0;0;0
2011;956,00;0;0;0;0;0;0;0;0;0;1;0;0;24;0;0;2;0;0;0;0;0;1;0;0;0;0;0;0;0;0;1;0;0;0;0;0
2011;413,00;0;0;0;0;0;0;0;0;0;0;0;0;0;0;0;0;0;0;0;0;0;0;0;0;0;0;0;0;0;0;0;0;0;0;0;0
2011;149,00;0;0;0;0;0;0;0;0;0;0;0;0;0;0;0;0;0;0;0;0;0;0;0;0;0;0;0;0;0;0;1;0;0;0;0;0
2011;612,00;0;0;0;0;0;0;0;0;0;1;0;0;0;0;0;1;0;0;0;0;0;2;0;0;0;0;0;0;0;0;1;0;0;0;0;0
2011;559,00;0;0;0;0;0;0;0;0;0;0;0;0;0;0;0;1;0;1;0;0;0;1;0;1;0;0;0;0;0;0;1;0;1;0;0;0
2011;7,00;0;0;0;0;0;0;0;0;0;0;0;0;0;0;0;1;0;0;0;0;0;0;0;0;0;0;0;0;0;0;1;0;0;0;0;0
2011;283,00;0;0;0;1;0;0;1;0;0;2;0;0;0;0;0;1;0;0;1;0;0;4;0;0;3;0;0;1;0;0;2;0;0;2;0;0
2011;37,00;0;0;0;0;0;0;0;0;0;0;0;0;0;0;0;0;0;0;0;0;0;0;0;0;0;0;0;0;0;0;0;0;0;0;0;0
2011;153,00;0;0;0;0;0;0;0;0;0;1;0;0;0;0;0;1;0;0;0;0;0;2;0;0;0;0;0;0;0;0;1;0;0;0;0;0
2011;547,00;0;0;0;0;0;0;0;0;0;0;0;0;0;0;0;1;0;0;0;0;0;0;0;0;0;0;0;0;0;0;1;0;0;0;0;0
2011;397,00;0;0;0;0;0;0;0;0;0;0;0;0;0;0;0;0;0;0;0;0;0;0;0;0;0;0;0;0;0;0;0;0;0;0;0;0
2011;556,00;0;0;0;0;0;0;0;0;0;0;0;0;10;0;0;1;0;0;0;0;0;0;0;0;0;0;0;0;0;0;1;0;0;0;0;0
2011;781,00;2;0;0;2;0;0;0;0;0;0;0;0;27;0;0;3;0;0;0;0;0;0;0;0;0;0;0;0;0;0;2;0;0;0;0;0
2011;779,00;0;0;0;1;0;0;0;0;0;1;0;0;30;0;0;1;0;0;0;0;0;0;0;0;2;0;0;1;0;0;1;0;0;1;0;0
2011;113,00;0;0;0;0;0;0;0;0;0;0;0;0;0;0;0;0;0;0;0;0;0;0;0;0;0;0;0;0;0;0;0;0;0;0;0;0
2011;619,00;0;0;0;0;0;0;0;0;0;0;0;0;0;0;0;1;0;0;0;0;0;1;0;0;0;0;0;0;0;0;1;0;0;0;0;0
2011;163,00;0;0;0;0;0;0;0;0;0;1;0;0;0;0;0;1;0;0;0;0;0;2;0;0;0;0;0;0;0;0;0;0;0;0;0;0
2011;131,00;0;0;0;0;0;0;0;0;0;0;0;0;0;0;0;0;0;0;0;0;0;0;0;0;0;0;0;0;0;0;0;0;0;0;0;0
2011;375,00;0;0;0;0;0;0;0;0;0;0;0;0;0;0;0;0;0;0;0;0;0;0;0;0;0;0;0;0;0;0;0;0;0;0;0;0
2011;764,00;2;0;0;1;0;0;0;0;0;1;0;0;16;0;0;3;0;0;0;0;0;1;0;0;0;0;0;1;0;0;2;0;0;0;0;0
2011;14,00;0;0;0;0;0;0;0;0;0;0;0;0;0;0;0;1;0;0;0;0;0;2;0;0;0;0;0;0;0;0;0;0;0;0;0;0
2011;657,00;0;0;0;0;0;0;0;0;0;0;0;0;0;0;0;1;0;0;0;0;0;0;0;0;0;0;0;0;0;0;1;0;0;0;0;0
2011;362,00;0;0;0;1;0;0;0;0;0;0;0;0;0;0;0;1;0;0;0;0;0;2;0;0;1;0;0;0;0;0;1;0;0;0;0;0
2011;989,00;0;0;0;0;0;0;0;0;0;0;0;0;0;0;0;1;0;0;0;0;0;0;0;0;0;0;0;0;0;0;1;0;0;0;0;0
2011;990,00;0;0;0;0;0;0;0;0;0;0;0;0;0;0;0;1;0;0;0;0;0;0;0;0;0;0;0;0;0;0;1;0;0;0;0;0
2011;680,00;0;0;0;3;0;0;0;0;0;0;0;0;34;0;0;4;0;0;0;0;0;2;0;0;0;0;0;1;0;0;1;0;0;0;0;0
2011;411,00;0;0;0;1;0;0;0;0;0;1;0;0;42;0;0;1;0;0;0;0;0;2;0;0;0;0;0;0;0;0;1;0;0;0;0;0
2011;241,00;0;0;0;0;0;0;0;0;0;1;0;0;73;0;0;1;0;1;0;0;0;1;0;1;1;0;0;0;0;0;1;0;0;0;0;0
2011;558,00;1;0;1;0;0;0;0;0;0;0;0;0;26;0;0;1;0;0;0;0;0;1;0;0;0;0;0;0;0;0;1;0;0;0;0;0
2011;167,00;0;0;0;0;0;0;0;0;0;1;0;0;0;0;0;1;0;1;0;0;0;1;0;1;0;0;0;0;0;0;1;0;0;0;0;0
2011;248,00;1;0;0;1;0;0;0;0;0;1;0;0;21;0;0;2;0;0;1;0;0;2;0;0;1;0;0;0;0;0;1;0;0;1;0;0
2011;224,00;0;0;0;0;0;0;0;0;0;1;0;0;0;0;0;1;0;0;0;0;0;1;0;0;0;0;0;0;0;0;1;0;0;0;0;0
2011;591,00;2;0;0;0;0;0;0;0;0;1;0;0;25;0;0;3;0;0;0;0;0;2;0;0;0;0;0;1;0;0;1;0;0;0;0;0
2011;586,00;0;0;0;0;0;0;0;0;0;0;0;0;30;0;0;2;0;0;0;0;0;1;0;0;0;0;0;0;0;0;2;0;0;0;0;0
2011;453,00;0;0;0;0;0;0;0;0;0;0;0;0;0;0;0;1;0;0;0;0;0;0;0;0;0;0;0;0;0;0;0;0;0;0;0;0
2011;145,00;0;0;0;0;0;0;0;0;0;0;0;0;0;0;0;0;0;0;0;0;0;0;0;0;0;0;0;0;0;0;0;0;0;0;0;0
2011;511,00;0;0;0;0;0;0;0;0;0;0;0;0;8;0;0;2;0;0;0;0;0;0;0;0;0;0;0;0;0;0;1;0;0;0;0;0
2011;530,00;0;0;0;0;0;0;0;0;0;0;0;0;0;0;0;2;0;0;0;0;0;1;0;0;0;0;0;0;0;0;1;0;0;0;0;0
2011;6,00;0;0;0;1;0;0;0;0;0;1;0;0;0;0;0;1;0;0;1;0;0;1;0;0;2;0;0;1;0;0;1;0;0;0;0;0
2011;161,00;0;0;0;0;0;0;0;0;0;0;0;0;0;0;0;0;0;0;0;0;0;0;0;0;0;0;0;0;0;0;0;0;0;0;0;0
2011;623,00;2;0;0;0;0;0;0;0;0;1;0;0;0;0;0;2;0;0;0;0;0;0;0;0;2;0;0;0;0;0;1;0;0;0;0;0
2011;489,00;0;0;0;0;0;0;0;0;0;0;0;0;0;0;0;1;0;0;0;0;0;1;0;0;0;0;0;0;0;0;1;0;0;0;0;0
2011;875,00;1;0;0;1;0;0;0;0;0;1;0;0;0;0;0;2;0;0;1;0;0;1;0;0;1;0;0;0;0;0;1;0;0;1;0;0
2011;908,00;0;0;0;0;0;0;0;0;0;1;0;0;0;0;0;1;0;0;1;0;1;1;0;0;0;0;0;0;0;0;0;0;0;0;0;0
2011;940,00;0;0;0;0;0;0;0;0;0;0;0;0;0;0;0;0;0;0;0;0;0;0;0;0;0;0;0;0;0;0;0;0;0;0;0;0
2011;946,00;0;0;0;1;0;0;0;0;0;1;0;0;0;0;0;1;0;0;0;0;0;1;0;0;1;0;0;0;0;0;1;0;0;0;0;0
2011;1023,00;0;0;0;1;0;0;0;0;0;1;0;0;20;0;0;1;0;0;0;0;0;1;0;0;0;0;0;0;0;0;1;0;0;0;0;0
2011;1054,00;0;0;0;1;0;0;0;0;0;1;0;0;24;0;0;1;0;0;0;0;0;1;0;0;0;0;0;0;0;0;1;0;0;0;0;0
2011;1057,00;0;0;0;0;0;0;0;0;0;0;0;0;0;0;0;1;0;0;0;0;0;0;0;0;0;0;0;0;0;0;0;0;0;0;0;0
2011;1031,00;0;0;0;0;0;0;0;0;0;0;0;0;0;0;0;0;0;0;0;0;0;0;0;0;0;0;0;0;0;0;0;0;0;0;0;0
2011;1032,00;0;0;0;1;0;0;0;0;0;1;0;0;12;0;0;1;0;0;1;0;0;1;0;0;1;0;1;1;0;0;1;0;0;1;0;0
2011;1064,00;1;0;0;1;0;0;0;0;0;1;0;0;0;0;0;1;0;0;0;0;0;1;0;0;0;0;0;0;0;0;1;0;0;0;0;0
2011;226,00;0;0;0;1;0;0;0;0;0;1;0;0;7;0;0;1;0;0;0;0;0;1;0;0;1;0;0;1;0;0;1;0;0;1;0;0
2011;687,00;0;0;0;0;0;0;0;0;0;0;0;0;0;0;0;1;0;0;0;0;0;1;0;1;0;0;0;0;0;0;2;0;0;0;0;0
2011;745,00;2;0;0;3;0;0;0;0;0;1;0;0;45;0;25;3;1;0;0;0;0;1;0;1;1;0;0;0;0;0;1;1;0;1;0;0
2011;109,00;0;0;0;0;0;0;0;0;0;1;0;0;0;0;0;1;0;0;0;0;0;1;0;0;0;0;0;0;0;0;1;0;0;0;0;0
2011;808,00;0;0;0;0;0;0;0;0;0;0;0;0;12;0;0;1;0;1;0;0;0;1;0;1;0;0;0;0;0;0;1;0;0;0;0;0
2011;971,00;0;0;0;0;0;0;0;0;0;0;0;0;0;0;0;1;0;0;0;0;0;0;0;0;0;0;0;0;0;0;1;0;0;0;0;0
2011;128,00;0;0;0;0;0;0;0;0;0;1;0;0;0;0;0;1;0;1;0;0;0;1;0;1;0;0;0;0;0;0;1;0;0;0;0;0
2011;919,00;0;0;0;0;0;0;0;0;0;1;0;0;13;0;0;1;0;0;0;0;0;1;0;0;0;0;0;0;0;0;1;0;0;0;0;0
2011;725,00;2;0;0;1;0;0;0;0;0;1;0;0;35;0;0;4;0;0;1;0;0;2;0;0;3;0;0;0;0;0;1;0;0;1;0;0
2011;3,00;0;0;0;0;0;0;0;0;0;0;0;0;0;0;0;0;0;0;0;0;0;0;0;0;0;0;0;0;0;0;0;0;0;0;0;0
2011;386,00;0;0;0;0;0;0;0;0;0;0;0;0;0;0;0;0;0;0;0;0;0;0;0;0;0;0;0;0;0;0;0;0;0;0;0;0
2011;306,00;0;0;0;0;0;0;0;0;0;0;0;0;0;0;0;0;0;0;0;0;0;0;0;0;0;0;0;0;0;0;0;0;0;0;0;0
2011;15,00;0;0;0;0;0;0;0;0;0;0;0;0;0;0;0;0;0;0;0;0;0;0;0;0;0;0;0;0;0;0;1;0;0;0;0;0
2011;264,00;0;0;0;0;0;0;0;0;0;0;0;0;0;0;0;1;0;1;0;0;0;1;0;1;0;0;0;0;0;0;1;0;1;0;0;0
2011;867,00;0;0;0;0;0;0;0;0;0;1;0;1;0;0;0;0;0;0;0;0;0;1;0;1;0;0;0;0;0;0;1;0;0;0;0;0
2011;910,00;0;0;0;0;0;0;0;0;0;0;0;0;18;0;0;2;0;0;0;0;0;1;0;0;0;0;0;0;0;0;2;0;0;0;0;0
2011;1053,00;0;0;0;0;0;0;0;0;0;0;0;0;0;0;0;2;0;0;0;0;0;1;0;0;0;0;0;0;0;0;2;0;0;0;0;0
2011;1055,00;1;0;0;0;0;0;0;0;0;0;0;0;0;0;0;2;0;0;0;0;0;1;0;0;0;0;0;1;0;0;3;0;0;0;0;0
2011;529,00;0;0;0;0;0;0;0;0;0;0;0;0;0;0;0;0;0;0;0;0;0;0;0;0;0;0;0;0;0;0;0;0;0;0;0;0
2011;345,00;0;0;0;0;0;0;0;0;0;0;0;0;0;0;0;0;0;0;0;0;0;0;0;0;0;0;0;0;0;0;0;0;0;0;0;0
2011;515,00;0;0;0;0;0;0;0;0;0;0;0;0;0;0;0;0;0;0;0;0;0;1;0;0;0;0;0;0;0;0;0;0;0;0;0;0
2011;174,00;0;0;0;0;0;0;0;0;0;0;0;0;0;0;0;0;0;0;0;0;0;0;0;0;0;0;0;0;0;0;0;0;0;0;0;0
2011;523,00;0;0;0;0;0;0;0;0;0;0;0;0;0;0;0;0;0;0;0;0;0;0;0;0;0;0;0;0;0;0;0;0;0;0;0;0
2011;697,00;0;0;0;1;0;0;0;0;0;1;0;0;0;0;0;1;0;0;1;0;0;2;0;0;1;0;0;1;0;0;1;0;0;1;0;0
2011;239,00;0;0;0;0;0;0;0;0;0;1;0;0;0;0;0;1;0;0;0;0;0;1;0;0;0;0;0;0;0;0;1;0;0;0;0;0
2011;287,00;1;0;0;1;0;0;1;0;0;1;0;0;32;0;0;1;0;0;0;0;0;2;0;0;1;0;0;1;0;0;1;0;0;1;0;0
2011;377,00;0;0;0;0;0;0;0;0;0;0;0;0;0;0;0;0;0;0;0;0;0;0;0;0;0;0;0;0;0;0;0;0;0;0;0;0
2011;692,00;0;0;0;0;0;0;0;0;0;1;0;0;30;0;0;1;0;0;0;0;0;1;0;1;0;0;0;0;0;0;1;0;0;0;0;0
2011;335,00;0;0;0;0;0;0;0;0;0;0;0;0;0;0;0;0;0;0;0;0;0;0;0;0;0;0;0;0;0;0;0;0;0;0;0;0
2011;435,00;0;0;0;0;0;0;0;0;0;1;0;1;0;0;0;1;0;0;0;0;0;1;0;1;0;0;0;1;0;0;1;0;0;0;0;0
2011;423,00;0;0;0;0;0;0;0;0;0;0;0;0;0;0;0;1;0;0;0;0;0;1;0;0;0;0;0;0;0;0;1;0;0;0;0;0
2011;351,00;0;0;0;0;0;0;0;0;0;0;0;0;0;0;0;1;0;0;0;0;0;1;0;0;0;0;0;0;0;0;1;0;0;0;0;0
2011;810,00;0;0;0;0;0;0;0;0;0;0;0;0;0;0;0;1;0;0;0;0;0;0;0;0;0;0;0;0;0;0;1;0;0;0;0;0
2011;830,00;0;0;0;0;0;0;0;0;0;0;0;0;0;0;0;1;0;0;0;0;0;0;0;0;0;0;0;0;0;0;1;0;0;0;0;0
2011;892,00;0;0;0;0;0;0;0;0;0;0;0;0;21;0;0;2;0;0;0;0;0;1;0;0;0;0;0;0;0;0;1;0;0;0;0;0
2011;921,00;0;0;0;1;0;0;0;0;0;1;0;0;0;0;0;1;0;0;0;0;0;2;0;0;1;0;0;1;0;0;1;0;0;1;0;0
2011;991,00;0;0;0;0;0;0;0;0;0;0;0;0;2;0;0;0;0;0;0;0;0;0;0;0;0;0;0;0;0;0;1;0;0;0;0;0
2011;992,00;0;0;0;0;0;0;0;0;0;0;0;0;14;0;0;1;0;0;0;0;0;1;0;0;0;0;0;0;0;0;1;0;0;0;0;0
2011;993,00;0;0;0;0;0;0;0;0;0;0;0;0;0;0;0;1;0;0;0;0;0;1;0;0;0;0;0;0;0;0;1;0;0;0;0;0
2011;1071,00;2;0;0;2;0;0;1;0;0;0;0;0;32;0;0;4;0;0;1;0;0;3;0;0;2;0;0;1;0;0;2;0;0;2;0;0
2011;473,00;0;0;0;0;0;0;0;0;0;0;0;0;0;0;0;0;0;0;0;0;0;0;0;0;0;0;0;0;0;0;0;0;0;0;0;0
2011;663,00;0;0;0;2;0;0;0;0;0;1;0;0;25;0;0;2;0;2;1;0;1;2;0;2;2;0;2;0;0;0;2;0;2;1;0;1
2011;552,00;2;0;0;1;0;0;0;0;0;1;0;0;0;0;0;1;0;1;0;0;0;0;0;0;0;0;0;0;0;0;2;0;2;0;0;0
2011;772,00;2;0;0;2;0;0;0;0;0;1;0;0;61;0;0;4;0;0;1;0;0;4;0;0;1;0;0;0;0;0;3;0;0;3;0;0
2011;568,00;0;0;0;0;0;0;0;0;0;0;0;0;0;0;0;1;0;0;0;0;0;1;0;0;0;0;0;0;0;0;0;0;0;0;0;0
2011;398,00;0;0;0;0;0;0;0;0;0;0;0;0;0;0;0;1;0;0;0;0;0;2;0;0;0;0;0;0;0;0;0;0;0;0;0;0
2011;394,00;0;0;0;0;0;0;0;0;0;0;0;0;0;0;0;0;0;0;0;0;0;1;0;0;0;0;0;0;0;0;0;0;0;0;0;0
2011;614,00;0;0;0;0;0;0;0;0;0;0;0;0;0;0;0;0;0;0;0;0;0;0;0;0;0;0;0;0;0;0;0;0;0;0;0;0
2011;235,00;0;0;0;0;0;0;0;0;0;0;0;0;0;0;0;0;0;0;0;0;0;0;0;0;0;0;0;0;0;0;0;0;0;0;0;0
2011;616,00;0;0;0;0;0;0;0;0;0;0;0;0;0;0;0;1;0;1;0;0;0;1;0;1;0;0;0;0;0;0;0;0;0;0;0;0
2011;267,00;0;0;0;1;0;0;0;0;0;0;0;0;0;0;0;0;0;0;0;0;0;0;0;0;0;0;0;0;0;0;0;0;0;0;0;0
2011;565,00;0;0;0;0;0;0;0;0;0;0;0;0;0;0;0;1;0;0;0;0;0;1;0;1;0;0;0;0;0;0;1;0;0;0;0;0
2011;220,00;0;0;0;1;0;0;0;0;0;1;0;0;0;0;0;1;0;0;0;0;0;0;0;0;0;0;0;1;0;0;1;0;0;0;0;0
2011;278,00;0;0;0;0;0;0;0;0;0;0;0;0;0;0;0;0;0;0;0;0;0;0;0;0;0;0;0;0;0;0;0;0;0;0;0;0
2011;107,00;0;0;0;0;0;0;0;0;0;0;0;0;0;0;0;0;0;0;0;0;0;0;0;0;0;0;0;0;0;0;0;0;0;0;0;0
2011;141,00;0;0;0;0;0;0;0;0;0;0;0;0;0;0;0;0;0;0;0;0;0;0;0;0;0;0;0;0;0;0;0;0;0;0;0;0
2011;711,00;3;0;0;1;0;0;0;0;0;1;0;0;0;0;0;4;0;0;1;0;0;3;0;0;0;0;0;0;0;0;3;0;0;3;0;0
2011;204,00;0;0;0;0;0;0;0;0;0;0;0;0;0;0;0;0;0;0;0;0;0;0;0;0;0;0;0;0;0;0;1;0;0;0;0;0
2011;579,00;0;0;0;0;0;0;0;0;0;0;0;0;0;0;0;0;0;0;0;0;0;0;0;0;0;0;0;0;0;0;0;0;0;0;0;0
2011;348,00;0;0;0;0;0;0;0;0;0;0;0;0;0;0;0;0;0;0;0;0;0;0;0;0;0;0;0;0;0;0;0;0;0;0;0;0
2011;766,00;0;0;0;3;0;0;0;0;0;0;0;0;1;0;0;1;0;0;0;0;0;1;0;1;1;0;1;2;0;0;0;0;0;0;0;0
2011;761,00;0;0;0;0;0;0;0;0;0;0;0;0;0;0;0;0;0;0;0;0;0;0;0;0;0;0;0;0;0;0;0;0;0;0;0;0
2011;728,00;0;0;0;1;0;0;0;0;0;1;0;1;0;0;0;1;0;1;0;0;0;1;0;1;2;0;2;1;0;1;1;0;1;1;0;1
2011;280,00;0;0;0;0;0;0;0;0;0;0;0;0;0;0;0;0;0;0;0;0;0;0;0;0;0;0;0;0;0;0;0;0;0;0;0;0
2011;222,00;0;0;0;0;0;0;0;0;0;1;0;0;0;0;0;1;0;0;0;0;0;0;0;0;0;0;0;0;0;0;1;0;0;0;0;0
2011;276,00;1;0;0;1;0;0;0;0;0;1;0;1;0;0;0;1;0;1;1;0;1;2;0;2;1;0;1;1;0;0;1;0;1;0;0;0
2011;11,00;0;0;0;1;0;1;0;0;0;1;0;1;0;0;0;1;0;1;1;0;1;2;0;2;3;0;3;1;0;1;2;0;2;1;0;1
2011;302,00;0;0;0;1;0;1;0;0;0;0;0;0;0;0;0;1;0;1;0;0;0;1;0;1;0;0;0;0;0;0;1;0;1;0;0;0
2011;682,00;2;0;0;0;0;0;0;0;0;0;0;0;0;0;0;1;0;1;0;0;0;2;0;2;0;0;0;0;0;0;1;0;1;0;0;0
2011;279,00;1;0;0;1;0;0;0;0;0;1;0;1;0;0;0;1;0;0;1;0;0;2;0;0;0;0;0;1;0;0;2;0;2;1;0;0
2011;282,00;2;0;0;1;0;0;0;0;0;1;0;0;0;0;0;3;0;0;1;0;1;4;0;0;0;0;0;0;0;0;2;0;0;2;0;2
2011;281,00;0;0;0;1;0;0;0;0;0;0;0;0;0;0;0;1;0;0;0;0;0;1;0;0;0;0;0;0;0;0;1;0;0;0;0;0
2011;183,00;0;0;0;0;0;0;0;0;0;1;0;0;0;0;0;1;0;0;0;0;0;1;0;0;0;0;0;0;0;0;1;0;0;0;0;0
2011;610,00;0;0;0;1;0;0;0;0;0;0;0;0;0;0;0;0;0;0;0;0;0;0;0;0;0;0;0;0;0;0;0;0;0;0;0;0
2011;116,00;0;0;0;0;0;0;0;0;0;0;0;0;0;0;0;0;0;0;0;0;0;0;0;0;0;0;0;0;0;0;0;0;0;0;0;0
2011;115,00;0;0;0;0;0;0;0;0;0;0;0;0;0;0;0;0;0;0;0;0;0;0;0;0;0;0;0;0;0;0;0;0;0;0;0;0
2011;114,00;0;0;0;0;0;0;0;0;0;0;0;0;0;0;0;0;0;0;0;0;0;0;0;0;0;0;0;0;0;0;0;0;0;0;0;0
2011;126,00;0;0;0;0;0;0;0;0;0;0;0;0;0;0;0;0;0;0;0;0;0;0;0;0;0;0;0;0;0;0;0;0;0;0;0;0
2011;119,00;0;0;0;0;0;0;0;0;0;1;0;0;0;0;0;0;0;0;0;0;0;0;0;0;0;0;0;0;0;0;1;0;0;0;0;0
2011;770,00;0;0;0;5;0;0;0;0;0;1;0;0;24;0;0;3;0;1;0;0;0;2;0;2;0;0;0;1;0;0;1;0;0;2;0;0
2011;583,00;0;0;0;0;0;0;0;0;0;1;0;0;0;0;0;1;0;0;0;0;0;1;0;1;0;0;0;0;0;0;1;0;0;0;0;0
2011;136,00;0;0;0;0;0;0;0;0;0;0;0;0;0;0;0;0;0;0;0;0;0;0;0;0;0;0;0;0;0;0;0;0;0;0;0;0
2011;469,00;0;0;0;0;0;0;0;0;0;0;0;0;0;0;0;1;0;0;0;0;0;1;0;1;0;0;0;0;0;0;1;0;0;0;0;0
2011;642,00;0;0;0;0;0;0;0;0;0;0;0;0;0;0;0;1;0;0;0;0;0;0;0;0;0;0;0;0;0;0;1;0;0;0;0;0
2011;674,00;0;0;0;1;0;0;0;0;0;1;0;0;3;0;0;1;0;0;0;0;0;1;0;0;0;0;0;0;0;0;1;0;0;0;0;0
2011;193,00;0;0;0;0;0;0;0;0;0;0;0;0;0;0;0;0;0;0;0;0;0;0;0;0;0;0;0;0;0;0;0;0;0;0;0;0
2011;526,00;0;0;0;0;0;0;0;0;0;0;0;0;0;0;0;1;0;0;0;0;0;1;0;1;0;0;0;0;0;0;2;0;0;0;0;0
2011;698,00;0;0;0;2;0;0;0;0;0;1;0;0;28;0;0;3;0;0;0;0;0;0;0;0;4;0;0;1;0;0;2;0;0;0;0;0
2011;630,00;0;0;0;0;0;0;0;0;0;0;0;0;0;0;0;1;0;0;0;0;0;1;0;1;0;0;0;0;0;0;1;0;0;0;0;0
2011;124,00;0;0;0;0;0;0;0;0;0;0;0;0;0;0;0;0;0;0;0;0;0;0;0;0;0;0;0;0;0;0;0;0;0;0;0;0
2011;364,00;0;0;0;0;0;0;0;0;0;0;0;0;0;0;0;0;0;0;0;0;0;0;0;0;0;0;0;0;0;0;0;0;0;0;0;0
2011;604,00;0;0;0;0;0;0;0;0;0;0;0;0;48;0;0;3;0;0;0;0;0;0;0;0;0;0;0;0;0;0;2;0;0;0;0;0
2011;123,00;0;0;0;0;0;0;0;0;0;0;0;0;0;0;0;0;0;0;0;0;0;0;0;0;0;0;0;0;0;0;0;0;0;0;0;0
2011;310,00;0;0;0;0;0;0;0;0;0;0;0;0;0;0;0;0;0;0;0;0;0;0;0;0;0;0;0;0;0;0;0;0;0;0;0;0
2011;571,00;0;0;0;1;0;0;0;0;0;0;0;0;0;0;0;1;0;0;0;0;0;0;0;0;0;0;0;0;0;0;1;0;0;0;0;0
2011;296,00;0;0;0;0;0;0;0;0;0;0;0;0;0;0;0;0;0;0;0;0;0;0;0;0;0;0;0;0;0;0;1;0;0;0;0;0
2011;566,00;0;0;0;0;0;0;0;0;0;0;0;0;26;0;0;1;0;0;0;0;0;1;0;0;0;0;0;0;0;0;1;0;0;0;0;0
2011;784,00;0;0;0;2;0;0;0;0;0;0;0;0;30;0;0;2;0;0;1;0;0;3;0;0;2;0;0;0;0;0;2;0;0;0;0;0
2011;102,00;0;0;0;0;0;0;0;0;0;0;0;0;0;0;0;0;0;0;0;0;0;0;0;0;0;0;0;0;0;0;0;0;0;0;0;0
2011;379,00;0;0;0;0;0;0;0;0;0;0;0;0;0;0;0;0;0;0;0;0;0;0;0;0;0;0;0;0;0;0;0;0;0;0;0;0
2011;639,00;0;0;0;0;0;0;0;0;0;1;0;0;0;0;0;1;0;0;0;0;0;1;0;0;0;0;0;0;0;0;1;0;0;0;0;0
2011;457,00;0;0;0;0;0;0;0;0;0;0;0;0;0;0;0;1;0;0;0;0;0;0;0;0;0;0;0;0;0;0;1;0;0;0;0;0
2011;609,00;2;0;0;2;0;0;1;0;0;1;0;0;1;0;0;3;0;0;0;0;0;1;0;0;2;0;0;1;0;0;1;0;0;2;0;0
2011;101,00;0;0;0;0;0;0;0;0;0;0;0;0;0;0;0;0;0;0;0;0;0;0;0;0;0;0;0;0;0;0;0;0;0;0;0;0
2011;454,00;0;0;0;0;0;0;0;0;0;0;0;0;0;0;0;1;0;0;0;0;0;1;0;0;0;0;0;0;0;0;1;0;0;0;0;0
2011;318,00;0;0;0;0;0;0;0;0;0;0;0;0;0;0;0;0;0;0;0;0;0;0;0;0;0;0;0;0;0;0;0;0;0;0;0;0
2011;600,00;0;0;0;0;0;0;0;0;0;1;0;0;0;0;0;1;0;0;0;0;0;0;0;0;0;0;0;0;0;0;1;0;0;0;0;0
2011;545,00;0;0;0;1;0;0;0;0;0;1;0;0;20;0;0;3;0;0;0;0;0;1;0;0;0;0;0;0;0;0;2;0;0;0;0;0
2011;100,00;0;0;0;0;0;0;0;0;0;0;0;0;0;0;0;0;0;0;0;0;0;0;0;0;0;0;0;0;0;0;0;0;0;0;0;0
2011;702,00;0;0;0;1;0;0;0;0;0;0;0;0;0;0;0;2;0;0;0;0;0;2;0;0;0;0;0;0;0;0;1;0;0;0;0;0
2011;778,00;0;0;0;0;0;0;0;0;0;0;0;0;36;0;0;1;0;0;0;0;0;1;0;0;0;0;0;0;0;0;1;0;0;0;0;0
2011;341,00;0;0;0;0;0;0;0;0;0;0;0;0;0;0;0;0;0;0;0;0;0;0;0;0;0;0;0;0;0;0;1;0;0;0;0;0
2011;99,00;0;0;0;0;0;0;0;0;0;0;0;0;0;0;0;0;0;0;0;0;0;0;0;0;0;0;0;0;0;0;0;0;0;0;0;0
2011;767,00;0;0;0;0;0;0;0;0;0;0;0;0;0;0;0;1;0;0;0;0;0;1;0;0;0;0;0;0;0;0;1;0;0;0;0;0
2011;359,00;0;0;0;0;0;0;0;0;0;1;0;0;29;0;29;0;0;0;0;0;0;0;0;0;0;0;0;0;0;0;1;0;0;0;0;0
2011;98,00;0;0;0;0;0;0;0;0;0;0;0;0;0;0;0;0;0;0;0;0;0;0;0;0;0;0;0;0;0;0;0;0;0;0;0;0
2011;132,00;0;0;0;0;0;0;0;0;0;0;0;0;0;0;0;0;0;0;0;0;0;0;0;0;0;0;0;0;0;0;0;0;0;0;0;0
2011;97,00;0;0;0;0;0;0;0;0;0;0;0;0;0;0;0;0;0;0;0;0;0;0;0;0;0;0;0;0;0;0;0;0;0;0;0;0
2011;103,00;0;0;0;0;0;0;0;0;0;0;0;0;0;0;0;0;0;0;0;0;0;0;0;0;0;0;0;0;0;0;0;0;0;0;0;0
2011;110,00;0;0;0;0;0;0;0;0;0;0;0;0;0;0;0;0;0;0;0;0;0;0;0;0;0;0;0;0;0;0;0;0;0;0;0;0
2011;94,00;0;0;0;0;0;0;0;0;0;0;0;0;0;0;0;0;0;0;0;0;0;0;0;0;0;0;0;0;0;0;0;0;0;0;0;0
2011;91,00;0;0;0;0;0;0;0;0;0;0;0;0;0;0;0;0;0;0;0;0;0;0;0;0;0;0;0;0;0;0;0;0;0;0;0;0
2011;664,00;0;0;0;1;0;0;0;0;0;0;0;0;0;0;0;2;0;0;0;0;0;1;0;0;0;0;0;0;0;0;1;0;0;0;0;0
2011;918,00;3;0;0;1;0;1;1;0;0;1;0;0;22;0;0;5;0;5;0;0;0;4;0;4;1;0;0;0;0;0;2;0;0;4;0;0
2011;92,00;0;0;0;0;0;0;0;0;0;0;0;0;0;0;0;0;0;0;0;0;0;0;0;0;0;0;0;0;0;0;0;0;0;0;0;0
2011;93,00;0;0;0;0;0;0;0;0;0;0;0;0;0;0;0;0;0;0;0;0;0;0;0;0;0;0;0;0;0;0;0;0;0;0;0;0
2011;95,00;0;0;0;0;0;0;0;0;0;0;0;0;0;0;0;0;0;0;0;0;0;0;0;0;0;0;0;0;0;0;0;0;0;0;0;0
2011;96,00;0;0;0;0;0;0;0;0;0;0;0;0;0;0;0;0;0;0;0;0;0;0;0;0;0;0;0;0;0;0;0;0;0;0;0;0
2011;301,00;0;0;0;0;0;0;0;0;0;0;0;0;0;0;0;0;0;0;0;0;0;0;0;0;0;0;0;0;0;0;0;0;0;0;0;0
2011;492,00;0;0;0;0;0;0;0;0;0;0;0;0;0;0;0;1;0;0;0;0;0;0;0;0;0;0;0;0;0;0;1;0;0;0;0;0
2011;811,00;0;0;0;0;0;0;0;0;0;0;0;0;0;0;0;0;0;0;0;0;0;0;0;0;0;0;0;0;0;0;0;0;0;0;0;0
2011;812,00;5;0;0;0;0;0;0;0;0;0;0;0;0;0;0;1;0;0;0;0;0;0;0;0;0;0;0;0;0;0;0;0;0;0;0;0
2011;832,00;0;0;0;0;0;0;0;0;0;0;0;0;0;0;0;0;0;0;0;0;0;0;0;0;0;0;0;0;0;0;0;0;0;0;0;0
2011;841,00;0;0;0;0;0;0;0;0;0;0;0;0;0;0;0;0;0;0;0;0;0;0;0;0;0;0;0;0;0;0;0;0;0;0;0;0
2011;856,00;0;0;0;0;0;0;0;0;0;0;0;0;0;0;0;0;0;0;0;0;0;0;0;0;0;0;0;0;0;0;0;0;0;0;0;0
2011;859,00;0;0;0;0;0;0;0;0;0;0;0;0;0;0;0;0;0;0;0;0;0;0;0;0;0;0;0;0;0;0;0;0;0;0;0;0
2011;861,00;0;0;0;0;0;0;0;0;0;0;0;0;0;0;0;0;0;0;0;0;0;0;0;0;0;0;0;0;0;0;0;0;0;0;0;0
2011;880,00;0;0;0;0;0;0;0;0;0;0;0;0;0;0;0;0;0;0;0;0;0;0;0;0;0;0;0;0;0;0;0;0;0;0;0;0
2011;883,00;0;0;0;0;0;0;0;0;0;0;0;0;0;0;0;0;0;0;0;0;0;0;0;0;0;0;0;0;0;0;0;0;0;0;0;0
2011;884,00;0;0;0;0;0;0;0;0;0;0;0;0;0;0;0;0;0;0;0;0;0;0;0;0;0;0;0;0;0;0;0;0;0;0;0;0
2011;877,00;0;0;0;0;0;0;0;0;0;0;0;0;0;0;0;0;0;0;0;0;0;0;0;0;0;0;0;0;0;0;0;0;0;0;0;0
2011;911,00;0;0;0;0;0;0;0;0;0;0;0;0;0;0;0;0;0;0;0;0;0;0;0;0;0;0;0;0;0;0;0;0;0;0;0;0
2011;913,00;0;0;0;0;0;0;0;0;0;0;0;0;0;0;0;0;0;0;0;0;0;0;0;0;0;0;0;0;0;0;0;0;0;0;0;0
2011;922,00;0;0;0;0;0;0;0;0;0;1;0;0;0;0;0;1;0;0;0;0;0;1;0;0;0;0;0;0;0;0;1;0;0;0;0;0
2011;923,00;0;0;0;0;0;0;0;0;0;0;0;0;0;0;0;0;0;0;0;0;0;0;0;0;0;0;0;0;0;0;0;0;0;0;0;0
2011;924,00;3;0;0;0;0;0;0;0;0;0;0;0;0;0;0;1;0;0;0;0;0;0;0;0;0;0;0;0;0;0;0;0;0;0;0;0
2011;947,00;0;0;0;0;0;0;0;0;0;0;0;0;0;0;0;0;0;0;0;0;0;0;0;0;0;0;0;0;0;0;0;0;0;0;0;0
2011;951,00;0;0;0;0;0;0;0;0;0;0;0;0;0;0;0;0;0;0;0;0;0;0;0;0;0;0;0;0;0;0;0;0;0;0;0;0
2011;972,00;0;0;0;0;0;0;0;0;0;0;0;0;0;0;0;0;0;0;0;0;0;0;0;0;0;0;0;0;0;0;0;0;0;0;0;0
2011;973,00;0;0;0;0;0;0;0;0;0;1;0;0;0;0;0;3;0;0;0;0;0;3;0;0;0;0;0;0;0;0;1;0;0;0;0;0
2011;974,00;0;0;0;0;0;0;0;0;0;0;0;0;0;0;0;0;0;0;0;0;0;0;0;0;0;0;0;0;0;0;0;0;0;0;0;0
2011;975,00;0;0;0;0;0;0;0;0;0;0;0;0;0;0;0;0;0;0;0;0;0;0;0;0;0;0;0;0;0;0;0;0;0;0;0;0
2011;960,00;0;0;0;0;0;0;0;0;0;0;0;0;0;0;0;0;0;0;0;0;0;0;0;0;0;0;0;0;0;0;0;0;0;0;0;0
2011;1027,00;0;0;0;0;0;0;0;0;0;0;0;0;0;0;0;0;0;0;0;0;0;0;0;0;0;0;0;0;0;0;0;0;0;0;0;0
2011;1028,00;0;0;0;0;0;0;0;0;0;0;0;0;0;0;0;0;0;0;0;0;0;0;0;0;0;0;0;0;0;0;0;0;0;0;0;0
2011;976,00;0;0;0;0;0;0;0;0;0;0;0;0;0;0;0;0;0;0;0;0;0;0;0;0;0;0;0;0;0;0;0;0;0;0;0;0
2011;977,00;0;0;0;0;0;0;0;0;0;0;0;0;0;0;0;0;0;0;0;0;0;0;0;0;0;0;0;0;0;0;0;0;0;0;0;0
2011;1020,00;0;0;0;0;0;0;0;0;0;0;0;0;0;0;0;0;0;0;0;0;0;0;0;0;0;0;0;0;0;0;0;0;0;0;0;0
2011;994,00;0;0;0;0;0;0;0;0;0;0;0;0;26;0;0;1;0;0;0;0;0;1;0;0;0;0;0;0;0;0;1;0;0;0;0;0
2011;995,00;0;0;0;0;0;0;0;0;0;0;0;0;0;0;0;0;0;0;0;0;0;0;0;0;0;0;0;0;0;0;0;0;0;0;0;0
2011;1060,00;0;0;0;0;0;0;0;0;0;0;0;0;0;0;0;0;0;0;0;0;0;0;0;0;0;0;0;0;0;0;0;0;0;0;0;0
2011;1005,00;0;0;0;0;0;0;0;0;0;0;0;0;0;0;0;0;0;0;0;0;0;0;0;0;0;0;0;0;0;0;0;0;0;0;0;0
2011;1061,00;0;0;0;0;0;0;0;0;0;0;0;0;0;0;0;0;0;0;0;0;0;0;0;0;0;0;0;0;0;0;0;0;0;0;0;0
2011;1006,00;0;0;0;0;0;0;0;0;0;0;0;0;0;0;0;0;0;0;0;0;0;0;0;0;0;0;0;0;0;0;0;0;0;0;0;0
2011;1088,00;0;0;0;0;0;0;0;0;0;0;0;0;0;0;0;0;0;0;0;0;0;0;0;0;0;0;0;0;0;0;0;0;0;0;0;0
2011;1089,00;0;0;0;1;0;0;0;0;0;1;0;0;0;0;0;1;0;0;0;0;0;1;0;0;0;0;0;1;0;0;1;0;0;0;0;0
2011;1076,00;0;0;0;0;0;0;0;0;0;0;0;0;0;0;0;0;0;0;0;0;0;0;0;0;0;0;0;0;0;0;0;0;0;0;0;0
2011;1078,00;0;0;0;0;0;0;0;0;0;0;0;0;0;0;0;0;0;0;0;0;0;0;0;0;0;0;0;0;0;0;0;0;0;0;0;0
2011;1033,00;0;0;0;0;0;0;0;0;0;0;0;0;0;0;0;2;0;0;0;0;0;1;0;0;0;0;0;0;0;0;1;0;0;0;0;0
2011;1036,00;0;0;0;0;0;0;0;0;0;0;0;0;0;0;0;0;0;0;0;0;0;0;0;0;0;0;0;0;0;0;0;0;0;0;0;0
2011;1037,00;0;0;0;0;0;0;0;0;0;0;0;0;0;0;0;0;0;0;0;0;0;0;0;0;0;0;0;0;0;0;0;0;0;0;0;0
2011;1039,00;0;0;0;0;0;0;0;0;0;0;0;0;0;0;0;0;0;0;0;0;0;0;0;0;0;0;0;0;0;0;0;0;0;0;0;0
2011;1065,00;0;0;0;0;0;0;0;0;0;0;0;0;0;0;0;0;0;0;0;0;0;0;0;0;0;0;0;0;0;0;0;0;0;0;0;0
2011;1066,00;0;0;0;0;0;0;0;0;0;1;0;1;0;0;0;1;0;1;0;0;0;1;0;1;0;0;0;0;0;0;1;0;1;0;0;0
2011;207,00;0;0;0;0;0;0;0;0;0;0;0;0;0;0;0;0;0;0;0;0;0;1;0;0;0;0;0;0;0;0;0;0;0;0;0;0
2011;431,00;0;0;0;0;0;0;0;0;0;0;0;0;0;0;0;0;0;0;0;0;0;0;0;0;0;0;0;0;0;0;0;0;0;0;0;0
2011;387,00;0;0;0;0;0;0;0;0;0;0;0;0;0;0;0;1;0;0;0;0;0;0;0;0;0;0;0;0;0;0;1;0;0;0;0;0
2011;179,00;0;0;0;0;0;0;0;0;0;0;0;0;0;0;0;0;0;0;0;0;0;0;0;0;0;0;0;0;0;0;0;0;0;0;0;0
2011;606,00;0;0;0;0;0;0;0;0;0;0;0;0;7;0;0;1;0;0;0;0;0;0;0;0;0;0;0;0;0;0;1;1;0;0;0;0
2011;925,00;1;0;0;1;0;0;1;0;0;0;0;0;12;0;0;2;0;0;0;0;0;0;0;0;2;0;0;0;0;0;2;0;0;0;0;0
2011;541,00;0;0;0;0;0;0;0;0;0;0;0;0;0;0;0;1;0;0;0;0;0;0;0;0;0;0;0;0;0;0;1;0;0;0;0;0
2011;797,00;0;0;0;0;0;0;0;0;0;0;0;0;0;0;0;1;0;0;0;0;0;0;0;0;0;0;0;0;0;0;1;0;0;0;0;0
2011;627,00;1;0;0;0;0;0;0;0;0;0;0;0;0;0;0;2;0;0;0;0;0;1;0;0;0;0;0;0;0;0;1;0;0;0;0;0
2011;173,00;0;0;0;0;0;0;0;0;0;0;0;0;0;0;0;0;0;0;0;0;0;0;0;0;0;0;0;0;0;0;0;0;0;0;0;0
2011;636,00;0;0;0;0;0;0;0;0;0;0;0;0;21;0;0;3;0;0;0;0;0;1;0;0;2;0;0;0;0;0;3;0;0;0;0;0
2011;205,00;0;0;0;0;0;0;0;0;0;0;0;0;0;0;0;0;0;0;0;0;0;1;0;0;0;0;0;0;0;0;1;0;0;0;0;0
2011;814,00;0;0;0;0;0;0;0;0;0;0;0;0;0;0;0;0;0;0;0;0;0;0;0;0;0;0;0;0;0;0;0;0;0;0;0;0
2011;881,00;0;0;0;0;0;0;0;0;0;0;0;0;0;0;0;0;0;0;0;0;0;0;0;0;0;0;0;0;0;0;0;0;0;0;0;0
2011;771,00;2;0;0;1;0;0;0;0;0;0;1;0;24;0;0;4;1;0;0;0;0;1;0;0;4;0;0;0;0;0;1;1;0;1;0;0
2011;533,00;0;0;0;0;0;0;0;0;0;1;0;0;0;0;0;0;0;0;0;0;0;0;0;0;0;0;0;0;0;0;0;0;0;0;0;0
2011;447,00;0;0;0;0;0;0;0;0;0;0;0;0;0;0;0;1;0;0;0;0;0;1;0;0;0;0;0;0;0;0;1;0;0;0;0;0
2011;815,00;0;0;0;1;0;0;0;0;0;1;0;0;0;0;0;0;0;0;0;0;0;0;0;0;0;0;0;0;0;0;0;0;0;0;0;0
2011;801,00;0;0;0;0;0;0;0;0;0;0;0;0;22;0;0;2;0;0;0;0;0;0;0;0;0;0;0;0;0;0;1;0;0;0;0;0
2011;800,00;0;0;0;0;0;0;0;0;0;0;0;0;0;0;0;0;0;0;0;0;0;0;0;0;0;0;0;0;0;0;1;0;0;0;0;0
2011;389,00;0;0;0;0;0;0;0;0;0;0;0;0;0;0;0;1;0;0;0;0;0;1;0;0;0;0;0;0;0;0;1;0;0;0;0;0
2011;759,00;0;0;0;0;0;0;0;0;0;1;0;0;0;0;0;1;0;0;0;0;0;0;0;0;0;0;0;0;0;0;1;0;0;0;0;0
2011;695,00;0;0;0;1;0;0;0;0;0;1;0;0;30;0;30;2;0;0;0;0;0;1;0;0;0;0;0;0;0;0;2;0;0;0;0;0
2011;816,00;0;0;0;0;0;0;0;0;0;0;0;0;0;0;0;1;0;0;0;0;0;0;0;0;0;0;0;0;0;0;1;0;0;0;0;0
2011;833,00;0;0;0;0;0;0;0;0;0;0;0;0;0;0;0;1;0;0;0;0;0;0;0;0;0;0;0;0;0;0;1;0;0;0;0;0
2011;870,00;0;0;0;0;0;0;0;0;0;1;0;0;0;0;0;1;0;0;0;0;0;1;0;0;0;0;0;0;0;0;1;0;0;0;0;0
2011;927,00;0;0;0;0;0;0;0;0;0;0;0;0;0;0;0;0;0;0;0;0;0;2;0;0;0;0;0;1;0;1;1;0;0;0;0;0
2011;961,00;2;0;0;0;0;0;0;0;0;0;0;0;0;0;0;3;0;0;0;0;0;0;0;0;1;0;0;0;0;0;2;0;0;0;0;0
2011;962,00;0;0;0;0;0;0;0;0;0;0;0;0;0;0;0;1;0;0;0;0;0;1;0;0;0;0;0;0;0;0;1;0;0;0;0;0
2011;1079,00;0;0;0;0;0;0;0;0;0;1;0;0;0;0;0;0;0;0;0;0;0;1;0;0;0;0;0;0;0;0;1;0;0;0;0;0
2011;666,00;0;0;0;1;0;0;0;0;0;0;1;0;31;0;0;2;0;0;0;0;0;2;0;0;0;0;0;0;0;0;1;0;0;0;0;0
2011;392,00;0;0;0;0;0;0;0;0;0;0;0;0;0;0;0;0;0;0;0;0;0;0;0;0;0;0;0;0;0;0;0;0;0;0;0;0
2011;790,00;2;0;2;0;0;0;0;0;0;1;0;1;0;0;0;2;0;2;0;0;0;1;0;0;1;0;1;1;0;1;1;0;1;1;0;1
2011;650,00;0;0;0;0;0;0;0;0;0;0;0;0;0;0;0;1;0;0;0;0;0;0;0;0;0;0;0;0;0;0;1;0;0;0;0;0
2011;876,00;0;0;0;0;0;0;0;0;0;0;0;0;0;0;0;2;0;0;0;0;0;1;0;0;0;0;0;0;0;0;1;0;0;0;0;0
2011;944,00;0;0;0;0;0;0;0;0;0;0;0;0;0;0;0;1;0;0;0;0;0;1;0;0;0;0;0;0;0;0;0;0;0;0;0;0
2011;952,00;0;0;0;0;0;0;0;0;0;1;0;0;0;0;0;1;0;0;0;0;0;1;0;0;0;0;0;0;0;0;1;0;0;0;0;0
2011;54,00;0;0;0;0;0;0;0;0;0;0;0;0;0;0;0;0;0;0;0;0;0;0;0;0;0;0;0;0;0;0;0;0;0;0;0;0
2011;538,00;0;0;0;0;0;0;0;0;0;0;0;0;0;0;0;2;0;0;0;0;0;1;0;0;0;0;0;0;0;0;1;0;0;0;0;0
2011;557,00;0;0;0;0;0;0;0;0;0;0;0;0;0;0;0;1;0;0;0;0;0;0;0;0;0;0;0;0;0;0;1;0;0;0;0;0
2011;653,00;0;0;0;0;0;0;0;0;0;0;0;0;0;0;0;1;1;0;0;0;0;1;0;0;0;0;0;0;0;0;1;0;0;0;0;0
2011;647,00;0;0;0;0;0;0;0;0;0;0;0;0;0;0;0;1;0;0;0;0;0;0;0;0;0;0;0;0;0;0;1;0;0;0;0;0
2011;208,00;0;0;0;0;0;0;0;0;0;1;0;0;0;0;0;1;0;0;0;0;0;2;0;0;0;0;0;0;0;0;1;0;0;0;0;0
2011;978,00;1;0;0;1;0;0;0;0;0;1;0;0;51;0;0;2;1;0;1;0;0;1;0;0;3;0;0;0;0;0;2;0;0;0;0;0
2011;996,00;0;0;0;0;0;0;0;0;0;0;0;0;0;0;0;1;0;0;0;0;0;1;0;0;0;0;0;0;0;0;1;0;0;0;0;0
2011;729,00;3;0;0;3;0;0;0;0;0;2;0;0;66;0;0;6;0;0;1;0;0;2;0;0;3;0;0;1;0;0;2;0;0;1;0;0
2011;182,00;0;0;0;0;0;0;0;0;0;0;0;0;0;0;0;1;0;0;0;0;0;1;0;0;0;0;0;0;0;0;1;0;0;0;0;0
2011;633,00;0;0;0;0;0;0;0;0;0;0;0;0;0;0;0;1;0;1;0;0;0;1;0;1;0;0;0;0;0;0;1;0;0;0;0;0
2011;685,00;0;0;0;0;0;0;0;0;0;0;0;0;0;0;0;1;0;0;0;0;0;0;0;0;0;0;0;0;0;0;2;0;0;0;0;0
2011;683,00;0;0;0;0;0;0;0;0;0;0;0;0;8;0;0;1;0;0;0;0;0;0;0;0;0;0;0;0;0;0;1;0;0;0;0;0
2011;945,00;0;0;0;0;0;0;0;0;0;0;0;0;0;0;0;1;0;0;0;0;0;0;0;0;0;0;0;0;0;0;1;0;0;0;0;0
2011;953,00;0;0;0;1;0;0;0;0;0;0;0;0;0;0;0;0;0;0;0;0;0;0;0;0;0;0;0;0;0;0;0;0;0;0;0;0
2011;1022,00;0;0;0;0;0;0;0;0;0;0;0;0;0;0;0;1;0;0;0;0;0;0;0;0;0;0;0;0;0;0;1;0;0;0;0;0
2011;1049,00;0;0;0;0;0;0;0;0;0;0;0;0;0;0;0;1;0;0;0;0;0;0;0;0;0;0;0;0;0;0;1;0;0;0;0;0
2011;794,00;0;0;0;3;0;0;0;0;0;0;0;0;23;0;0;4;0;0;0;0;0;2;0;0;0;0;0;1;0;0;2;0;0;0;0;0
2011;415,00;2;0;2;0;0;0;1;0;1;0;0;0;0;0;0;1;0;1;0;0;0;0;0;0;0;0;0;0;0;0;1;0;0;2;0;2
2011;592,00;0;0;0;1;0;0;0;0;0;1;0;0;26;0;0;1;0;0;0;0;0;1;0;0;0;0;0;0;0;0;1;0;0;0;0;0
2011;497,00;0;0;0;1;0;0;0;0;0;0;0;0;28;0;0;1;0;0;0;0;0;1;0;0;0;0;0;0;0;0;1;0;0;0;0;0
2011;726,00;0;0;0;0;0;0;0;0;0;1;0;0;5;0;0;3;0;0;0;0;0;1;0;0;0;0;0;0;0;0;1;0;0;0;0;0
2011;272,00;0;0;0;0;0;0;0;0;0;0;0;0;26;0;0;1;0;0;0;0;0;1;0;0;0;0;0;0;0;0;1;0;0;0;0;0
2011;805,00;3;0;0;2;0;0;0;0;0;2;0;0;35;0;0;5;0;0;1;0;0;2;0;0;3;0;0;1;0;0;3;0;0;2;0;0
2011;5,00;0;0;0;0;0;0;0;0;0;1;0;0;0;0;0;1;0;0;0;0;0;1;0;0;0;0;0;0;0;0;1;0;0;0;0;0
2011;234,00;0;0;0;0;0;0;0;0;0;1;0;0;26;0;0;1;0;0;0;0;0;2;0;0;0;0;0;0;0;0;1;0;0;0;0;0
2011;64,00;0;0;0;0;0;0;0;0;0;0;0;0;0;0;0;0;0;0;0;0;0;0;0;0;0;0;0;0;0;0;0;0;0;0;0;0
2011;842,00;0;0;0;0;0;0;0;0;0;0;0;0;12;0;0;1;0;0;0;0;0;0;0;0;0;0;0;0;0;0;1;0;0;0;0;0
2011;843,00;0;0;0;0;0;0;0;0;0;0;0;0;4;0;0;1;0;0;0;0;0;0;0;0;0;0;0;0;0;0;1;0;0;0;0;0
2011;1025,00;0;0;0;1;0;0;0;0;0;1;0;0;0;0;0;1;0;0;1;0;0;1;0;0;1;0;0;0;0;0;1;0;0;1;0;0
2011;803,00;0;0;0;0;0;0;0;0;0;0;0;0;15;0;0;2;1;0;0;0;0;1;0;0;1;0;0;0;0;0;1;0;0;0;0;0
2011;211,00;0;0;0;0;0;0;0;0;0;1;0;0;0;0;0;1;0;0;0;0;0;1;0;0;0;0;0;0;0;0;2;0;0;0;0;0
2011;773,00;0;0;0;1;0;0;0;0;0;0;0;0;22;0;0;0;0;0;0;0;0;0;0;0;0;0;0;0;0;0;2;0;0;0;0;0
2011;424,00;0;0;0;0;0;0;0;0;0;1;0;1;0;0;0;1;0;1;0;0;0;1;0;1;0;0;0;0;0;0;1;0;1;0;0;0
2011;298,00;0;0;0;2;0;0;0;0;0;2;0;0;48;0;0;1;0;0;0;0;0;3;0;0;1;0;0;0;0;0;1;0;0;1;0;0
2011;594,00;0;0;0;1;0;0;0;0;0;0;0;0;0;0;0;1;0;0;0;0;0;1;0;0;0;0;0;0;0;0;1;0;0;0;0;0
2011;237,00;0;0;0;0;0;0;0;0;0;0;0;0;0;0;0;0;0;0;0;0;0;0;0;0;0;0;0;0;0;0;0;0;0;0;0;0
2011;16,00;0;0;0;0;0;0;0;0;0;0;0;0;0;0;0;0;0;0;0;0;0;0;0;0;0;0;0;0;0;0;0;0;0;0;0;0
2011;768,00;0;0;0;0;0;0;0;0;0;0;0;0;0;0;0;0;0;0;0;0;0;0;0;0;0;0;0;0;0;0;1;0;0;0;0;0
2011;617,00;0;0;0;0;0;0;0;0;0;0;0;0;20;0;0;1;0;0;0;0;0;1;0;1;0;0;0;0;0;0;1;0;0;0;0;0
2011;297,00;0;0;0;0;0;0;0;0;0;1;0;0;0;0;0;0;0;0;0;0;0;1;0;0;0;0;0;0;0;0;1;0;0;0;0;0
2011;105,00;0;0;0;0;0;0;0;0;0;0;0;0;0;0;0;0;0;0;0;0;0;0;0;0;0;0;0;0;0;0;0;0;0;0;0;0
2011;544,00;0;0;0;0;0;0;0;0;0;0;0;0;0;0;0;0;0;0;0;0;0;0;0;0;0;0;0;0;0;0;1;0;0;0;0;0
2011;804,00;0;0;0;0;0;0;0;0;0;1;0;0;17;0;0;1;0;0;0;0;0;1;0;0;0;0;0;0;0;0;1;0;0;0;0;0
2011;470,00;0;0;0;0;0;0;0;0;0;0;0;0;0;0;0;1;0;0;0;0;0;0;0;0;0;0;0;0;0;0;1;0;0;0;0;0
2011;104,00;0;0;0;0;0;0;0;0;0;0;0;0;0;0;0;0;0;0;0;0;0;0;0;0;0;0;0;0;0;0;0;0;0;0;0;0
2011;20,00;0;0;0;0;0;0;0;0;0;0;0;0;0;0;0;0;0;0;0;0;0;0;0;0;0;0;0;0;0;0;0;0;0;0;0;0
2011;550,00;0;0;0;0;0;0;0;0;0;0;0;0;0;0;0;0;0;0;0;0;0;0;0;0;0;0;0;0;0;0;1;0;0;0;0;0
2011;112,00;0;0;0;0;0;0;0;0;0;0;0;0;0;0;0;0;0;0;0;0;0;0;0;0;0;0;0;0;0;0;0;0;0;0;0;0
2011;818,00;0;0;0;0;0;0;0;0;0;0;0;0;0;0;0;0;0;0;0;0;0;0;0;0;0;0;0;0;0;0;0;0;0;0;0;0
2011;914,00;0;0;0;0;0;0;0;0;0;0;0;0;0;0;0;0;0;0;0;0;0;0;0;0;0;0;0;0;0;0;0;0;0;0;0;0
2011;928,00;3;0;0;0;0;0;0;0;0;0;0;0;0;0;0;1;0;0;0;0;0;0;0;0;0;0;0;0;0;0;0;0;0;0;0;0
2011;964,00;0;0;0;0;0;0;0;0;0;0;0;0;0;0;0;1;0;0;0;0;0;1;0;0;0;0;0;0;0;0;2;0;0;0;0;0
2011;1026,00;0;0;0;0;0;0;0;0;0;0;0;0;0;0;0;0;0;0;0;0;0;0;0;0;0;0;0;0;0;0;0;0;0;0;0;0
2011;1068,00;0;0;0;0;0;0;0;0;0;0;0;0;0;0;0;0;0;0;0;0;0;0;0;0;0;0;0;0;0;0;0;0;0;0;0;0
2011;738,00;2;0;0;1;0;0;0;0;0;1;0;0;30;0;0;2;0;0;0;0;0;1;0;0;2;0;0;1;0;0;1;0;0;1;0;0
2011;404,00;0;0;0;0;0;0;0;0;0;0;0;0;0;0;0;0;0;0;0;0;0;0;0;0;0;0;0;0;0;0;0;0;0;0;0;0
2011;274,00;0;0;0;0;0;0;0;0;0;0;0;0;0;0;0;1;0;0;0;0;0;1;0;0;1;0;0;1;0;0;1;0;0;1;0;0
2011;270,00;1;0;0;0;0;0;0;0;0;1;0;0;0;0;0;1;0;0;0;0;0;1;0;0;1;0;0;0;0;0;1;0;0;0;0;0
2011;676,00;0;0;0;0;0;0;0;0;0;0;0;0;0;0;0;1;0;0;0;0;0;0;0;0;0;0;0;0;0;0;1;0;0;0;0;0
2011;709,00;0;0;0;0;0;0;0;0;0;0;0;0;0;0;0;1;0;0;0;0;0;0;0;0;0;0;0;0;0;0;2;0;0;0;0;0
2011;754,00;2;0;0;2;0;0;0;0;0;2;0;0;41;0;0;5;0;0;1;0;0;2;0;0;2;0;0;0;0;0;2;0;0;1;0;0
2011;997,00;0;0;0;0;0;0;0;0;0;0;0;0;0;0;0;1;0;0;0;0;0;0;0;0;0;0;0;0;0;0;1;0;0;0;0;0
2011;734,00;0;0;0;1;0;0;0;0;0;0;0;0;18;0;0;2;1;0;0;0;0;1;0;0;0;0;0;0;0;0;1;0;0;0;0;0
2011;299,00;0;0;0;0;0;0;0;0;0;1;0;0;0;0;0;0;0;0;0;0;0;1;0;0;0;0;0;0;0;0;1;0;0;0;0;0
2011;645,00;0;0;0;0;0;0;0;0;0;1;0;0;0;0;0;0;0;0;0;0;0;0;0;0;0;0;0;0;0;0;1;0;0;0;0;0
2011;17,00;0;0;0;0;0;0;0;0;0;0;0;0;0;0;0;0;0;0;0;0;0;0;0;0;0;0;0;0;0;0;0;0;0;0;0;0
2011;1046,00;0;0;0;0;0;0;0;0;0;0;0;0;0;0;0;0;0;0;0;0;0;0;0;0;0;0;0;0;0;0;0;0;0;0;0;0
2011;420,00;0;0;0;0;0;0;0;0;0;0;0;0;0;0;0;0;0;0;0;0;0;1;0;0;0;0;0;0;0;0;0;0;0;0;0;0
2011;802,00;0;0;0;0;0;0;0;0;0;0;0;0;0;0;0;0;0;0;0;0;0;0;0;0;0;0;0;0;0;0;0;0;0;0;0;0
2011;266,00;0;0;0;1;0;0;0;0;0;1;0;0;22;0;0;1;0;0;0;0;0;1;0;0;0;0;0;0;0;0;1;0;0;0;0;0
2011;580,00;0;0;0;1;0;0;0;0;0;1;0;0;0;0;0;1;0;0;0;0;0;1;0;0;0;0;0;1;0;0;1;0;0;0;0;0
2011;137,00;0;0;0;0;0;0;0;0;0;1;0;1;0;0;0;1;0;1;0;0;0;1;0;1;0;0;0;0;0;0;1;0;1;0;0;0
2011;769,00;3;0;3;0;0;0;0;0;0;1;0;0;0;0;0;1;0;1;1;0;1;1;0;1;2;0;2;0;0;0;4;0;4;1;0;1
2011;776,00;0;0;0;0;0;0;0;0;0;0;0;0;0;0;0;1;0;0;0;0;0;0;0;0;0;0;0;0;0;0;0;0;0;0;0;0
2011;640,00;0;0;0;0;0;0;0;0;0;0;0;0;0;0;0;1;0;0;0;0;0;0;0;0;0;0;0;0;0;0;1;0;0;0;0;0
2011;315,00;0;0;0;0;0;0;0;0;0;0;0;0;0;0;0;0;0;0;0;0;0;0;0;0;0;0;0;0;0;0;0;0;0;0;0;0
2011;40,00;0;0;0;0;0;0;0;0;0;0;0;0;0;0;0;0;0;0;0;0;0;0;0;0;0;0;0;0;0;0;0;0;0;0;0;0
2011;508,00;0;0;0;0;0;0;0;0;0;0;0;0;0;0;0;1;0;0;0;0;0;1;0;0;0;0;0;0;0;0;1;0;0;0;0;0
2011;46,00;0;0;0;0;0;0;0;0;0;0;0;0;0;0;0;0;0;0;0;0;0;0;0;0;0;0;0;0;0;0;0;0;0;0;0;0
2011;590,00;0;0;0;0;0;0;0;0;0;0;0;0;13;0;0;1;0;0;0;0;0;0;0;0;0;0;0;0;0;0;0;0;0;0;0;0
2011;777,00;0;0;0;0;0;0;0;0;0;0;0;0;0;0;0;1;0;0;0;0;0;0;0;0;0;0;0;0;0;0;0;0;0;0;0;0
2011;897,00;2;0;0;3;0;0;0;0;0;0;0;0;45;0;0;5;0;0;0;0;0;0;0;0;0;0;0;0;0;0;1;0;0;0;0;0
2011;965,00;0;0;0;0;0;0;0;0;0;0;0;0;0;0;0;0;0;0;0;0;0;0;0;0;0;0;0;0;0;0;0;0;0;0;0;0
2011;671,00;0;0;0;0;0;0;0;0;0;0;0;0;0;0;0;1;0;0;0;0;0;1;0;0;0;0;0;0;0;0;2;0;0;0;0;0
2011;461,00;0;0;0;0;0;0;0;0;0;0;0;0;0;0;0;0;0;0;0;0;0;0;0;0;0;0;0;0;0;0;1;0;0;0;0;0
2011;376,00;0;0;0;0;0;0;0;0;0;1;0;0;0;0;0;1;0;0;0;0;0;0;0;0;0;0;0;0;0;0;0;0;0;0;0;0
2011;621,00;0;0;0;0;0;0;0;0;0;0;0;0;0;0;0;1;0;0;0;0;0;1;0;0;0;0;0;0;0;0;1;0;0;0;0;0
2011;793,00;2;0;0;1;0;0;1;0;0;0;1;0;40;0;0;3;0;0;0;0;0;1;0;0;1;0;0;0;0;0;1;1;0;1;0;0
2011;324,00;0;0;0;0;0;0;0;0;0;0;0;0;0;0;0;0;0;0;0;0;0;0;0;0;0;0;0;0;0;0;0;0;0;0;0;0
2011;712,00;0;0;0;0;0;0;0;0;0;0;0;0;15;0;0;1;0;0;0;0;0;0;0;0;0;0;0;0;0;0;2;0;0;0;0;0
2011;32,00;0;0;0;0;0;0;0;0;0;0;0;0;0;0;0;0;0;0;0;0;0;0;0;0;0;0;0;0;0;0;0;0;0;0;0;0
2011;361,00;0;0;0;0;0;0;0;0;0;0;0;0;0;0;0;1;0;0;0;0;0;0;0;0;0;0;0;0;0;0;2;0;0;0;0;0
2011;486,00;0;0;0;0;0;0;0;0;0;0;0;0;0;0;0;1;0;0;0;0;0;0;0;0;1;0;0;0;0;0;1;0;0;0;0;0
2011;595,00;0;0;0;0;0;0;0;0;0;0;0;0;16;0;0;1;0;0;0;0;0;0;0;0;0;0;0;0;0;0;2;0;0;0;0;0
2011;433,00;0;0;0;0;0;0;0;0;0;0;0;0;8;0;0;1;0;0;0;0;0;1;0;0;0;0;0;0;0;0;2;0;0;0;0;0
2011;1058,00;0;0;0;0;0;0;0;0;0;0;0;0;0;0;0;1;0;0;0;0;0;1;0;0;0;0;0;0;0;0;1;0;0;0;0;0
2011;261,00;0;0;0;0;0;0;0;0;0;0;0;0;0;0;0;0;0;0;0;0;0;0;0;0;0;0;0;0;0;0;0;0;0;0;0;0
2011;730,00;0;0;0;0;0;0;0;0;0;0;0;0;0;0;0;1;0;0;0;0;0;0;0;0;0;0;0;0;0;0;1;0;0;0;0;0
2011;577,00;0;0;0;0;0;0;0;0;0;0;0;0;0;0;0;1;0;0;0;0;0;0;0;0;0;0;0;0;0;0;1;0;0;0;0;0
2011;788,00;1;0;0;2;0;0;1;0;0;0;0;0;18;0;0;3;0;0;0;0;0;2;0;0;1;0;0;0;0;0;2;0;0;0;0;0
2011;865,00;0;0;0;0;0;0;0;0;0;0;0;0;0;0;0;1;0;0;0;0;0;0;0;0;0;0;0;0;0;0;1;0;0;0;0;0
2011;979,00;0;0;0;0;0;0;0;0;0;0;0;0;0;0;0;1;0;0;0;0;0;0;0;0;0;0;0;0;0;0;1;0;0;0;0;0
2011;998,00;0;0;0;0;0;0;0;0;0;0;0;0;0;0;0;0;0;0;0;0;0;0;0;0;0;0;0;0;0;0;1;0;0;0;0;0
2011;221,00;0;0;0;0;0;0;0;0;0;1;0;0;0;0;0;1;0;0;0;0;0;1;0;0;0;0;0;1;0;0;1;0;0;0;0;0
2011;462,00;0;0;0;0;0;0;0;0;0;0;0;0;0;0;0;0;0;0;0;0;0;0;0;0;0;0;0;0;0;0;1;0;0;0;0;0
2011;506,00;0;0;0;0;0;0;0;0;0;1;0;0;0;0;0;1;0;0;0;0;0;1;0;0;1;0;0;0;0;0;1;0;0;0;0;0
2011;727,00;0;0;0;0;0;0;0;0;0;0;0;0;11;0;0;1;0;0;0;0;0;1;0;0;0;0;0;0;0;0;1;0;0;0;0;0
2011;355,00;0;0;0;0;0;0;0;0;0;0;0;0;0;0;0;1;0;0;0;0;0;1;0;0;0;0;0;0;0;0;1;0;0;0;0;0
2011;42,00;0;0;0;0;0;0;0;0;0;0;0;0;0;0;0;0;0;0;0;0;0;0;0;0;0;0;0;0;0;0;0;0;0;0;0;0
2011;31,00;0;0;0;0;0;0;0;0;0;0;0;0;0;0;0;0;0;0;0;0;0;0;0;0;0;0;0;0;0;0;0;0;0;0;0;0
2011;740,00;0;0;0;2;0;0;0;0;0;1;0;0;20;0;0;3;0;0;0;0;0;1;0;0;2;0;0;1;0;0;2;1;0;0;0;0
2011;217,00;0;0;0;0;0;0;0;0;0;0;0;0;6;0;0;1;0;0;0;0;0;1;0;0;0;0;0;0;0;0;1;0;0;0;0;0
2011;863,00;0;0;0;0;0;0;0;0;0;0;0;0;0;0;0;1;0;1;0;0;0;1;0;1;0;0;0;0;0;0;1;0;1;0;0;0
2011;889,00;3;0;0;3;0;0;0;0;0;1;0;0;32;0;0;2;0;0;1;0;0;1;0;0;2;0;2;1;0;0;1;0;0;0;0;0
2011;984,00;0;0;0;0;0;0;0;0;0;1;0;0;0;0;0;1;0;0;1;0;0;1;0;0;0;0;0;0;0;0;1;0;0;0;0;0
2011;34,00;0;0;0;0;0;0;0;0;0;0;0;0;0;0;0;0;0;0;0;0;0;0;0;0;0;0;0;0;0;0;0;0;0;0;0;0
2011;791,00;0;0;0;1;0;0;0;0;0;1;0;0;0;0;0;2;0;0;0;0;0;2;0;0;0;0;0;0;0;0;1;0;0;0;0;0
2011;181,00;0;0;0;0;0;0;0;0;0;0;0;0;0;0;0;0;0;0;0;0;0;0;0;0;0;0;0;0;0;0;0;0;0;0;0;0
2011;430,00;0;0;0;0;0;0;0;0;0;0;0;0;0;0;0;0;0;0;0;0;0;0;0;0;0;0;0;0;0;0;0;0;0;0;0;0
2011;715,00;1;0;0;1;0;0;0;0;0;0;0;0;23;0;0;2;0;0;0;0;0;3;0;0;1;0;0;1;0;0;1;0;0;1;0;0
2011;521,00;0;0;0;0;0;0;0;0;0;0;0;0;0;0;0;0;0;0;0;0;0;0;0;0;0;0;0;0;0;0;0;0;0;0;0;0
2011;524,00;0;0;0;0;0;0;0;0;0;0;0;0;3;0;0;1;0;0;0;0;0;1;0;0;1;0;0;1;0;1;1;0;0;0;0;0
2011;432,00;0;0;0;0;0;0;0;0;0;0;0;0;0;0;0;0;0;0;0;0;0;0;0;0;0;0;0;0;0;0;0;0;0;0;0;0
2011;19,00;0;0;0;0;0;0;0;0;0;0;0;0;0;0;0;0;0;0;0;0;0;0;0;0;0;0;0;0;0;0;0;0;0;0;0;0
2011;25,00;0;0;0;0;0;0;0;0;0;0;0;0;0;0;0;0;0;0;0;0;0;0;0;0;0;0;0;0;0;0;0;0;0;0;0;0
2011;26,00;0;0;0;0;0;0;0;0;0;0;0;0;0;0;0;0;0;0;0;0;0;0;0;0;0;0;0;0;0;0;0;0;0;0;0;0
2011;890,00;0;0;0;1;0;0;0;0;0;0;0;0;26;0;0;2;0;0;0;0;0;1;0;0;0;0;0;0;0;0;2;0;0;0;0;0
2011;904,00;0;0;0;0;0;0;0;0;0;0;0;0;0;0;0;1;0;0;0;0;0;1;0;1;0;0;0;0;0;0;1;0;0;0;0;0
2011;957,00;4;0;0;6;0;0;0;0;0;1;0;0;37;0;0;5;0;0;1;0;0;4;0;0;0;0;0;0;0;0;2;0;0;3;0;0
2011;939,00;3;0;0;1;0;0;0;0;0;1;0;0;31;0;0;3;0;0;0;0;0;2;0;0;3;0;0;0;0;0;2;3;0;1;0;0
2011;236,00;0;0;0;0;0;0;0;0;0;0;0;0;11;0;0;1;0;0;0;0;0;1;0;0;1;0;0;0;0;0;1;0;0;0;0;0
2011;735,00;3;0;0;2;0;0;0;0;0;1;0;0;35;0;0;2;0;0;1;0;0;2;0;0;3;0;0;1;0;0;2;1;0;3;0;0
2011;146,00;0;0;0;0;0;0;0;0;0;0;0;0;0;0;0;0;0;0;0;0;0;0;0;0;0;0;0;0;0;0;0;0;0;0;0;0
2011;363,00;0;0;0;0;0;0;0;0;0;0;0;0;0;0;0;1;0;0;0;0;0;1;0;0;0;0;0;0;0;0;0;0;0;0;0;0
2011;187,00;0;0;0;0;0;0;0;0;0;0;0;0;20;0;0;1;0;0;0;0;0;1;0;0;0;0;0;0;0;0;1;0;0;0;0;0
2011;265,00;0;0;0;0;0;0;0;0;0;0;0;0;0;0;0;1;0;0;0;0;0;1;0;0;0;0;0;0;0;0;1;0;0;0;0;0
2011;295,00;0;0;0;0;0;0;0;0;0;1;0;0;0;0;0;1;0;0;0;0;0;1;0;0;0;0;0;0;0;0;1;0;0;0;0;0
2011;496,00;0;0;0;1;0;1;0;0;0;0;0;0;0;0;0;1;0;1;0;0;0;2;0;2;0;0;0;0;0;0;1;0;1;0;0;0
2011;77,00;0;0;0;0;0;0;0;0;0;0;0;0;0;0;0;0;0;0;0;0;0;0;0;0;0;0;0;0;0;0;0;0;0;0;0;0
2011;391,00;0;0;0;0;0;0;0;0;0;0;0;0;0;0;0;1;0;0;0;0;0;0;0;0;0;0;0;1;0;0;0;0;0;0;0;0
2011;240,00;0;0;0;1;0;0;0;0;0;1;0;0;4;0;0;1;0;0;0;0;0;1;0;0;0;0;0;0;0;0;1;0;0;0;0;0
2011;448,00;0;0;0;0;0;0;0;0;0;0;0;0;6;0;0;1;0;0;0;0;0;0;0;0;0;0;0;0;0;0;1;0;0;0;0;0
2011;151,00;0;0;0;0;0;0;0;0;0;0;0;0;0;0;0;0;0;0;0;0;0;0;0;0;0;0;0;0;0;0;0;0;0;0;0;0
2011;425,00;0;0;0;0;0;0;0;0;0;0;0;0;6;0;0;1;0;0;0;0;0;0;0;0;0;0;0;0;0;0;1;0;0;0;0;0
2011;300,00;0;0;0;0;0;0;0;0;0;0;0;0;0;0;0;1;0;0;0;0;0;0;0;0;0;0;0;0;0;0;1;0;0;0;0;0
2011;339,00;0;0;0;1;0;0;0;0;0;1;0;0;1;0;0;1;0;0;0;0;0;1;0;0;1;0;0;0;0;0;1;0;0;0;0;0
2011;826,00;0;0;0;0;0;0;0;0;0;0;0;0;0;0;0;0;0;0;0;0;0;0;0;0;0;0;0;0;0;0;0;0;0;0;0;0
2011;874,00;0;0;0;0;0;0;0;0;0;0;0;0;31;0;0;1;0;0;0;0;0;0;0;0;0;0;0;0;0;0;1;0;0;0;0;0
2011;905,00;2;0;0;3;0;0;1;0;0;1;0;0;9;0;0;3;0;0;0;0;0;1;0;1;1;0;0;1;0;0;1;1;0;2;0;0
2011;736,00;3;0;0;3;0;0;0;0;0;0;0;0;16;0;0;4;0;0;1;0;0;3;0;0;0;0;0;1;0;0;3;0;0;3;0;0
2011;459,00;0;0;0;0;0;0;0;0;0;0;0;0;0;0;0;0;0;0;0;0;0;0;0;0;0;0;0;0;0;0;0;0;0;0;0;0
2011;320,00;0;0;0;0;0;0;0;0;0;0;0;0;0;0;0;0;0;0;0;0;0;0;0;0;0;0;0;0;0;0;0;0;0;0;0;0
2011;45,00;0;0;0;0;0;0;0;0;0;0;0;0;0;0;0;0;0;0;0;0;0;0;0;0;0;0;0;0;0;0;0;0;0;0;0;0
2011;292,00;0;0;0;0;0;0;0;0;0;0;0;0;0;0;0;0;0;0;0;0;0;0;0;0;0;0;0;0;0;0;0;0;0;0;0;0
2011;618,00;0;0;0;0;0;0;0;0;0;0;0;0;0;0;0;1;0;0;0;0;0;0;0;0;0;0;0;0;0;0;1;0;0;0;0;0
2011;463,00;0;0;0;0;0;0;0;0;0;0;0;0;0;0;0;2;0;0;0;0;0;1;0;1;0;0;0;0;0;0;1;0;0;0;0;0
2011;891,00;1;0;0;0;0;0;0;0;0;0;0;0;0;0;0;1;0;0;0;0;0;1;0;0;0;0;0;0;0;0;0;0;0;0;0;0
2011;958,00;0;0;0;0;0;0;0;0;0;1;0;0;15;0;0;1;0;0;0;0;0;1;0;0;0;0;0;0;0;0;1;0;0;0;0;0
2011;244,00;0;0;0;0;0;0;0;0;0;0;0;0;0;0;0;1;0;0;0;0;0;0;0;0;0;0;0;0;0;0;1;0;0;0;0;0
2011;28,00;0;0;0;0;0;0;0;0;0;0;0;0;0;0;0;0;0;0;0;0;0;0;0;0;0;0;0;0;0;0;0;0;0;0;0;0
2011;444,00;0;0;0;0;0;0;0;0;0;0;0;0;0;0;0;1;0;0;0;0;0;0;0;0;0;0;0;0;0;0;1;0;0;0;0;0
2011;479,00;0;0;0;0;0;0;0;0;0;0;0;0;0;0;0;0;0;0;0;0;0;0;0;0;0;0;0;0;0;0;0;0;0;0;0;0
2011;285,00;0;0;0;0;0;0;0;0;0;0;0;0;30;0;0;1;0;0;0;0;0;1;0;0;0;0;0;0;0;0;1;0;0;0;0;0
2011;253,00;0;0;0;1;0;0;0;0;0;1;0;0;0;0;0;1;0;0;0;0;0;2;0;0;0;0;0;0;0;0;3;0;0;0;0;0
2011;481,00;0;0;0;0;0;0;0;0;0;1;0;0;1;0;0;1;0;0;0;0;0;1;0;0;0;0;0;1;0;0;1;0;0;0;0;0
2011;540,00;2;0;0;1;0;0;0;0;0;0;0;0;0;0;0;1;0;0;0;0;0;2;0;0;1;0;0;0;0;0;1;0;0;0;0;0
2011;332,00;0;0;0;0;0;0;0;0;0;0;0;0;0;0;0;0;0;0;0;0;0;0;0;0;0;0;0;0;0;0;0;0;0;0;0;0
2011;41,00;0;0;0;0;0;0;0;0;0;0;0;0;0;0;0;0;0;0;0;0;0;0;0;0;0;0;0;0;0;0;0;0;0;0;0;0
2011;510,00;0;0;0;0;0;0;0;0;0;1;0;0;0;0;0;1;0;0;0;0;0;2;0;0;0;0;0;0;0;0;1;0;0;0;0;0
2011;305,00;0;0;0;0;0;0;0;0;0;0;0;0;0;0;0;0;0;0;0;0;0;0;0;0;0;0;0;0;0;0;1;0;0;0;0;0
2011;708,00;0;0;0;0;0;0;0;0;0;0;0;0;0;0;0;2;0;0;0;0;0;0;0;0;0;0;0;0;0;0;2;0;0;0;0;0
2011;755,00;4;0;0;2;0;0;0;0;0;1;0;0;45;0;0;8;0;0;1;0;0;3;0;0;5;0;0;1;0;0;5;2;0;1;0;0
2011;750,00;3;0;0;4;0;0;0;0;0;2;0;0;40;0;0;5;0;0;0;0;0;1;0;0;3;0;0;0;0;0;3;1;0;0;0;0
2011;696,00;0;0;0;1;0;0;0;0;0;0;0;0;0;0;0;3;0;0;0;0;0;1;0;0;0;0;0;1;0;0;3;0;0;0;0;0
2011;434,00;0;0;0;0;0;0;0;0;0;0;0;0;0;0;0;1;0;0;0;0;0;0;0;0;0;0;0;0;0;0;1;0;0;0;0;0
2011;421,00;0;0;0;0;0;0;0;0;0;0;0;0;0;0;0;1;0;0;0;0;0;1;0;0;0;0;0;0;0;0;0;0;0;0;0;0
2011;827,00;0;0;0;0;0;0;0;0;0;0;0;0;0;0;0;0;0;0;0;0;0;0;0;0;0;0;0;0;0;0;0;0;0;0;0;0
2011;933,00;0;0;0;0;0;0;0;0;0;0;0;0;0;0;0;2;0;0;0;0;0;1;0;0;0;0;0;0;0;0;2;0;0;0;0;0
2011;1030,00;0;0;0;1;0;0;0;0;0;1;0;0;0;0;0;1;0;0;0;0;0;1;0;0;0;0;0;1;0;0;1;0;0;0;0;0
2011;1003,00;0;0;0;0;0;0;0;0;0;0;0;0;0;0;0;1;0;0;0;0;0;0;0;0;0;0;0;0;0;0;1;0;0;0;0;0
2011;1050,00;0;0;0;1;0;0;0;0;0;0;0;0;0;0;0;1;0;0;0;0;0;0;0;0;0;0;0;0;0;0;1;0;0;0;0;0
2011;1043,00;0;0;0;0;0;0;0;0;0;1;0;0;0;0;0;1;0;0;0;0;0;1;0;0;0;0;0;0;0;0;1;0;0;0;0;0
2011;934,00;0;0;0;1;0;0;0;0;0;1;0;0;27;0;0;1;0;0;0;0;0;1;0;0;0;0;0;0;0;0;2;0;0;0;0;0
2011;629,00;0;0;0;1;0;0;0;0;0;1;0;1;20;0;0;1;0;1;0;0;0;1;0;1;1;0;0;0;0;0;1;0;0;1;0;0
2011;21,00;0;0;0;0;0;0;0;0;0;0;0;0;0;0;0;0;0;0;0;0;0;0;0;0;0;0;0;0;0;0;0;0;0;0;0;0
2011;615,00;0;0;0;0;0;0;0;0;0;1;0;0;0;0;0;1;0;0;0;0;0;1;0;0;0;0;0;0;0;0;1;0;0;0;0;0
2011;626,00;0;0;0;0;0;0;0;0;0;1;0;0;0;0;0;0;0;0;0;0;0;0;0;0;0;0;0;0;0;0;1;0;0;0;0;0
2011;417,00;0;0;0;0;0;0;0;0;0;0;0;0;0;0;0;0;0;0;0;0;0;0;0;0;0;0;0;0;0;0;0;0;0;0;0;0
2011;597,00;0;0;0;0;0;0;0;0;0;1;0;0;0;0;0;1;0;0;0;0;0;0;0;0;0;0;0;0;0;0;1;0;0;0;0;0
2011;539,00;3;0;0;1;0;0;0;0;0;1;0;0;0;0;0;2;0;0;1;0;0;2;0;1;1;0;1;0;0;0;1;0;0;1;0;1
2011;343,00;0;0;0;0;0;0;0;0;0;0;0;0;0;0;0;1;0;0;0;0;0;0;0;0;0;0;0;0;0;0;1;0;0;0;0;0
2011;135,00;0;0;0;0;0;0;0;0;0;0;0;0;0;0;0;0;0;0;0;0;0;0;0;0;0;0;0;0;0;0;0;0;0;0;0;0
2011;158,00;0;0;0;0;0;0;0;0;0;0;0;0;0;0;0;0;0;0;0;0;0;0;0;0;0;0;0;0;0;0;0;0;0;0;0;0
2011;775,00;0;0;0;0;0;0;0;0;0;1;0;0;0;0;0;1;0;0;0;0;0;1;0;1;0;0;0;0;0;0;2;0;0;0;0;0
2011;177,00;1;0;1;0;0;0;0;0;0;0;0;0;45;0;0;0;0;0;0;0;0;0;0;0;0;0;0;0;0;0;0;0;0;0;0;0
2011;578,00;0;0;0;0;0;0;0;0;0;0;0;0;0;0;0;0;0;0;0;0;0;0;0;0;0;0;0;0;0;0;1;0;0;0;0;0
2011;416,00;0;0;0;0;0;0;0;0;0;1;0;0;0;0;0;0;0;0;0;0;0;1;0;0;0;0;0;0;0;0;1;0;0;0;0;0
2011;561,00;0;0;0;0;0;0;0;0;0;0;0;0;20;0;0;1;0;0;0;0;0;0;0;0;0;0;0;0;0;0;1;0;0;0;0;0
2011;828,00;0;0;0;0;0;0;0;0;0;0;0;0;0;0;0;0;0;0;0;0;0;0;0;0;0;0;0;0;0;0;0;0;0;0;0;0
2011;860,00;0;0;0;0;0;0;0;0;0;0;0;0;0;0;0;1;0;0;0;0;0;0;0;0;0;0;0;0;0;0;1;0;0;0;0;0
2011;935,00;0;0;0;0;0;0;0;0;0;0;0;0;0;0;0;0;0;0;0;0;0;0;0;0;0;0;0;0;0;0;0;0;0;0;0;0
2011;936,00;0;0;0;0;0;0;0;0;0;0;0;0;0;0;0;0;0;0;0;0;0;0;0;0;0;0;0;0;0;0;0;0;0;0;0;0
2011;986,00;0;0;0;0;0;0;0;0;0;0;0;0;0;0;0;0;0;0;0;0;0;0;0;0;0;0;0;0;0;0;0;0;0;0;0;0
2011;987,00;0;0;0;0;0;0;0;0;0;0;0;0;0;0;0;1;0;0;0;0;0;0;0;0;0;0;0;0;0;0;1;0;0;0;0;0
2011;1021,00;0;0;0;0;0;0;0;0;0;0;0;0;0;0;0;0;0;0;0;0;0;0;0;0;0;0;0;0;0;0;0;0;0;0;0;0
2011;658,00;0;0;0;0;0;0;0;0;0;0;0;0;21;0;0;1;0;0;0;0;0;1;0;0;0;0;0;0;0;0;1;0;0;0;0;0
2011;353,00;0;0;0;0;0;0;0;0;0;0;0;0;0;0;0;0;0;0;0;0;0;0;0;0;0;0;0;0;0;0;1;0;0;0;0;0
2011;323,00;0;0;0;0;0;0;0;0;0;0;0;0;0;0;0;0;0;0;0;0;0;0;0;0;0;0;0;0;0;0;0;0;0;0;0;0
2011;620,00;0;0;0;0;0;0;0;0;0;0;0;0;20;0;0;1;0;0;0;0;0;0;0;0;0;0;0;0;0;0;1;0;0;0;0;0
2011;384,00;0;0;0;0;0;0;0;0;0;0;0;0;0;0;0;0;0;0;0;0;0;1;0;0;0;0;0;0;0;0;0;0;0;0;0;0
2011;484,00;0;0;0;0;0;0;0;0;0;0;0;0;0;0;0;1;0;0;0;0;0;0;0;0;0;0;0;1;0;0;2;0;0;0;0;0
2011;554,00;0;0;0;0;0;0;0;0;0;1;0;0;0;0;0;1;0;0;0;0;0;1;0;0;0;0;0;0;0;0;1;0;0;0;0;0
2011;209,00;0;0;0;0;0;0;0;0;0;0;0;0;0;0;0;1;0;0;0;0;0;1;0;0;0;0;0;0;0;0;1;0;0;0;0;0
2011;707,00;0;0;0;1;0;0;0;0;0;0;0;0;20;0;0;2;3;0;0;0;0;2;0;0;0;0;0;0;0;0;1;0;0;0;0;0
2011;395,00;0;0;0;0;0;0;0;0;0;0;0;0;0;0;0;0;0;0;0;0;0;0;0;0;0;0;0;0;0;0;0;0;0;0;0;0
2011;969,00;0;0;0;0;0;0;0;0;0;1;0;0;0;0;0;1;0;0;0;0;0;1;0;0;1;0;0;0;0;0;1;0;0;0;0;0
2011;1052,00;0;0;0;0;0;0;0;0;0;0;0;0;0;0;0;0;0;0;0;0;0;0;0;0;0;0;0;0;0;0;0;0;0;0;0;0
2011;739,00;2;0;0;3;0;0;0;0;0;2;0;0;19;0;0;6;0;0;0;0;0;5;0;0;1;0;0;1;0;0;2;0;0;2;0;0
2011;613,00;0;0;0;1;0;0;0;0;0;0;1;0;21;0;0;2;0;0;0;0;0;1;0;0;1;0;0;1;0;0;1;0;0;2;0;0
2011;593,00;0;0;0;0;0;0;0;0;0;0;0;0;0;0;0;2;0;0;0;0;0;1;0;0;0;0;0;0;0;0;1;0;0;0;0;0
2011;704,00;2;0;0;2;0;0;0;0;0;0;0;0;17;0;0;3;0;0;0;0;0;3;0;0;2;0;0;0;0;0;1;0;0;0;0;0
2011;493,00;0;0;0;0;0;0;0;0;0;1;0;0;0;0;0;1;0;0;0;0;0;0;0;0;0;0;0;0;0;0;0;0;0;0;0;0
2011;686,00;2;0;0;1;0;0;0;0;0;1;0;0;22;0;0;2;0;0;1;0;1;2;0;0;1;0;1;0;0;0;1;0;0;0;0;0
2011;257,00;0;0;0;1;0;0;0;0;0;1;0;0;14;0;0;1;0;0;1;0;0;2;0;0;1;0;0;1;0;0;1;0;0;0;0;0
2011;494,00;0;0;0;0;0;0;0;0;0;0;0;0;26;0;26;1;0;0;0;0;0;0;0;0;0;0;0;0;0;0;1;0;0;0;0;0
2011;681,00;3;0;3;1;0;1;0;0;0;1;0;1;1;0;1;3;0;3;1;0;1;1;0;1;1;0;1;0;0;0;4;0;4;1;0;1
2011;286,00;2;0;0;0;0;0;0;0;0;1;0;0;25;0;20;1;0;0;0;0;0;2;0;0;0;0;0;1;0;0;1;0;0;0;0;0
2011;255,00;0;0;0;1;0;0;0;0;0;1;0;0;1;0;0;1;0;0;0;0;0;2;0;0;0;0;0;0;0;0;1;0;0;0;0;0
2011;79,00;0;0;0;0;0;0;0;0;0;0;0;0;0;0;0;0;0;0;0;0;0;0;0;0;0;0;0;0;0;0;0;0;0;0;0;0
2011;81,00;0;0;0;0;0;0;0;0;0;0;0;0;0;0;0;0;0;0;0;0;0;0;0;0;0;0;0;0;0;0;0;0;0;0;0;0
2011;688,00;0;0;0;0;0;0;0;0;0;0;0;0;17;0;0;1;0;0;0;0;0;1;0;0;0;0;0;0;0;0;1;0;0;0;0;0
2011;531,00;0;0;0;0;0;0;0;0;0;0;1;0;32;0;0;1;0;0;0;0;0;1;0;0;0;0;0;0;0;0;1;0;0;0;0;0
2011;514,00;0;0;0;0;0;0;0;0;0;0;1;0;0;0;0;1;0;0;0;0;0;0;0;0;0;0;0;0;0;0;1;0;0;0;0;0
2011;499,00;0;0;0;0;0;0;0;0;0;0;0;0;0;0;0;1;0;0;0;0;0;1;0;0;0;0;0;0;0;0;0;0;0;0;0;0
2011;532,00;0;0;0;0;0;0;0;0;0;1;0;0;0;0;0;1;0;0;0;0;0;1;0;0;0;0;0;0;0;0;1;1;0;0;0;0
2011;190,00;0;0;0;0;0;0;0;0;0;0;0;0;0;0;0;0;0;0;0;0;0;0;0;0;0;0;0;0;0;0;0;0;0;0;0;0
2011;598,00;0;0;0;0;0;0;0;0;0;0;0;0;17;0;17;1;0;0;0;0;0;0;0;0;0;0;0;0;0;0;1;0;0;0;0;0
2011;260,00;0;0;0;1;0;0;0;0;0;1;0;0;2;0;0;2;0;0;2;0;0;3;0;0;2;0;0;0;0;0;2;0;0;1;0;0
2011;838,00;0;0;0;0;0;0;0;0;0;0;0;0;0;0;0;1;0;0;0;0;0;1;0;0;0;0;0;0;0;0;1;0;0;0;0;0
2011;839,00;0;0;0;0;0;0;0;0;0;1;0;0;0;0;0;1;0;0;0;0;0;1;0;0;0;0;0;0;0;0;1;0;0;0;0;0
2011;851,00;0;0;0;0;0;0;0;0;0;0;0;0;0;0;0;0;0;0;0;0;0;0;0;0;0;0;0;0;0;0;0;0;0;0;0;0
2011;852,00;2;0;0;1;0;0;0;0;0;1;0;0;35;0;0;3;0;0;1;0;0;1;0;0;1;0;0;1;0;0;1;0;0;1;0;0
2011;988,00;0;0;0;0;0;0;0;0;0;0;0;0;0;0;0;0;0;0;0;0;0;0;0;0;0;0;0;0;0;0;0;0;0;0;0;0
2011;1056,00;0;0;0;1;0;0;0;0;0;1;0;0;16;0;0;1;0;0;0;0;0;1;0;0;0;0;0;0;0;0;1;0;0;0;0;0
2011;1044,00;0;0;0;0;0;0;0;0;0;0;0;0;0;0;0;0;0;0;0;0;0;0;0;0;0;0;0;0;0;0;0;0;0;0;0;0
2011;644,00;0;0;0;1;0;0;0;0;0;1;0;0;17;0;0;2;0;0;0;0;0;2;0;0;0;0;0;0;0;0;2;0;0;0;0;0
2011;752,00;2;0;0;1;0;0;0;0;0;0;0;0;27;0;0;3;0;0;0;0;0;2;0;0;1;0;0;0;0;0;1;1;0;2;0;0
2011;238,00;0;0;0;1;0;0;0;0;0;0;0;0;1;0;0;1;0;0;0;0;0;1;0;0;0;0;0;0;0;0;2;0;0;0;0;0
2011;325,00;0;0;0;0;0;0;0;0;0;0;0;0;0;0;0;0;0;0;0;0;0;0;0;0;0;0;0;0;0;0;0;0;0;0;0;0
2011;622,00;0;0;0;0;0;0;0;0;0;0;0;0;0;0;0;1;0;0;0;0;0;0;0;0;0;0;0;0;0;0;1;0;0;0;0;0
2011;879,00;0;0;0;0;0;0;0;0;0;0;0;0;0;0;0;1;0;0;0;0;0;1;0;0;0;0;0;0;0;0;0;0;0;0;0;0
2011;906,00;2;0;0;0;0;0;0;0;0;0;0;0;0;0;0;2;0;0;0;0;0;2;0;0;0;0;0;0;0;0;1;0;0;0;0;0
2011;370,00;0;0;0;0;0;0;0;0;0;0;0;0;0;0;0;0;0;0;0;0;0;0;0;0;0;0;0;0;0;0;0;0;0;0;0;0
2011;418,00;0;0;0;0;0;0;0;0;0;0;0;0;0;0;0;0;0;0;0;0;0;1;0;0;0;0;0;1;0;0;0;0;0;0;0;0
2011;574,00;0;0;0;0;0;0;0;0;0;0;0;0;0;0;0;0;0;0;0;0;0;1;0;0;0;0;0;0;0;0;0;0;0;0;0;0
2011;399,00;0;0;0;0;0;0;0;0;0;0;0;0;0;0;0;0;0;0;0;0;0;0;0;0;0;0;0;0;0;0;0;0;0;0;0;0
2011;195,00;0;0;0;0;0;0;0;0;0;0;0;0;0;0;0;0;0;0;0;0;0;0;0;0;0;0;0;0;0;0;0;0;0;0;0;0
2011;783,00;3;0;0;1;0;0;0;0;0;1;1;0;16;0;0;4;0;0;0;0;0;2;0;0;2;0;0;0;0;0;3;0;0;0;0;0
2011;188,00;1;0;0;0;0;0;0;0;0;1;0;0;0;0;0;2;0;0;1;0;0;1;0;0;1;0;0;1;0;0;1;0;0;1;0;0
2011;263,00;0;0;0;0;0;0;0;0;0;0;0;0;14;0;0;1;0;0;0;0;0;2;0;0;0;0;0;1;0;0;0;0;0;0;0;0
2011;194,00;0;0;0;0;0;0;0;0;0;1;0;0;0;0;0;1;0;0;0;0;0;0;0;0;0;0;0;0;0;0;1;0;0;0;0;0
2011;214,00;0;0;0;0;0;0;0;0;0;0;0;0;0;0;0;0;0;0;0;0;0;0;0;0;0;0;0;0;0;0;1;0;0;0;0;0
2011;785,00;3;0;0;3;0;0;0;0;0;2;0;0;38;0;0;4;0;0;1;0;0;2;0;0;3;0;0;0;0;0;3;2;0;1;0;0
2011;780,00;0;0;0;0;0;0;0;0;0;0;0;0;0;0;0;1;0;0;0;0;0;0;0;0;0;0;0;0;0;0;1;1;0;0;0;0
2011;83,00;0;0;0;0;0;0;0;0;0;0;0;0;0;0;0;0;0;0;0;0;0;0;0;0;0;0;0;0;0;0;0;0;0;0;0;0
2011;782,00;0;0;0;1;0;0;0;0;0;0;0;0;23;0;0;2;0;0;0;0;0;0;0;0;0;0;0;1;0;0;2;0;0;0;0;0
2011;369,00;0;0;0;0;0;0;0;0;0;0;0;0;0;0;0;0;0;0;0;0;0;0;0;0;0;0;0;0;0;0;0;0;0;0;0;0
2011;84,00;0;0;0;0;0;0;0;0;0;0;0;0;0;0;0;0;0;0;0;0;0;0;0;0;0;0;0;0;0;0;0;0;0;0;0;0
2011;713,00;0;0;0;0;0;0;0;0;0;0;0;0;0;0;0;1;0;0;0;0;0;1;0;0;0;0;0;0;0;0;1;0;0;0;0;0
2011;85,00;0;0;0;0;0;0;0;0;0;0;0;0;0;0;0;0;0;0;0;0;0;0;0;0;0;0;0;0;0;0;0;0;0;0;0;0
2011;86,00;0;0;0;0;0;0;0;0;0;0;0;0;0;0;0;0;0;0;0;0;0;0;0;0;0;0;0;0;0;0;0;0;0;0;0;0
2011;941,00;0;0;0;0;0;0;0;0;0;0;0;0;0;0;0;0;0;0;0;0;0;0;0;0;0;0;0;0;0;0;0;0;0;0;0;0
2011;1045,00;1;0;0;1;0;0;0;0;0;1;0;0;0;0;0;1;0;0;1;0;0;1;0;0;1;0;0;0;0;0;1;0;0;0;0;0
2011;937,00;1;0;0;0;0;0;0;0;0;1;0;0;45;0;0;3;0;0;0;0;0;1;0;0;0;0;0;0;0;0;4;0;0;0;0;0
2011;1004,00;0;0;0;0;0;0;0;0;0;0;0;0;0;0;0;1;0;0;0;0;0;1;0;0;0;0;0;0;0;0;1;0;0;0;0;0
2011;737,00;3;0;0;1;0;0;0;0;0;0;0;0;21;0;0;2;0;0;0;0;0;1;0;0;2;0;0;1;0;0;2;1;0;2;0;0
2011;765,00;1;0;0;2;0;0;0;0;0;1;0;0;36;0;0;5;0;0;0;0;0;3;0;0;2;0;0;0;0;0;3;2;0;2;0;0
2011;329,00;0;0;0;0;0;0;0;0;0;0;0;0;0;0;0;1;0;0;0;0;0;1;0;0;0;0;0;0;0;0;1;1;0;0;0;0
2011;87,00;0;0;0;0;0;0;0;0;0;0;0;0;0;0;0;0;0;0;0;0;0;0;0;0;0;0;0;0;0;0;0;0;0;0;0;0
2011;527,00;0;0;0;0;0;0;0;0;0;0;0;0;0;0;0;1;0;0;0;0;0;0;0;0;0;0;0;0;0;0;2;0;0;0;0;0
2011;562,00;0;0;0;1;0;0;0;0;0;0;0;0;0;0;0;1;0;0;0;0;0;1;0;0;0;0;0;1;0;0;0;0;0;0;0;0
2011;251,00;0;0;0;0;0;0;0;0;0;1;0;0;0;0;0;1;0;0;0;0;0;1;0;0;0;0;0;0;0;0;1;0;0;0;0;0
2011;129,00;0;0;0;0;0;0;0;0;0;0;0;0;0;0;0;0;0;0;0;0;0;0;0;0;0;0;0;0;0;0;0;0;0;0;0;0
2011;154,00;0;0;0;0;0;0;0;0;0;0;0;0;37;0;0;0;0;0;0;0;0;0;0;0;0;0;0;0;0;0;0;0;0;0;0;0
2011;516,00;1;0;0;0;0;0;0;0;0;1;0;0;0;0;0;1;0;0;1;0;0;2;0;0;0;0;0;0;0;0;2;0;0;0;0;0
2011;184,00;0;0;0;0;0;0;0;0;0;0;0;0;0;0;0;0;0;0;0;0;0;1;0;0;0;0;0;0;0;0;0;0;0;0;0;0
2011;652,00;0;0;0;0;0;0;0;0;0;1;0;0;13;0;0;1;0;0;0;0;0;0;0;0;0;0;0;0;0;0;1;0;0;0;0;0
2011;637,00;0;0;0;0;0;0;0;0;0;0;0;0;12;0;0;1;0;0;0;0;0;0;0;0;0;0;0;0;0;0;1;0;0;0;0;0
2011;88,00;0;0;0;0;0;0;0;0;0;0;0;0;0;0;0;0;0;0;0;0;0;0;0;0;0;0;0;0;0;0;0;0;0;0;0;0
2011;907,00;0;0;0;0;0;0;0;0;0;0;0;0;0;0;0;0;0;0;0;0;0;0;0;0;0;0;0;0;0;0;0;0;0;0;0;0
2011;970,00;0;0;0;0;0;0;0;0;0;0;0;0;0;0;0;0;0;0;0;0;0;0;0;0;0;0;0;0;0;0;0;0;0;0;0;0
2011;1019,00;0;0;0;0;0;0;0;0;0;0;0;0;0;0;0;1;0;0;0;0;0;1;0;0;0;0;0;0;0;0;1;0;0;0;0;0
2011;1016,00;0;0;0;1;0;0;0;0;0;0;0;0;0;0;0;1;0;0;0;0;0;1;0;0;0;0;0;0;0;0;1;0;0;0;0;0
2011;1047,00;0;0;0;0;0;0;0;0;0;1;0;0;0;0;0;1;0;0;0;0;0;1;0;1;0;0;0;0;0;0;1;0;0;0;0;0
2011;635,00;0;0;0;0;0;0;0;0;0;1;0;0;15;0;0;1;0;0;0;0;0;0;0;0;0;0;0;0;0;0;1;0;0;0;0;0
