"año";"NCODI";"biopsias_hosp";"biopsias_CEP";"necropsias_hosp";"angio_hosp";"angio_CEP";"densiometrias_hosp";"densiometrias_CEP";"gamma_hosp";"gamma_CEP";"mamo_hosp";"mamo_CEP";"pet_hosp";"pet_CEP";"resonancia_hosp";"resonancia_CEP";"rx_hosp";"rx_CEP";"spect_hosp";"spect_CEP";"tac_hosp";"tac_CEP";"Colonosopia";"Broncoscopia";"ERCP"
2011;781,00;22666;0;157;227;0;0;0;0;0;4334;0;0;0;0;0;138344;0;0;0;13603;0;0;0;0
2011;779,00;29513;0;31;378;0;3247;0;2584;0;22455;0;0;0;0;0;66085;0;512;0;8013;0;0;0;0
2011;113,00;0;0;0;0;0;0;0;0;0;0;0;0;0;0;0;0;0;0;0;0;0;0;0;0
2011;619,00;0;0;0;0;0;0;0;0;0;1249;0;0;0;3331;0;8499;0;0;0;1088;0;0;0;0
2011;163,00;122;0;0;0;0;0;0;0;0;0;0;0;0;4856;0;7349;0;0;0;1261;0;0;0;0
2011;131,00;0;0;0;0;0;0;0;0;0;0;0;0;0;0;0;0;0;0;0;0;0;0;0;0
2011;375,00;0;0;0;0;0;0;0;0;0;0;0;0;0;0;0;2026;0;0;0;0;0;0;0;0
2011;764,00;21413;0;17;566;0;2504;0;0;0;4950;0;0;0;4988;0;181854;0;0;0;24356;0;0;0;0
2011;14,00;0;0;0;0;0;0;0;0;0;0;0;0;0;0;0;0;0;0;0;0;0;;;
2011;657,00;5482;0;4;0;0;0;0;0;0;1511;0;0;0;0;0;44278;0;0;0;3992;0;;;
2011;362,00;2430;0;0;114;0;0;0;5229;0;165;0;0;0;8014;0;12002;0;0;0;1417;0;;;
2011;989,00;0;0;0;0;0;0;0;0;0;1052;0;0;0;0;0;55089;0;0;0;3560;0;;;
2011;990,00;0;0;0;0;0;0;0;0;0;1402;0;0;0;0;0;42000;0;0;0;4702;0;0;0;0
2011;680,00;24217;0;64;3698;0;0;0;0;0;6288;0;0;0;21004;0;155343;29144;0;0;22565;0;0;0;0
2011;411,00;4142;0;0;27;0;9034;0;0;0;3198;0;0;0;6392;0;41570;0;0;0;3731;0;1986;23;26
2011;241,00;2778;0;0;0;0;861;0;353;0;237;0;0;0;0;0;24503;0;0;0;0;0;0;0;0
2011;558,00;8356;0;7;0;0;0;0;0;0;3533;0;0;0;7580;0;75463;0;0;0;7650;0;0;0;0
2011;167,00;0;0;0;0;0;1611;0;0;0;92;0;0;0;0;0;2474;0;0;0;98;0;0;0;0
2011;248,00;2394;0;0;433;0;249;0;1752;0;691;0;1398;0;11320;0;32983;0;18;0;7499;0;139;157;0
2011;224,00;0;0;0;0;0;462;0;0;0;1004;0;0;0;1536;0;15005;0;0;0;1807;0;0;0;0
2011;591,00;10057;0;9;0;0;343;0;0;0;5531;0;0;0;17227;0;121336;0;0;0;12642;0;0;0;0
2011;586,00;13023;0;23;0;0;0;0;0;0;5689;0;0;0;6945;0;139153;0;0;0;16960;0;0;0;0
2011;453,00;0;0;0;0;0;0;0;0;0;0;0;0;0;0;0;30235;0;0;0;4394;0;0;0;0
2011;145,00;0;0;0;0;0;0;0;0;0;0;0;0;0;0;0;0;0;0;0;0;0;0;0;0
2011;511,00;10706;0;13;0;0;0;0;0;0;3652;0;0;0;0;0;83895;35734;0;0;10490;0;0;0;0
2011;530,00;13827;0;0;0;0;0;0;0;0;1963;0;0;0;7535;0;68262;29268;0;0;11734;0;0;0;0
2011;6,00;700;0;0;28;0;6059;0;2584;0;2633;0;304;0;5720;0;13172;0;0;0;3589;0;0;0;0
2011;161,00;0;0;0;0;0;0;0;0;0;0;0;0;0;0;0;0;0;0;0;0;0;0;0;0
2011;623,00;14477;0;4;0;0;4550;0;9265;0;7019;0;0;0;0;0;130857;27627;0;0;17874;0;0;0;0
2011;489,00;898;0;0;0;0;0;0;0;0;578;0;0;0;1100;0;21856;0;0;0;1203;0;0;0;0
2011;875,00;2857;0;1;3;0;1033;0;774;0;2325;0;933;0;4278;0;38377;0;79;0;4963;0;0;0;0
2011;908,00;23;0;0;0;0;78;0;0;0;0;0;379;0;1455;0;0;0;0;0;380;0;0;0;0
2011;940,00;0;0;0;0;0;0;0;0;0;0;0;0;0;0;0;0;0;0;0;0;0;0;0;0
2011;946,00;5714;0;14;204;0;821;0;208;0;1576;0;0;0;4461;0;16301;0;0;0;3855;0;;;
2011;1023,00;12213;0;8;1138;0;8258;0;0;0;5336;0;0;0;8175;0;96979;0;0;0;12818;0;0;0;0
2011;1054,00;7618;0;5;1423;0;3905;0;0;0;2185;0;0;0;6032;0;79524;0;0;0;9485;0;0;0;0
2011;1057,00;0;0;0;0;0;0;0;0;0;0;0;0;0;0;0;978;0;0;0;1008;0;0;0;0
2011;1031,00;0;0;0;0;0;0;0;0;0;0;0;0;0;0;0;0;0;0;0;0;0;0;0;0
2011;1032,00;12710;0;8;161;0;5305;0;1132;0;1754;0;1009;0;8606;0;114857;0;226;0;10033;0;0;0;0
2011;1064,00;25;0;1;3;0;25;0;0;0;70;0;0;0;316;0;697;0;0;0;90;0;0;0;0
2011;226,00;2136;0;0;249;0;1972;0;358;0;2033;0;0;0;5291;0;8558;0;0;0;2672;0;;;
2011;687,00;12470;0;4;0;0;0;0;0;0;3389;0;0;0;8659;0;73440;0;0;0;6963;0;;;
2011;745,00;10724;0;17;2279;0;2133;0;4174;0;3192;5801;0;0;4798;0;143352;35228;1221;0;15153;1119;0;0;0
2011;109,00;4452;0;0;0;0;1412;0;0;0;851;0;0;0;4491;0;30645;0;0;0;2248;0;0;0;0
2011;808,00;14574;0;4;0;0;0;0;0;0;2631;0;0;0;6252;0;82087;0;0;0;10837;0;;;
2011;971,00;2574;0;0;0;0;0;0;0;0;420;0;0;0;0;0;27152;0;0;0;1118;0;;;
2011;128,00;0;0;0;0;0;402;0;0;0;927;0;0;0;0;0;13023;0;0;0;0;0;0;0;0
2011;919,00;12044;0;18;0;0;812;0;0;0;8723;0;0;0;6686;0;86677;23979;0;0;11306;0;0;0;0
2011;725,00;21524;0;19;281;0;3405;0;7756;0;5589;0;1822;0;12798;0;61381;0;3617;0;13629;0;0;0;0
2011;3,00;0;0;0;0;0;0;0;0;0;0;0;0;0;0;0;0;0;0;0;0;0;;;
2011;386,00;4;0;0;0;0;0;0;0;0;0;0;0;0;0;0;385;0;0;0;0;0;0;0;0
2011;306,00;0;0;0;0;0;0;0;0;0;0;0;0;0;0;0;0;0;0;0;0;0;0;0;0
2011;15,00;146;0;0;0;0;0;0;0;0;26;0;0;0;0;0;4222;0;0;0;0;0;0;0;0
2011;264,00;0;0;0;0;0;0;0;0;0;808;0;0;0;157;0;19266;0;0;0;3574;0;0;0;0
2011;867,00;0;0;0;0;0;0;0;0;0;1025;0;0;0;0;0;9290;0;0;0;0;0;0;0;0
2011;910,00;8133;0;2;0;0;0;0;0;0;3663;0;0;0;2094;0;75893;0;0;0;8373;0;0;0;0
2011;1053,00;10988;0;2;0;0;0;0;0;0;5691;0;0;0;4752;0;65756;14914;0;0;9718;0;0;0;0
2011;1055,00;8553;0;2;0;0;0;0;0;0;0;0;0;0;0;0;0;0;0;0;0;0;0;0;0
2011;529,00;0;0;0;0;0;0;0;0;0;0;0;0;0;0;0;1441;0;0;0;0;0;0;0;0
2011;345,00;0;0;0;0;0;0;0;0;0;0;0;0;0;0;0;0;0;0;0;0;0;0;0;0
2011;515,00;0;0;0;0;0;0;0;0;0;0;0;0;0;2616;0;21655;0;0;0;0;0;0;0;0
2011;174,00;0;0;0;0;0;0;0;0;0;0;0;0;0;0;0;598;0;0;0;0;0;0;0;0
2011;523,00;0;0;0;0;0;0;0;0;0;0;0;0;0;0;0;15936;0;0;0;0;0;0;0;0
2011;697,00;0;0;0;79;0;5265;0;1180;0;7854;0;1415;0;9972;0;78392;0;231;0;8863;0;;;
2011;239,00;6205;0;0;0;0;15360;0;0;0;2552;0;0;0;6886;0;35330;0;0;0;8398;0;0;0;0
2011;287,00;0;0;0;0;0;3400;0;999;0;4535;0;0;0;11023;0;41074;0;0;0;7235;0;0;0;0
2011;377,00;0;0;0;0;0;0;0;0;0;0;0;0;0;0;0;1479;0;0;0;0;0;0;0;0
2011;692,00;6920;0;9;0;0;672;0;0;0;2496;0;0;0;3998;0;76596;0;0;0;7911;0;0;0;0
2011;335,00;0;0;0;0;0;0;0;0;0;0;0;0;0;0;0;0;0;0;0;0;0;0;0;0
2011;435,00;1330;0;0;0;0;695;0;0;0;1494;0;0;0;7187;0;13221;0;0;0;3195;0;;;
2011;423,00;0;0;0;0;0;0;0;0;0;666;0;0;0;523;0;0;0;0;0;1821;0;;;
2011;351,00;0;0;0;0;0;0;0;0;0;864;0;0;0;76;0;8675;0;0;0;1567;0;;;
2011;810,00;0;0;0;0;0;0;0;0;0;717;0;0;0;0;0;7959;0;0;0;890;0;;;
2011;830,00;8840;0;6;0;0;0;0;0;0;2757;0;0;0;0;0;0;0;0;0;7682;0;0;0;0
2011;892,00;15776;0;118;0;0;0;0;0;0;4290;0;0;0;7865;0;113736;0;0;0;14255;0;;;
2011;921,00;14356;0;3;102;0;2668;0;2610;0;5172;0;0;0;12275;0;52614;0;624;0;8187;0;1324;49;23
2011;991,00;0;0;0;0;0;0;0;0;0;415;0;0;0;0;0;5969;0;0;0;0;0;0;0;0
2011;992,00;5136;0;17;0;0;0;0;0;0;1134;0;0;0;4132;0;55950;0;0;0;5768;0;0;0;0
2011;993,00;4494;0;4;0;0;0;0;0;0;2355;0;0;0;3811;0;83983;10149;0;0;8368;0;0;0;0
2011;1071,00;22207;0;134;1070;0;0;0;7141;0;5071;0;46;0;7194;0;165170;0;604;0;21478;0;0;0;0
2011;473,00;0;0;0;0;0;0;0;0;0;0;0;0;0;0;0;14706;0;0;0;0;0;;;
2011;663,00;18735;0;0;1571;0;2582;0;2776;0;16845;0;292;0;11552;0;96690;8638;1145;0;18445;0;0;0;0
2011;552,00;0;0;0;1063;0;1508;0;0;0;8425;0;0;0;0;0;33264;0;0;0;6140;0;0;0;0
2011;772,00;38970;0;360;3637;0;4386;0;6850;0;8995;0;2003;0;15315;0;188420;0;1386;0;29817;0;0;0;0
2011;568,00;0;0;0;0;0;0;0;0;0;0;0;0;0;4183;0;17222;0;0;0;1017;0;0;0;0
2011;398,00;205;0;0;0;0;0;0;0;0;0;0;0;0;7264;0;10819;0;0;0;4300;0;0;0;0
2011;394,00;0;0;0;0;0;0;0;0;0;0;0;0;0;567;0;13259;0;0;0;0;0;0;0;0
2011;614,00;0;0;0;0;0;0;0;0;0;0;0;0;0;0;0;0;0;0;0;0;0;0;0;0
2011;235,00;0;0;0;0;0;0;0;0;0;0;0;0;0;0;0;14129;0;0;0;0;0;0;0;0
2011;616,00;3459;0;0;0;0;0;0;0;0;0;0;0;0;0;0;0;0;0;0;0;0;0;0;0
2011;267,00;0;0;0;0;0;0;0;0;0;0;0;0;0;0;0;0;0;0;0;0;0;;;
2011;565,00;0;0;0;0;0;0;0;0;0;792;0;0;0;0;0;16617;0;0;0;3376;0;0;0;0
2011;220,00;0;0;0;48;0;146;0;0;0;406;0;0;0;0;0;10665;0;0;0;2062;0;0;0;0
2011;278,00;0;0;0;0;0;0;0;0;0;0;0;0;0;0;0;0;0;0;0;0;0;;;
2011;107,00;0;0;0;0;0;0;0;0;0;0;0;0;0;0;0;0;0;0;0;0;0;0;0;0
2011;141,00;0;0;0;0;0;0;0;0;0;0;0;0;0;0;0;287;0;0;0;0;0;0;0;0
2011;711,00;21180;0;134;0;0;2978;0;0;0;21264;0;1864;0;9367;0;101093;0;5968;0;25029;0;0;0;0
2011;204,00;0;0;0;0;0;0;0;0;0;221;0;0;0;0;0;894;0;0;0;0;0;0;0;0
2011;579,00;601;0;0;0;0;0;0;0;0;0;0;0;0;0;0;43384;0;0;0;0;0;;;
2011;348,00;24;0;0;0;0;0;0;0;0;0;0;0;0;0;0;3761;0;0;0;0;0;;;
2011;766,00;3893;0;0;224;0;0;0;431;0;0;0;0;0;113;0;25594;0;0;0;2659;0;;;
2011;761,00;0;0;0;0;0;0;0;0;0;0;0;0;0;0;0;0;0;0;0;0;0;0;0;0
2011;728,00;22037;0;0;20;0;1812;0;585;0;518;0;0;0;2565;0;72889;0;11;0;5902;0;;;
2011;280,00;0;0;0;0;0;0;0;0;0;0;0;0;0;0;0;0;0;0;0;0;0;;;
2011;222,00;0;0;0;0;0;341;0;0;0;1593;0;0;0;0;0;7528;0;0;0;1309;0;;;
2011;276,00;12483;0;10;0;0;0;0;3348;0;6238;0;2813;0;13128;0;95395;0;0;0;22931;0;0;0;0
2011;11,00;3088;0;0;876;0;4020;0;6220;0;2811;0;92;0;7114;0;14842;0;158;0;14349;0;;;
2011;302,00;0;0;0;0;0;0;0;0;0;2693;0;0;0;0;0;0;0;0;0;0;0;;;
2011;682,00;5108;0;0;0;0;0;0;0;0;0;0;0;0;0;0;25632;0;0;0;0;0;;;
2011;279,00;11780;0;21;0;0;0;0;0;0;0;0;0;0;14505;0;65415;0;0;0;12805;0;;;
2011;282,00;6508;0;0;789;0;2145;0;0;0;8100;0;2612;0;17618;0;81869;0;5344;0;15637;0;;;
2011;281,00;4924;0;0;185;0;0;0;0;0;56;0;0;0;1170;0;37066;0;0;0;6015;0;;;
2011;183,00;0;0;0;0;0;825;0;0;0;345;0;0;0;1681;0;7480;0;0;0;232;0;;;
2011;610,00;0;0;0;1359;0;0;0;0;0;0;0;0;0;0;0;4562;0;0;0;0;0;;;
2011;116,00;0;0;0;0;0;0;0;0;0;0;0;0;0;0;0;0;0;0;0;0;0;0;0;0
2011;115,00;0;0;0;0;0;0;0;0;0;0;0;0;0;0;0;223;0;0;0;0;0;;;
2011;114,00;0;0;0;0;0;0;0;0;0;0;0;0;0;0;0;0;0;0;0;0;0;0;0;0
2011;126,00;0;0;0;0;0;0;0;0;0;0;0;0;0;0;0;0;0;0;0;0;0;0;0;0
2011;119,00;0;0;0;0;0;1;0;0;0;1;0;0;0;0;0;1;0;0;0;0;0;0;0;0
2011;770,00;22521;0;89;3601;0;4411;0;0;0;18450;0;0;0;8403;0;346560;0;7215;0;19228;0;0;0;0
2011;583,00;3973;0;0;0;0;1331;0;0;0;6119;0;0;0;6694;0;71889;0;0;0;7558;0;0;0;0
2011;136,00;0;0;0;0;0;0;0;0;0;0;0;0;0;0;0;98;0;0;0;0;0;0;0;0
2011;469,00;2202;0;2;0;0;0;0;0;0;2704;0;0;0;1047;0;29883;0;0;0;2317;0;0;0;0
2011;642,00;8390;0;0;0;0;0;0;0;0;6774;0;0;0;0;0;73659;0;0;0;8201;0;0;0;0
2011;674,00;4635;0;103;402;0;687;0;0;0;2529;0;0;0;5233;0;64784;0;0;0;6302;0;0;0;0
2011;193,00;0;0;0;0;0;0;0;0;0;0;0;0;0;0;0;1305;0;0;0;0;0;0;0;0
2011;526,00;13457;0;29;0;0;0;0;0;0;12218;0;0;0;11746;0;100017;0;0;0;10594;0;0;0;0
2011;698,00;32363;0;104;896;0;7031;0;13219;0;5833;0;0;0;0;0;174259;0;0;0;15337;0;0;0;0
2011;630,00;6409;0;12;0;0;0;0;0;0;5331;0;0;0;5409;0;17009;0;0;0;6147;0;0;0;0
2011;124,00;0;0;0;0;0;0;0;0;0;0;0;0;0;0;0;0;0;0;0;0;0;0;0;0
2011;364,00;0;0;0;0;0;0;0;0;0;0;0;0;0;0;0;0;0;0;0;0;0;0;0;0
2011;604,00;12843;0;19;0;0;0;0;0;0;3821;0;0;0;0;0;126291;0;0;0;14457;0;0;0;0
2011;123,00;0;0;0;0;0;0;0;0;0;0;0;0;0;0;0;0;0;0;0;0;0;0;0;0
2011;310,00;0;0;0;0;0;0;0;0;0;0;0;0;0;0;0;0;0;0;0;0;0;0;0;0
2011;571,00;0;0;0;363;0;0;0;0;0;8221;0;0;0;0;0;58736;0;0;0;3762;0;0;0;0
2011;296,00;0;0;0;0;0;0;0;0;0;501;0;0;0;0;0;5640;0;0;0;0;0;0;0;0
2011;566,00;4641;0;1;0;0;0;0;0;0;3187;0;0;0;4493;0;49130;0;0;0;6562;0;0;0;0
2011;784,00;16623;0;115;0;0;0;0;8935;0;25386;0;0;0;20124;0;151966;0;0;0;24931;0;0;0;0
2011;102,00;0;0;0;0;0;0;0;0;0;0;0;0;0;0;0;1136;0;0;0;0;0;0;0;0
2011;379,00;0;0;0;0;0;0;0;0;0;0;0;0;0;0;0;0;0;0;0;0;0;0;0;0
2011;639,00;9911;0;15;0;0;602;0;0;0;6565;0;0;0;3412;0;67983;0;0;0;5803;0;0;0;0
2011;457,00;1405;0;0;0;0;0;0;0;0;1094;0;0;0;0;0;26120;0;0;0;2888;0;0;0;0
2011;609,00;9540;0;9;1256;0;2239;0;667;0;6049;0;0;0;7826;0;65793;0;441;0;10982;0;;;
2011;101,00;0;0;0;0;0;0;0;0;0;0;0;0;0;0;0;0;0;0;0;0;0;0;0;0
2011;454,00;5108;0;9;0;0;0;0;0;0;2368;0;0;0;4837;0;40751;0;0;0;6933;0;0;0;0
2011;318,00;0;0;0;0;0;0;0;0;0;0;0;0;0;0;0;0;0;0;0;0;0;0;0;0
2011;600,00;5095;0;10;0;0;936;0;0;0;5742;0;0;0;0;0;51483;0;0;0;6425;0;0;0;0
2011;545,00;9640;0;38;1040;0;1953;0;0;0;8131;0;0;0;6119;0;87497;0;0;0;11449;0;0;0;0
2011;100,00;0;0;0;0;0;0;0;0;0;0;0;0;0;0;0;0;0;0;0;0;0;0;0;0
2011;702,00;13383;0;62;0;0;0;0;0;0;12786;0;0;0;8886;0;160238;0;0;0;14779;0;0;0;0
2011;778,00;8071;0;28;0;0;0;0;0;0;9994;0;0;0;5596;0;46568;0;0;0;9327;0;0;0;0
2011;341,00;0;0;0;0;0;0;0;0;0;545;0;0;0;0;0;9039;0;0;0;0;0;0;0;0
2011;99,00;0;0;0;0;0;0;0;0;0;0;0;0;0;0;0;0;0;0;0;0;0;0;0;0
2011;767,00;0;0;0;0;0;0;0;0;0;1973;0;0;0;3645;0;53176;0;0;0;6572;0;0;0;0
2011;359,00;0;0;0;0;0;949;0;0;0;4570;0;0;0;0;0;24531;0;0;0;0;0;0;0;0
2011;98,00;0;0;0;0;0;0;0;0;0;0;0;0;0;0;0;0;0;0;0;0;0;0;0;0
2011;132,00;0;0;0;0;0;0;0;0;0;0;0;0;0;0;0;0;0;0;0;0;0;0;0;0
2011;97,00;0;0;0;0;0;0;0;0;0;0;0;0;0;0;0;0;0;0;0;0;0;0;0;0
2011;103,00;0;0;0;0;0;0;0;0;0;0;0;0;0;0;0;0;0;0;0;0;0;;;
2011;110,00;0;0;0;0;0;0;0;0;0;0;0;0;0;0;0;0;0;0;0;0;0;0;0;0
2011;94,00;0;0;0;0;0;0;0;0;0;0;0;0;0;0;0;0;0;0;0;0;0;;;
2011;91,00;0;0;0;0;0;0;0;0;0;0;0;0;0;0;0;0;0;0;0;0;0;0;0;0
2011;664,00;10682;0;49;181;0;0;0;0;0;2186;0;0;0;7463;0;100045;0;0;0;16132;0;0;0;0
2011;918,00;30893;0;336;1799;0;6407;0;5781;0;14998;0;0;0;22574;0;205072;0;6181;0;61664;0;0;0;0
2011;92,00;0;0;0;0;0;0;0;0;0;0;0;0;0;0;0;0;0;0;0;0;0;0;0;0
2011;93,00;0;0;0;0;0;0;0;0;0;0;0;0;0;0;0;0;0;0;0;0;0;0;0;0
2011;95,00;0;0;0;0;0;0;0;0;0;0;0;0;0;0;0;0;0;0;0;0;0;0;0;0
2011;96,00;0;0;0;0;0;0;0;0;0;0;0;0;0;0;0;0;0;0;0;0;0;;;
2011;301,00;0;0;0;0;0;0;0;0;0;0;0;0;0;0;0;9658;0;0;0;0;0;0;0;0
2011;492,00;0;0;0;0;0;0;0;0;0;6090;0;0;0;0;0;65663;0;0;0;5659;0;;;
2011;811,00;0;0;0;0;0;0;0;0;0;0;0;0;0;0;0;521;0;0;0;0;0;;;
2011;812,00;0;0;0;0;0;0;0;0;0;0;0;0;0;0;0;0;0;0;0;0;0;0;0;0
2011;832,00;0;0;0;0;0;0;0;0;0;0;0;0;0;0;0;0;0;0;0;0;0;;;
2011;841,00;0;0;0;0;0;0;0;0;0;0;0;0;0;0;0;0;0;0;0;0;0;;;
2011;856,00;0;0;0;0;0;0;0;0;0;0;0;0;0;0;0;0;0;0;0;0;0;0;0;0
2011;859,00;0;0;0;0;0;0;0;0;0;0;0;0;0;0;0;0;0;0;0;0;0;;;
2011;861,00;0;0;0;0;0;0;0;0;0;0;0;0;0;0;0;0;0;0;0;0;0;0;0;0
2011;880,00;0;0;0;0;0;0;0;0;0;0;0;0;0;0;0;0;0;0;0;0;0;0;0;0
2011;883,00;0;0;0;0;0;0;0;0;0;0;0;0;0;0;0;0;0;0;0;0;0;0;0;0
2011;884,00;0;0;0;0;0;0;0;0;0;0;0;0;0;0;0;0;0;0;0;0;0;0;0;0
2011;877,00;0;0;0;0;0;0;0;0;0;0;0;0;0;0;0;0;0;0;0;0;0;0;0;0
2011;911,00;0;0;0;0;0;0;0;0;0;0;0;0;0;0;0;0;0;0;0;0;0;0;0;0
2011;913,00;0;0;0;0;0;0;0;0;0;0;0;0;0;0;0;0;0;0;0;0;0;0;0;0
2011;922,00;5407;0;0;0;0;655;0;0;0;1542;0;0;0;6193;0;13058;0;0;0;2608;0;;;
2011;923,00;0;0;0;0;0;0;0;0;0;0;0;0;0;0;0;0;0;0;0;0;0;0;0;0
2011;924,00;0;0;0;0;0;0;0;0;0;0;0;0;0;0;0;0;0;0;0;0;0;;;
2011;947,00;0;0;0;0;0;0;0;0;0;0;0;0;0;0;0;0;0;0;0;0;0;;;
2011;951,00;0;0;0;0;0;0;0;0;0;0;0;0;0;0;0;0;0;0;0;0;0;0;0;0
2011;972,00;0;0;0;0;0;0;0;0;0;0;0;0;0;0;0;0;0;0;0;0;0;0;0;0
2011;973,00;402;0;0;0;0;447;0;0;0;517;0;0;0;11176;0;7354;0;0;0;2989;0;0;0;0
2011;974,00;0;0;0;0;0;0;0;0;0;0;0;0;0;0;0;0;0;0;0;0;0;0;0;0
2011;975,00;0;0;0;0;0;0;0;0;0;0;0;0;0;0;0;0;0;0;0;0;0;0;0;0
2011;960,00;0;0;0;0;0;0;0;0;0;0;0;0;0;0;0;0;0;0;0;0;0;0;0;0
2011;1027,00;0;0;0;0;0;0;0;0;0;0;0;0;0;0;0;0;0;0;0;0;0;0;0;0
2011;1028,00;0;0;0;0;0;0;0;0;0;0;0;0;0;0;0;0;0;0;0;0;0;0;0;0
2011;976,00;0;0;0;0;0;0;0;0;0;0;0;0;0;0;0;0;0;0;0;0;0;0;0;0
2011;977,00;0;0;0;0;0;0;0;0;0;0;0;0;0;0;0;0;0;0;0;0;0;0;0;0
2011;1020,00;0;0;0;0;0;0;0;0;0;0;0;0;0;0;0;0;0;0;0;0;0;;;
2011;994,00;0;0;0;0;0;0;0;0;0;5796;0;0;0;0;0;3525;0;0;0;6920;0;0;0;0
2011;995,00;0;0;0;0;0;0;0;0;0;0;0;0;0;0;0;0;0;0;0;0;0;0;0;0
2011;1060,00;0;0;0;0;0;0;0;0;0;0;0;0;0;0;0;0;0;0;0;0;0;;;
2011;1005,00;0;0;0;0;0;0;0;0;0;0;0;0;0;0;0;0;0;0;0;0;0;;;
2011;1061,00;0;0;0;0;0;0;0;0;0;0;0;0;0;0;0;0;0;0;0;0;0;;;
2011;1006,00;0;0;0;0;0;0;0;0;0;0;0;0;0;0;0;0;0;0;0;0;0;0;0;0
2011;1088,00;0;0;0;0;0;0;0;0;0;0;0;0;0;0;0;0;0;0;0;0;0;0;0;0
2011;1089,00;0;0;0;0;0;758;0;0;0;950;0;0;0;2267;0;8552;0;0;0;749;0;;;
2011;1076,00;0;0;0;0;0;0;0;0;0;0;0;0;0;0;0;0;0;0;0;0;0;0;0;0
2011;1078,00;0;0;0;0;0;0;0;0;0;0;0;0;0;0;0;0;0;0;0;0;0;;;
2011;1033,00;9676;0;19;0;0;0;0;0;0;165;0;0;0;6301;0;14592;0;0;0;7658;0;0;0;0
2011;1036,00;0;0;0;0;0;0;0;0;0;0;0;0;0;0;0;0;0;0;0;0;0;;;
2011;1037,00;0;0;0;0;0;0;0;0;0;0;0;0;0;0;0;0;0;0;0;0;0;0;0;0
2011;1039,00;0;0;0;0;0;0;0;0;0;0;0;0;0;0;0;0;0;0;0;0;0;;;
2011;1065,00;0;0;0;0;0;0;0;0;0;0;0;0;0;0;0;999;0;0;0;0;0;0;0;0
2011;1066,00;0;0;0;0;0;0;0;0;0;0;0;0;0;0;0;0;0;0;0;0;0;;;
2011;207,00;460;0;0;0;0;0;0;0;0;0;0;0;0;0;0;0;0;0;0;0;0;0;0;0
2011;431,00;0;0;0;0;0;0;0;0;0;0;0;0;0;0;0;683;0;0;0;0;0;0;0;0
2011;387,00;4103;0;2;0;0;0;0;0;0;1493;0;0;0;0;0;35755;0;0;0;3670;0;;;
2011;179,00;0;0;0;0;0;0;0;0;0;0;0;0;0;0;0;482;0;0;0;0;0;;;
2011;606,00;3205;0;9;0;0;0;0;0;0;2774;360;0;0;0;0;30352;3506;0;0;4054;0;;;
2011;925,00;14920;0;35;1798;0;0;0;6473;0;7914;0;0;0;0;0;128454;0;0;0;15899;0;0;0;0
2011;541,00;1881;0;0;0;0;0;0;0;0;2357;0;0;0;0;0;30216;0;0;0;3717;0;;;
2011;797,00;1834;0;0;0;0;0;0;0;0;1340;0;0;0;0;0;30134;0;0;0;4467;0;;;
2011;627,00;5275;0;0;0;0;0;0;0;0;3694;0;0;0;3732;0;44832;20878;0;0;6856;0;0;0;0
2011;173,00;0;0;0;0;0;0;0;0;0;0;0;0;0;0;0;0;0;0;0;0;0;0;0;0
2011;636,00;14968;0;23;0;0;0;0;9643;0;8885;0;0;0;5312;0;113712;0;0;0;12123;0;0;0;0
2011;205,00;0;0;0;0;0;0;0;0;0;52;0;0;0;161;0;3272;0;0;0;0;0;0;0;0
2011;814,00;856;0;0;0;0;0;0;0;0;0;0;0;0;0;0;985;0;0;0;0;0;;;
2011;881,00;0;0;0;0;0;0;0;0;0;0;0;0;0;0;0;15840;0;0;0;0;0;0;0;0
2011;771,00;9274;0;1;209;0;0;2342;7638;0;3632;139;0;0;5972;0;127843;19128;1877;0;13635;2264;0;0;0
2011;533,00;0;0;0;0;0;842;0;0;0;0;0;0;0;0;0;4200;0;0;0;0;0;;;
2011;447,00;4620;0;3;0;0;0;0;0;0;60;0;0;0;2312;0;22398;0;0;0;1477;0;;;
2011;815,00;298;0;0;15;0;512;0;0;0;0;0;0;0;0;0;2920;0;0;0;0;0;0;0;0
2011;801,00;13845;1303;23;0;0;0;0;0;0;7058;0;0;0;0;0;220848;25414;0;0;16381;0;0;0;0
2011;800,00;8358;0;0;0;0;0;0;0;0;565;0;0;0;0;0;12482;0;0;0;0;0;0;0;0
2011;389,00;7610;0;0;0;0;0;0;0;0;973;0;0;0;1827;0;76147;0;0;0;3112;0;0;0;0
2011;759,00;1302;0;0;0;0;888;0;0;0;2232;0;0;0;0;0;20728;0;0;0;568;0;0;0;0
2011;695,00;10714;0;16;417;0;674;0;0;0;6824;0;0;0;6921;0;100728;40578;0;0;12983;0;0;0;0
2011;816,00;1896;0;0;0;0;0;0;0;0;1737;0;0;0;0;0;62088;0;0;0;3070;0;;;
2011;833,00;2710;0;0;0;0;0;0;0;0;3368;0;0;0;0;0;65582;0;0;0;3484;0;;;
2011;870,00;2327;0;0;0;0;342;0;0;0;501;0;0;0;6680;0;20094;0;0;0;1834;0;;;
2011;927,00;389;0;0;0;0;0;0;0;0;140;0;0;0;4624;0;11486;0;0;0;0;0;;;
2011;961,00;8495;0;12;0;0;0;0;3054;0;1043;0;0;0;0;0;186584;33226;0;0;11621;0;0;0;0
2011;962,00;0;0;0;0;0;0;0;0;0;183;0;0;0;1331;0;3143;0;0;0;318;0;0;0;0
2011;1079,00;327;0;0;0;0;198;0;0;0;190;0;0;0;2623;0;3227;0;0;0;0;0;0;0;0
2011;666,00;106241;0;83;3861;0;0;2982;0;0;2527;0;0;0;12750;0;100984;39667;0;0;15947;0;0;0;0
2011;392,00;0;0;0;0;0;0;0;0;0;0;0;0;0;0;0;3054;0;0;0;0;0;0;0;0
2011;790,00;4140;0;0;0;0;5291;0;3424;0;3239;0;0;0;5359;0;21973;0;490;0;7139;0;0;0;0
2011;650,00;6287;0;17;0;0;0;0;0;0;497;0;0;0;0;0;59169;0;0;0;6433;0;0;0;0
2011;876,00;12448;0;33;0;0;0;0;0;0;2057;0;0;0;6433;0;57196;0;0;0;9340;0;0;0;0
2011;944,00;0;0;0;0;0;0;0;0;0;0;0;0;0;1632;0;8329;0;0;0;229;0;0;0;0
2011;952,00;5705;0;0;0;0;915;0;0;0;2118;0;0;0;5557;0;25160;0;0;0;2196;0;0;0;0
2011;54,00;0;0;0;0;0;0;0;0;0;0;0;0;0;0;0;0;0;0;0;0;0;;;
2011;538,00;14532;0;3;0;0;0;0;0;0;4634;0;0;0;6079;0;97733;4003;0;0;10581;0;0;0;0
2011;557,00;4894;0;0;0;0;0;0;0;0;1906;0;0;0;0;0;40205;0;0;0;3223;0;0;0;0
2011;653,00;6750;0;3;0;0;0;0;0;0;2728;0;0;0;5233;0;62893;17944;0;0;6765;192;0;0;0
2011;647,00;3668;0;0;0;0;0;0;0;0;2006;0;0;0;0;0;56489;0;0;0;5130;0;;;
2011;208,00;0;0;0;0;0;741;0;0;0;22058;0;0;0;4042;0;13641;0;0;0;2135;0;;;
2011;978,00;20169;0;34;1310;0;3634;0;8969;0;3653;0;4027;0;9153;0;176348;14272;0;0;17198;548;0;0;0
2011;996,00;0;0;0;0;0;0;0;0;0;948;0;0;0;4382;0;41895;0;0;0;3485;0;0;0;0
2011;729,00;24466;0;58;909;0;5869;0;5574;0;15582;0;1531;0;15399;0;240287;36524;753;0;32865;0;0;0;0
2011;182,00;5871;0;3;0;0;0;0;0;0;3745;0;0;0;3244;0;20534;0;0;0;6126;0;0;0;0
2011;633,00;0;0;0;0;0;0;0;0;0;21;0;0;0;165;0;39571;0;0;0;37;0;0;0;0
2011;685,00;4835;0;0;0;0;0;0;0;0;3187;0;0;0;0;0;110118;0;0;0;7944;0;0;0;0
2011;683,00;3688;0;0;0;0;0;0;0;0;3791;0;0;0;0;0;43461;0;0;0;3351;0;;;
2011;945,00;5960;0;0;0;0;0;0;0;0;1557;0;0;0;0;0;33332;0;0;0;3772;0;0;0;0
2011;953,00;0;0;0;210;0;0;0;0;0;0;0;0;0;0;0;0;0;0;0;0;0;;;
2011;1022,00;885;0;0;0;0;0;0;0;0;432;0;0;0;0;0;35715;0;0;0;1237;0;0;0;0
2011;1049,00;850;0;0;0;0;0;0;0;0;249;0;0;0;0;0;13645;0;0;0;1232;0;0;0;0
2011;794,00;46478;0;120;661;0;0;0;0;0;8142;0;0;0;13162;0;173503;74939;0;0;39967;0;8006;783;363
2011;415,00;276;0;0;0;0;0;0;0;0;1447;0;0;0;0;0;2984;0;8844;0;4767;0;0;0;0
2011;592,00;3380;0;0;70;0;2152;0;0;0;3356;0;0;0;3632;0;39200;0;0;0;1694;0;0;0;0
2011;497,00;1948;0;0;25;0;0;0;0;0;1356;0;0;0;4004;0;23546;0;0;0;2188;0;;;
2011;726,00;16452;0;19;0;0;4195;0;0;0;3876;0;0;0;4001;0;109241;22299;0;0;17083;0;;;
2011;272,00;2376;0;0;0;0;0;0;0;0;1277;0;0;0;6039;0;29754;0;0;0;2866;0;;;
2011;805,00;27776;0;96;2052;0;3075;0;4063;0;9432;0;1484;0;11074;0;163125;33586;764;0;32426;0;5890;769;560
2011;5,00;896;0;0;0;0;198;0;0;0;2020;0;0;0;2423;0;9132;0;0;0;518;0;415;0;0
2011;234,00;9605;0;0;0;0;845;0;0;0;3727;0;0;0;5966;0;16639;0;0;0;2450;0;;;
2011;64,00;0;0;0;0;0;0;0;0;0;0;0;0;0;0;0;0;0;0;0;0;0;0;0;0
2011;842,00;5806;0;0;0;0;0;0;0;0;907;0;0;0;0;0;33202;0;0;0;4359;0;0;0;0
2011;843,00;2864;0;1;0;0;0;0;0;0;785;0;0;0;0;0;26168;0;0;0;3542;0;;;
2011;1025,00;7925;0;3;147;0;4431;0;1216;0;7469;0;527;0;5720;0;86976;0;527;0;7844;0;;;
2011;803,00;9324;0;3;0;0;0;0;2664;0;3964;0;0;0;7657;0;90356;13624;0;0;17006;140;0;0;0
2011;211,00;0;0;0;0;0;0;0;0;0;0;0;0;0;0;0;0;0;0;0;0;0;0;0;0
2011;773,00;13946;0;195;456;0;0;0;0;0;2216;0;0;0;0;0;68793;0;0;0;0;0;0;0;0
2011;424,00;0;0;0;0;0;0;0;0;0;0;0;0;0;0;0;184536;0;0;0;0;0;;;
2011;298,00;13247;0;0;234;0;4061;0;5485;0;4332;0;0;0;16356;0;32099;0;76;0;6698;0;;;
2011;594,00;0;0;0;85;0;0;0;0;0;956;0;0;0;1438;0;9842;0;0;0;900;0;0;0;0
2011;237,00;308;0;0;0;0;0;0;0;0;0;0;0;0;0;0;17720;0;0;0;0;0;0;0;0
2011;16,00;0;0;0;0;0;0;0;0;0;0;0;0;0;0;0;0;0;0;0;0;0;0;0;0
2011;768,00;964;0;0;0;0;0;0;0;0;1659;0;0;0;0;0;10471;0;0;0;0;0;0;0;0
2011;617,00;7105;0;21;0;0;0;0;0;0;6113;0;0;0;2467;0;57854;0;0;0;7136;0;0;0;0
2011;297,00;15780;0;0;0;0;879;0;0;0;3255;0;0;0;4160;0;16743;0;0;0;0;0;;;
2011;105,00;0;0;0;0;0;0;0;0;0;0;0;0;0;0;0;0;0;0;0;0;0;0;0;0
2011;544,00;2412;0;0;0;0;0;0;0;0;2973;0;0;0;0;0;26856;0;0;0;0;0;0;0;0
2011;804,00;8541;0;14;0;0;887;0;0;0;6370;0;0;0;4196;0;32869;0;0;0;4193;0;0;0;0
2011;470,00;560;0;0;0;0;0;0;0;0;893;0;0;0;0;0;11947;0;0;0;1233;0;0;0;0
2011;104,00;0;0;0;0;0;0;0;0;0;0;0;0;0;0;0;0;0;0;0;0;0;0;0;0
2011;20,00;0;0;0;0;0;0;0;0;0;0;0;0;0;0;0;0;0;0;0;0;0;0;0;0
2011;550,00;0;0;0;0;0;0;0;0;0;5122;0;0;0;0;0;48820;0;0;0;0;0;0;0;0
2011;112,00;0;0;0;0;0;0;0;0;0;0;0;0;0;0;0;0;0;0;0;0;0;0;0;0
2011;818,00;0;0;0;0;0;0;0;0;0;0;0;0;0;0;0;0;0;0;0;0;0;0;0;0
2011;914,00;0;0;0;0;0;0;0;0;0;0;0;0;0;0;0;0;0;0;0;0;0;0;0;0
2011;928,00;0;0;0;0;0;0;0;0;0;0;0;0;0;0;0;0;0;0;0;0;0;0;0;0
2011;964,00;5097;0;31;0;0;0;0;0;0;2479;0;0;0;3372;0;40913;0;0;0;6213;0;0;0;0
2011;1026,00;0;0;0;0;0;0;0;0;0;0;0;0;0;0;0;0;0;0;0;0;0;0;0;0
2011;1068,00;0;0;0;0;0;0;0;0;0;0;0;0;0;0;0;0;0;0;0;0;0;0;0;0
2011;738,00;17074;0;30;274;0;4885;0;5226;0;8800;0;0;0;2387;0;113870;46035;1663;0;16830;0;0;0;0
2011;404,00;0;0;0;0;0;0;0;0;0;0;0;0;0;0;0;2869;0;0;0;0;0;;;
2011;274,00;0;0;0;0;0;0;0;1155;0;2106;0;0;0;36;0;51699;0;384;0;2274;0;;;
2011;270,00;1894;0;0;0;0;316;0;450;0;1507;0;0;0;1432;0;37959;0;0;0;2633;0;;;
2011;676,00;3159;0;0;0;0;0;0;0;0;5391;0;0;0;0;0;76534;0;0;0;6311;0;;;
2011;709,00;4923;0;5;0;0;0;0;0;0;2132;0;0;0;0;0;59274;0;0;0;5996;0;0;0;0
2011;754,00;20818;0;38;2769;0;4770;0;4305;0;7797;0;5696;0;19379;0;352277;0;423;0;38402;0;0;0;0
2011;997,00;3188;0;0;0;0;0;0;0;0;2505;0;0;0;0;0;33495;0;0;0;3289;0;;;
2011;734,00;20720;0;7;642;0;0;0;0;0;3924;0;0;0;8605;0;126719;18412;0;0;13656;734;;;
2011;299,00;996;0;0;0;0;1004;0;0;0;846;0;0;0;3203;0;10942;0;0;0;0;0;;;
2011;645,00;0;0;0;0;0;429;0;0;0;949;0;0;0;0;0;8912;0;0;0;0;0;;;
2011;17,00;0;0;0;0;0;0;0;0;0;0;0;0;0;0;0;0;0;0;0;0;0;;;
2011;1046,00;0;0;0;0;0;0;0;0;0;0;0;0;0;0;0;0;0;0;0;0;0;;;
2011;420,00;0;0;0;0;0;0;0;0;0;0;0;0;0;924;0;5591;0;0;0;0;0;0;0;0
2011;802,00;0;0;0;0;0;0;0;0;0;0;0;0;0;0;0;2421;0;0;0;0;0;0;0;0
2011;266,00;3604;0;2;0;0;808;0;0;0;2319;0;0;0;8642;0;26981;0;0;0;4407;0;0;0;0
2011;580,00;1240;0;0;18;0;438;0;0;0;1126;0;0;0;1894;0;7598;0;0;0;1072;0;0;0;0
2011;137,00;1270;0;0;0;0;6941;0;0;0;1587;0;0;0;3587;0;10783;0;0;0;1129;0;0;0;0
2011;769,00;5320;0;2;0;0;119;0;5224;0;48044;0;1560;0;1642;0;6334;0;3081;0;7054;0;0;0;0
2011;776,00;4022;0;0;0;0;0;0;0;0;0;0;0;0;0;0;58982;0;0;0;5654;0;0;0;0
2011;640,00;2902;0;2;0;0;0;0;0;0;3837;0;0;0;0;0;43413;0;0;0;3202;0;0;0;0
2011;315,00;0;0;0;0;0;0;0;0;0;0;0;0;0;0;0;0;0;0;0;0;0;0;0;0
2011;40,00;0;0;0;0;0;0;0;0;0;0;0;0;0;0;0;0;0;0;0;0;0;0;0;0
2011;508,00;3186;0;0;0;0;0;0;0;0;149;0;0;0;5449;0;18417;0;0;0;4742;0;0;0;0
2011;46,00;0;0;0;0;0;0;0;0;0;0;0;0;0;0;0;0;0;0;0;0;0;;;
2011;590,00;5185;0;2;0;0;0;0;0;0;0;0;0;0;0;0;36711;6897;0;0;3905;0;0;0;0
2011;777,00;4578;0;7;0;0;0;0;0;0;0;0;0;0;0;0;39509;16380;0;0;3506;0;0;0;0
2011;897,00;20830;0;63;1688;0;0;0;0;0;3294;0;0;0;0;0;160168;74903;0;0;31602;0;0;0;0
2011;965,00;0;0;0;0;0;0;0;0;0;0;0;0;0;0;0;0;0;0;0;0;0;0;0;0
2011;671,00;4002;0;13;0;0;0;0;0;0;3467;0;0;0;4378;0;115289;0;0;0;6727;0;;;
2011;461,00;1244;0;0;0;0;0;0;0;0;377;0;0;0;0;0;14573;0;0;0;0;0;;;
2011;376,00;599;0;0;0;0;457;0;0;0;0;0;0;0;0;0;8363;0;0;0;345;0;;;
2011;621,00;3763;0;5;0;0;0;0;0;0;4558;0;0;0;2532;0;57103;0;0;0;3932;0;;;
2011;793,00;15216;0;31;1374;0;0;2139;3316;0;3937;1764;0;0;12531;0;157348;88395;2627;0;18158;0;;;
2011;324,00;300;0;0;0;0;0;0;0;0;0;0;0;0;0;0;3164;0;0;0;0;0;;;
2011;712,00;14599;0;7;0;0;0;0;0;0;2186;0;0;0;0;0;59653;0;0;0;5386;0;0;0;0
2011;32,00;0;0;0;0;0;0;0;0;0;0;0;0;0;0;0;0;0;0;0;0;0;;;
2011;361,00;0;0;0;0;0;0;0;0;0;9263;0;0;0;0;0;2985;0;0;0;1113;0;0;0;0
2011;486,00;0;0;0;0;0;0;0;1363;0;542;0;0;0;0;0;4735;0;0;0;723;0;0;0;0
2011;595,00;6893;0;6;0;0;0;0;0;0;3244;0;0;0;0;0;57095;7671;0;0;7887;0;;;
2011;433,00;630;0;0;0;0;0;0;0;0;883;0;0;0;900;0;11012;0;0;0;489;0;0;0;0
2011;1058,00;0;0;0;0;0;0;0;0;0;352;0;0;0;966;0;9039;0;0;0;545;0;125;113;0
2011;261,00;1752;0;0;0;0;0;0;0;0;0;0;0;0;0;0;9111;0;0;0;0;0;;;
2011;730,00;9830;0;5;0;0;0;0;0;0;6675;0;0;0;0;0;72667;0;0;0;10395;0;0;0;0
2011;577,00;4641;0;4;0;0;0;0;0;0;2517;0;0;0;0;0;53336;0;0;0;4774;0;0;0;0
2011;788,00;9387;0;26;1436;0;0;0;4439;0;4602;0;0;0;8890;0;267881;0;0;0;21041;0;;;
2011;865,00;3241;0;0;0;0;0;0;0;0;2018;0;0;0;0;0;41739;0;0;0;7518;0;;;
2011;979,00;686;0;0;0;0;0;0;0;0;362;0;0;0;0;0;0;0;0;0;1534;0;0;0;0
2011;998,00;318;0;0;0;0;0;0;0;0;190;0;0;0;0;0;6677;0;0;0;0;0;0;0;0
2011;221,00;0;0;0;0;0;296;0;0;0;185;0;0;0;1973;0;7797;0;0;0;828;0;;;
2011;462,00;37;0;13;0;0;0;0;0;0;58;0;0;0;0;0;6732;0;0;0;0;0;;;
2011;506,00;0;0;0;0;0;548;0;0;0;255;0;0;0;3202;0;31575;0;0;0;2977;0;;;
2011;727,00;8306;0;3;0;0;0;0;0;0;2536;0;0;0;4637;0;127258;0;0;0;15547;0;;;
2011;355,00;90;0;0;0;0;0;0;0;0;0;0;0;0;1402;0;5285;0;0;0;360;0;0;0;0
2011;487,00;416;0;0;0;0;0;0;0;0;32;0;0;0;0;0;12743;0;0;0;2553;0;0;0;0
2011;938,00;20509;0;25;1627;0;3163;0;5498;0;3797;6663;0;0;10312;0;159147;84851;0;0;25462;0;;;
2011;886,00;362;0;9;0;0;62;0;0;0;351;0;0;0;2408;0;9160;0;0;0;810;0;;;
2011;835,00;1491;0;0;0;0;455;0;0;0;0;0;0;0;3044;0;0;0;0;0;0;0;;;
2011;999,00;0;0;0;0;0;0;0;0;0;0;0;0;0;0;0;45;0;0;0;0;0;0;0;0
2011;798,00;17097;0;103;331;0;0;0;0;0;8058;0;0;0;0;0;140485;0;0;0;15909;0;0;0;0
2011;504,00;0;0;0;360;0;0;0;0;0;14;0;0;0;3145;0;27630;0;0;0;5426;0;0;0;0
2011;247,00;678;0;0;0;0;866;0;0;0;3233;0;0;0;0;0;31971;0;0;0;3582;0;0;0;0
2011;216,00;676;0;1;0;0;2938;0;0;0;1318;0;0;0;4306;0;14133;0;0;0;2338;0;0;0;0
2011;654,00;2592;0;3;0;0;0;0;0;0;3068;0;0;0;2925;0;12887;0;0;0;4197;0;0;0;0
2011;65,00;0;0;0;0;0;0;0;0;0;0;0;0;0;0;0;0;0;0;0;0;0;;;
2011;472,00;777;0;0;0;0;0;0;0;0;1303;0;0;0;740;0;13500;0;0;0;1345;0;0;0;0
2011;427,00;0;0;0;0;0;0;0;0;0;0;0;0;0;0;0;4552;0;0;0;0;0;0;0;0
2011;491,00;629;0;0;0;0;0;0;0;0;1773;0;0;0;0;0;12712;0;0;0;1402;0;0;0;0
2011;551,00;609;0;0;0;0;0;0;0;0;424;0;0;0;0;0;6223;0;0;0;508;0;;;
2011;106,00;0;0;0;0;0;0;0;0;0;0;0;0;0;0;0;0;0;0;0;0;0;0;0;0
2011;819,00;0;0;0;0;0;0;0;0;0;0;0;0;0;0;0;0;0;0;0;0;0;;;
2011;836,00;0;0;0;0;0;0;0;0;0;0;0;0;0;0;0;0;0;0;0;0;0;0;0;0
2011;915,00;0;0;0;0;0;0;0;0;0;0;0;0;0;0;0;0;0;0;0;0;0;0;0;0
2011;942,00;0;0;0;0;0;0;0;0;0;0;0;0;0;0;0;0;0;0;0;0;0;0;0;0
2011;748,00;16102;2493;14;559;175;122;2796;2864;0;7444;0;2249;0;9603;2547;125384;42729;493;0;18414;3468;0;0;0
2011;198,00;0;0;0;0;0;0;0;0;0;0;0;0;0;0;0;0;0;0;0;0;0;;;
2011;871,00;3817;0;2;0;0;866;0;0;0;730;0;0;0;0;0;31314;0;0;0;2885;0;0;0;0
2011;948,00;0;0;0;0;0;87;0;0;0;17;0;0;0;2857;0;23396;0;0;0;980;0;;;
2011;1051,00;0;0;0;0;0;0;0;0;0;0;0;0;0;0;0;0;0;0;0;0;0;0;0;0
2011;1083,00;0;0;0;0;0;0;0;0;0;0;0;0;0;0;0;0;0;0;0;0;0;0;0;0
2011;679,00;14258;0;15;1175;0;0;0;0;0;3807;0;0;0;6528;0;207053;0;0;0;17815;0;0;0;0
2011;176,00;0;0;0;0;0;0;0;0;0;717;0;0;0;5252;0;7194;0;0;0;4813;0;356;0;0
2011;537,00;249;0;0;0;0;0;0;0;0;742;0;0;0;6553;0;9675;0;0;0;3028;0;416;0;0
2011;608,00;7022;0;6;0;0;0;0;0;0;1686;0;0;0;2409;0;65480;0;0;0;4747;0;0;0;0
2011;596,00;2342;0;5;0;0;0;0;0;0;1006;0;0;0;0;0;40562;0;0;0;3310;0;0;0;0
2011;749,00;35573;0;28;2029;0;4381;0;10544;0;10004;0;0;0;10247;0;298623;81704;0;0;31022;0;;;
2011;758,00;30922;2158;227;813;0;15009;0;10266;0;8254;8316;2983;0;16383;0;224885;140469;0;0;41254;0;0;0;0
2011;724,00;20675;2282;70;2017;0;6141;0;4889;0;4582;7843;5914;0;21136;0;151011;66891;271;0;54777;0;;;
2011;436,00;0;0;0;0;0;0;0;0;0;754;4055;0;0;0;0;15176;46591;0;0;0;3146;;;
2011;567,00;8008;0;0;0;0;10721;0;0;0;5941;0;0;0;0;0;17014;0;0;0;3001;0;;;
2011;677,00;11601;0;21;545;0;2900;0;0;0;2614;0;0;0;10475;0;97814;25484;1944;0;18882;0;;;
2011;670,00;3792;0;3;0;0;0;0;0;0;0;0;0;0;5563;0;39836;0;0;0;1988;0;;;
2011;588,00;5354;0;0;0;0;0;0;2606;0;1664;0;0;0;0;0;21032;0;0;0;5997;0;0;0;0
2011;446,00;5184;0;0;0;0;0;0;2763;0;0;0;0;0;0;0;9319;0;0;0;2097;0;0;0;0
2011;753,00;28300;0;76;2137;0;5926;0;7578;0;5946;5641;1532;0;14407;0;248666;43697;1954;0;40239;0;0;0;0
2011;887,00;0;0;0;0;0;0;0;0;0;0;0;0;0;0;0;1144;0;0;0;0;0;0;0;0
2011;388,00;0;0;0;0;0;0;0;0;0;0;0;0;0;0;0;2518;0;1802;0;0;0;0;0;0
2011;585,00;0;0;0;0;0;0;0;0;0;0;0;0;0;0;0;23688;0;0;0;0;0;0;0;0
2011;245,00;0;0;0;0;0;0;0;0;0;0;0;0;0;19075;0;33092;0;0;0;9142;0;;;
2011;603,00;388;0;0;0;0;0;0;0;0;152;0;0;0;12642;0;63455;0;0;0;6016;0;0;0;0
2011;426,00;0;0;0;0;0;0;0;0;0;0;0;0;0;0;0;0;0;0;0;0;0;0;0;0
2011;232,00;3003;0;0;0;0;1387;0;0;0;6231;0;0;0;4345;0;28050;0;0;0;1354;0;;;
2011;288,00;2723;0;0;0;0;0;0;0;0;318;0;0;0;9385;0;19586;0;0;0;6173;0;0;0;0
2011;246,00;4993;0;0;0;0;0;0;0;0;2003;0;0;0;1814;0;17437;0;0;0;903;0;;;
2011;284,00;0;0;0;0;0;0;0;0;0;4832;0;0;0;0;0;43845;0;0;0;0;0;0;0;0
2011;18,00;0;0;0;0;0;0;0;0;0;0;0;0;0;0;0;0;0;0;0;0;0;;;
2011;356,00;0;0;0;0;0;0;0;0;0;0;0;0;0;0;0;0;0;0;0;0;0;0;0;0
2011;401,00;0;0;0;0;0;0;0;0;0;0;0;0;0;0;0;0;0;0;0;0;0;0;0;0
2011;733,00;33581;0;28;5027;0;1965;4683;2448;0;7407;9576;0;0;16977;8411;127343;59964;0;0;23878;5009;;;
2011;243,00;0;0;0;0;0;0;0;0;0;430;0;0;0;8821;0;18120;0;0;0;2150;0;;;
2011;380,00;0;0;0;0;0;0;0;0;0;0;0;0;0;0;0;1024;0;0;0;0;0;;;
2011;716,00;9320;0;0;247;0;495;0;0;0;1083;0;0;0;9147;0;114102;0;0;0;4951;0;;;
2011;534,00;4510;0;0;155;0;1583;0;5568;0;1388;0;0;0;18984;0;39259;0;0;0;6860;0;;;
2011;185,00;0;0;0;0;0;494;0;0;0;1355;0;0;0;2063;0;7051;0;0;0;1020;0;0;0;0
2011;258,00;2885;0;0;16;0;0;0;0;0;776;0;1309;0;4451;0;15308;0;0;0;4223;0;;;
2011;505,00;0;0;0;0;0;271;0;0;0;1929;0;0;0;5718;0;16878;0;0;0;4310;0;0;0;0
2011;268,00;4332;0;0;1;0;701;0;0;0;1146;0;0;0;19177;0;26467;0;0;0;8481;0;;;
2011;602,00;5154;0;4;1113;0;1806;0;2300;0;5467;0;583;0;9487;0;26437;0;0;0;5139;0;;;
2011;254,00;0;0;0;105;0;6816;0;2915;0;5232;0;692;0;21850;0;82925;0;0;0;6452;0;;;
2011;705,00;20834;0;0;607;0;0;0;0;0;3400;0;0;0;9823;0;51011;0;0;0;8500;0;;;
2011;133,00;2555;0;0;0;0;0;0;0;0;5230;0;0;0;0;0;6058;0;0;0;0;0;;;
2011;33,00;0;0;0;0;0;0;0;0;0;0;0;0;0;0;0;0;0;0;0;0;0;;;
2011;143,00;0;0;0;0;0;0;0;0;0;0;0;0;0;0;0;0;0;0;0;0;0;0;0;0
2011;36,00;0;0;0;0;0;0;0;0;0;0;0;0;0;0;0;0;0;0;0;0;0;;;
2011;756,00;5693;0;9;85;0;2075;0;0;0;8267;0;0;0;5594;0;75085;0;2546;0;8896;0;0;0;0
2011;662,00;33977;0;22;0;0;3070;0;0;0;5084;3857;0;0;5790;4352;135681;82782;0;0;18248;4459;0;0;0
2011;192,00;0;0;0;0;0;0;0;0;0;0;0;0;0;0;0;7856;0;0;0;0;0;0;0;0
2011;382,00;0;0;0;0;0;0;0;0;0;0;0;0;0;0;0;751;0;0;0;0;0;;;
2011;322,00;0;0;0;0;0;0;0;0;0;0;0;0;0;0;0;1293;0;0;0;0;0;;;
2011;478,00;0;0;0;0;0;0;0;0;0;0;0;0;0;5759;0;32486;0;0;0;1630;0;0;0;0
2011;352,00;0;0;0;0;0;0;0;0;0;0;0;0;0;0;0;5600;0;0;0;0;0;;;
2011;628,00;16823;0;10;843;0;0;0;0;0;7134;0;0;0;5083;0;89983;50430;0;0;14553;0;;;
2011;291,00;0;0;0;0;0;0;0;0;0;0;0;0;0;0;0;0;0;0;0;0;0;;;
2011;495,00;0;0;0;0;0;0;0;0;0;0;0;0;0;4579;0;20286;0;0;0;2512;0;0;0;0
2011;845,00;14653;0;17;0;0;0;0;0;0;5847;0;0;0;4925;0;158026;43248;0;0;10643;0;;;
2011;498,00;3206;0;0;0;0;0;0;0;0;2215;0;0;0;155;0;7594;5578;0;0;2309;0;0;0;0
2011;314,00;0;0;0;0;0;0;0;0;0;0;0;0;0;0;0;2777;0;0;0;0;0;0;0;0
2011;720,00;4074;0;0;0;0;0;0;0;0;698;0;0;0;14534;0;60897;0;0;0;5750;0;;;
2011;721,00;19718;0;42;1860;0;0;0;0;0;2936;0;1559;0;11631;0;92895;35932;8216;0;14752;0;;;
2011;485,00;10;0;1;0;0;0;0;0;0;0;0;0;0;0;0;0;0;0;0;0;0;;;
2011;273,00;6891;0;0;518;0;0;0;0;0;1506;0;0;0;10177;0;52506;0;0;0;10999;0;0;0;0
2011;846,00;25549;0;65;339;0;1444;0;4023;0;6897;0;0;0;11843;0;144647;0;0;0;17955;0;;;
2011;847,00;0;0;0;0;0;0;0;2847;0;0;0;0;0;19901;0;42904;0;0;0;4250;0;;;
2011;848,00;13574;0;5;195;0;1989;0;0;0;7371;0;0;0;14871;0;68731;0;0;0;7403;0;;;
2011;864,00;0;0;0;0;0;0;0;0;0;0;0;0;0;0;0;0;0;0;0;0;0;;;
2011;916,00;1622;0;0;0;0;0;0;0;0;2234;0;0;0;5772;0;5028;0;0;0;6766;0;;;
2011;930,00;0;0;0;191;0;2118;0;0;0;2445;0;0;0;15974;0;46319;0;0;0;5430;0;;;
2011;954,00;15607;0;49;169;0;0;0;1286;0;5305;0;209;0;7910;0;86875;32759;400;0;15521;0;;;
2011;943,00;6261;0;0;0;0;0;0;0;0;5157;0;0;0;12366;0;67176;0;0;0;4080;0;;;
2011;949,00;42730;0;206;415;0;8949;0;9465;0;19481;1385;3176;0;13589;0;222069;41721;3026;0;36293;0;0;0;0
2011;980,00;11608;0;1;845;0;2327;0;0;0;4466;0;76;0;14829;0;37774;0;2457;0;11553;0;;;
2011;981,00;534;0;0;0;0;0;0;0;0;0;0;0;0;2202;0;2425;0;0;0;538;0;;;
2011;1024,00;20003;0;1;469;0;2524;0;2152;0;4820;0;1682;0;17076;0;44639;0;123;0;11502;0;;;
2011;1017,00;0;0;0;0;0;0;0;0;0;0;0;0;0;0;0;446;0;0;0;0;0;;;
2011;1000,00;16782;0;2;316;0;2496;0;2982;0;6462;0;1758;0;14026;0;46205;0;428;0;12087;0;;;
2011;1018,00;6569;0;0;0;0;1323;0;0;0;2226;0;0;0;6486;0;65339;0;0;0;7530;0;;;
2011;1001,00;10641;0;0;120;0;694;0;0;0;1990;0;0;0;3443;0;10909;0;0;0;1248;0;;;
2011;1007,00;11019;0;32;0;0;3827;0;0;0;3975;0;0;0;11630;0;106169;18250;0;0;12044;0;;;
2011;1008,00;14249;0;6;0;0;0;0;0;0;1561;0;0;0;8691;0;85287;0;0;0;7892;0;;;
2011;1009,00;18944;0;13;0;0;1085;0;0;0;2195;0;0;0;8344;0;103261;0;0;0;12260;0;0;0;0
2011;1010,00;7614;0;19;0;0;0;0;0;0;2258;0;0;0;8273;0;57125;0;0;0;7141;0;;;
2011;1011,00;8058;0;5;57;0;0;0;0;0;1483;0;0;0;4858;0;44408;0;0;0;4689;0;;;
2011;1012,00;12303;0;13;0;0;0;0;0;0;2492;0;0;0;7646;0;71092;0;0;0;8310;0;;;
2011;1013,00;36497;0;91;4198;0;2912;0;5803;0;12761;0;1701;0;20087;0;226226;0;0;0;29902;0;;;
2011;1041,00;0;0;0;0;0;0;0;0;0;0;0;0;0;0;0;0;0;0;0;0;0;;;
2011;1073,00;2706;0;0;0;0;224;0;0;0;1021;0;0;0;1195;0;16839;0;0;0;1796;0;0;0;0
2011;789,00;0;0;0;0;0;0;0;0;0;0;0;0;0;0;0;0;0;0;0;0;0;0;0;0
2011;326,00;0;0;0;0;0;0;0;0;0;0;0;0;0;0;0;0;0;0;0;0;0;0;0;0
2011;442,00;0;0;0;0;0;2052;0;914;0;2249;0;0;0;5036;0;5360;0;0;0;2297;0;;;
2011;294,00;0;0;0;0;0;0;0;0;0;1589;0;0;0;6087;0;55590;0;0;0;12365;0;;;
2011;378,00;0;0;0;0;0;0;0;0;0;0;0;0;0;0;0;1052;0;0;0;315;0;;;
2011;402,00;1587;0;0;0;0;0;0;0;0;2846;0;0;0;1986;0;28972;0;0;0;916;0;0;0;0
2011;29,00;0;0;0;0;0;0;0;0;0;0;0;0;0;0;0;0;0;0;0;0;0;;;
2011;450,00;304;0;0;0;0;0;0;0;0;0;0;0;0;0;0;3689;0;0;0;0;0;0;0;0
2011;656,00;1994;0;7;0;0;0;0;0;0;4089;0;0;0;0;0;81926;0;0;0;5991;0;;;
2011;333,00;7285;0;0;0;0;0;0;0;0;992;0;0;0;4403;0;27860;0;0;0;5069;0;;;
2011;668,00;7699;0;0;0;0;0;0;0;0;2005;0;0;0;0;0;70822;0;0;0;4248;0;0;0;0
2011;684,00;4524;0;0;0;0;0;0;0;0;6082;0;0;0;0;0;130216;0;0;0;7337;0;;;
2011;422,00;28;0;0;60;0;0;0;0;0;249;0;0;0;2754;0;13985;0;0;0;3478;0;;;
2011;763,00;20662;0;64;344;0;3660;0;0;0;7992;0;0;0;11075;0;286795;25715;3094;0;37152;0;0;0;0
2011;741,00;21624;0;27;1087;0;3916;0;7067;0;9278;2309;0;0;8120;0;293695;44581;0;0;32744;0;;;
2011;553,00;19504;0;15;11;0;0;0;0;0;6948;0;0;0;6683;0;106053;10216;0;0;13839;0;;;
2011;357,00;3014;0;0;0;0;0;0;0;0;2139;0;0;0;0;0;14490;0;0;0;0;0;;;
2011;899,00;0;0;0;0;0;0;0;0;0;0;0;0;0;0;0;0;0;0;0;0;0;;;
2011;900,00;166;0;0;0;0;0;0;0;0;32;0;0;0;0;0;414;0;0;0;103;0;0;0;0
2011;932,00;0;0;0;0;0;0;0;0;0;0;0;0;0;0;0;0;0;0;0;0;0;;;
2011;950,00;310;0;0;0;0;780;0;0;0;790;0;0;0;3120;0;6550;0;0;0;524;0;0;0;0
2011;966,00;1417;0;0;160;0;377;0;0;0;1111;0;0;0;972;0;8575;0;0;0;684;0;;;
2011;967,00;0;0;0;0;0;0;0;0;0;0;0;0;0;0;0;0;0;0;0;0;0;;;
2011;982,00;4446;0;0;21;0;0;0;1123;0;1982;0;498;0;5867;0;23852;0;145;0;6374;0;;;
2011;1014,00;0;0;0;0;0;0;0;0;0;1382;0;0;0;0;0;34907;0;0;0;2901;0;0;0;0
2011;1048,00;0;0;0;0;0;0;0;0;0;0;0;0;0;0;0;0;0;0;0;0;0;;;
2011;1080,00;3480;0;0;0;0;1270;0;0;0;2563;0;0;0;4483;0;20389;0;0;0;2692;0;;;
2011;722,00;18104;0;150;651;0;0;0;8249;0;4225;0;3652;0;5263;0;161647;40937;1991;0;21453;0;;;
2011;660,00;17122;0;57;0;0;0;0;0;0;3383;0;0;0;3210;0;122206;0;0;0;18840;0;;;
2011;75,00;0;0;0;0;0;0;0;0;0;0;0;0;0;0;0;0;0;0;0;0;0;0;0;0
2011;249,00;639;0;0;312;0;119;0;0;0;0;0;0;0;0;0;30762;0;0;0;3836;0;;;
2011;275,00;0;0;0;0;0;0;0;0;0;0;0;0;0;0;0;2169;0;0;0;0;0;0;0;0
2011;227,00;0;0;0;0;0;4003;0;0;0;3948;0;0;0;7874;0;63866;0;0;0;5564;0;;;
2011;150,00;0;0;0;0;0;0;0;0;0;0;0;0;0;0;0;5140;0;0;0;0;0;;;
2011;47,00;0;0;0;0;0;0;0;0;0;0;0;0;0;0;0;0;0;0;0;0;0;0;0;0
2011;172,00;519;0;0;0;0;0;0;0;0;0;0;0;0;3914;0;11067;0;0;0;1009;0;;;
2011;581,00;2327;30;9;0;0;0;0;0;0;1209;0;0;0;0;0;55701;0;0;0;8060;0;0;0;0
2011;120,00;605;0;0;0;0;0;0;0;0;0;0;0;0;0;0;4157;0;0;0;0;0;;;
2011;445,00;0;0;0;0;0;0;0;0;0;0;0;0;0;0;0;0;0;0;0;0;0;0;0;0
2011;471,00;0;0;0;0;0;0;0;0;0;0;0;0;0;0;0;17804;0;0;0;0;0;;;
2011;53,00;0;0;0;0;0;0;0;0;0;0;0;0;0;0;0;0;0;0;0;0;0;;;
2011;199,00;1691;0;0;0;0;0;0;0;0;110;0;0;0;28;0;13550;0;0;0;0;0;;;
2011;575,00;109;0;0;0;0;0;0;0;0;0;0;0;0;36;0;57801;0;0;0;4648;0;0;0;0
2011;528,00;3470;0;3;0;0;0;0;0;0;1101;0;0;0;0;0;33377;8688;0;0;3038;0;;;
2011;631,00;7822;0;10;0;0;0;0;0;0;2036;0;0;0;0;0;106263;39499;0;0;5754;0;;;
2011;699,00;19243;0;0;0;0;0;0;0;0;4460;0;0;0;3558;0;75731;25999;0;0;14330;0;;;
2011;823,00;0;0;0;0;0;0;0;0;0;0;0;0;0;0;0;17684;0;0;0;0;0;;;
2011;849,00;2612;0;0;0;0;0;0;0;0;3473;0;0;0;0;0;47383;0;0;0;4181;0;;;
2011;869,00;1275;0;0;0;0;682;0;0;0;843;0;0;0;0;0;99293;0;0;0;2215;0;0;0;0
2011;955,00;0;0;0;0;0;0;0;0;0;0;0;0;0;0;0;0;0;0;0;0;0;;;
2011;983,00;0;0;0;0;0;0;0;0;0;0;0;0;0;0;0;0;0;0;0;0;0;0;0;0
2011;1002,00;0;0;0;0;0;0;0;0;0;0;0;0;0;0;0;0;0;0;0;0;0;;;
2011;1015,00;18010;0;53;2212;0;0;0;975;0;2950;0;736;0;5913;0;162240;0;84;0;10765;0;0;0;0
2011;51,00;0;0;0;0;0;0;0;0;0;0;0;0;0;0;0;0;0;0;0;0;0;0;0;0
2011;441,00;1312;0;0;0;0;0;0;0;0;0;0;0;0;0;0;4543;0;0;0;0;0;0;0;0
2011;327,00;0;0;0;0;0;0;0;0;0;0;0;0;0;0;0;0;0;0;0;0;0;0;0;0
2011;690,00;11943;0;18;1245;0;3993;0;0;0;4431;0;2995;0;9161;0;61163;0;2273;0;17667;0;2991;322;54
2011;262,00;2453;0;0;0;0;854;0;0;0;827;0;0;0;4251;0;21810;0;0;0;3644;0;680;35;12
2011;403,00;0;0;0;0;0;0;0;0;0;0;0;0;0;0;0;0;0;0;0;0;0;0;0;0
2011;312,00;0;0;0;0;0;0;0;0;0;0;0;0;0;0;0;0;0;0;0;0;0;0;0;0
2011;589,00;0;0;0;0;0;0;0;0;0;264;0;0;0;0;0;45046;0;0;0;3210;0;0;0;0
2011;665,00;6461;0;14;0;0;0;0;0;0;866;0;0;0;0;0;70756;0;0;0;7740;0;0;0;0
2011;334,00;0;0;0;0;0;0;0;0;0;0;0;0;0;0;0;0;0;0;0;0;0;0;0;0
2011;1075,00;50748;0;182;1728;0;0;0;6112;0;13445;0;0;0;10679;0;194940;0;0;0;26327;0;7088;496;784
2011;751,00;81945;0;35;246;0;1002;0;4131;0;8089;0;0;0;6334;0;146683;17233;1426;0;19948;0;3786;813;431
2011;186,00;673;0;0;0;0;262;0;0;0;1390;0;0;0;6899;0;9092;0;0;0;1486;0;0;0;0
2011;646,00;1729;0;1;0;0;0;0;0;0;1293;0;0;0;0;0;32842;0;0;0;2396;0;0;0;0
2011;536,00;0;0;0;0;0;0;0;0;0;1436;0;0;0;0;0;26588;0;0;0;1891;0;0;0;0
2011;242,00;336;0;0;0;0;0;0;0;0;0;0;0;0;7920;0;6435;0;0;0;1195;0;;;
2011;490,00;0;0;0;0;0;0;0;0;0;18470;0;0;0;0;0;9682;0;0;0;0;0;;;
2011;500,00;3786;0;0;0;0;1427;0;766;0;2980;0;479;0;9198;0;30125;0;49;0;5409;0;;;
2011;206,00;1196;0;0;0;0;1380;0;0;0;1441;0;0;0;8870;0;11238;0;0;0;1850;0;;;
2011;58,00;0;0;0;0;0;0;0;0;0;0;0;0;0;0;0;0;0;0;0;0;0;0;0;0
2011;572,00;9081;0;27;0;0;0;0;0;0;3599;0;0;0;4718;0;105244;0;0;0;8333;0;0;0;0
2011;180,00;0;0;0;0;0;0;0;0;0;7463;0;0;0;0;0;1690;0;0;0;0;0;;;
2011;549,00;1673;0;5;0;0;0;0;0;0;2380;0;0;0;0;0;27089;0;0;0;1868;0;0;0;0
2011;582,00;2913;0;4;0;0;0;0;0;0;3475;0;0;0;0;0;39871;0;0;0;2521;0;0;0;0
2011;743,00;12538;0;54;12;0;0;0;0;0;5421;0;0;0;6728;0;168347;18915;0;0;15144;0;0;0;0
2011;795,00;5530;0;0;0;0;0;0;0;0;16311;0;0;0;0;0;5416;0;0;0;0;0;0;0;0
2011;269,00;45;0;0;0;0;0;0;0;0;0;0;0;0;2856;0;24589;0;0;0;0;0;0;0;0
2011;634,00;6745;0;4;0;0;0;0;0;0;3115;0;0;0;6876;0;45522;0;0;0;5193;0;0;0;0
2011;1,00;0;0;0;0;0;0;0;0;0;1708;0;0;0;0;0;0;0;0;0;0;0;;;
2011;717,00;4961;0;17;0;0;0;0;0;0;1837;0;0;0;4366;0;54494;0;0;0;7362;0;0;0;0
2011;373,00;0;0;0;0;0;0;0;0;0;4790;0;0;0;0;0;3310;0;0;0;0;0;0;0;0
2011;535,00;6211;0;9;0;0;0;0;0;0;5526;0;0;0;4328;0;33998;14410;0;0;5589;0;0;0;0
2011;824,00;26282;0;150;788;0;7084;0;5037;0;14580;0;0;0;15730;0;242609;56245;911;0;41405;0;0;0;0
2011;888,00;1934;0;3;0;0;0;0;0;0;3216;0;0;0;0;0;34931;0;0;0;3100;0;;;
2011;902,00;0;0;0;0;0;0;0;0;0;0;0;0;0;0;0;33;0;0;0;0;0;;;
2011;968,00;0;0;0;0;0;0;0;0;0;0;0;0;0;0;0;0;0;0;0;0;0;0;0;0
2011;346,00;0;0;0;0;0;0;0;0;0;0;0;0;0;0;0;0;0;0;0;0;0;;;
2011;27,00;0;0;0;0;0;0;0;0;0;0;0;0;0;0;0;0;0;0;0;0;0;0;0;0
2011;165,00;910;0;0;0;0;0;0;0;0;580;0;0;0;0;0;6752;0;0;0;1150;0;;;
2011;956,00;12578;0;0;0;0;1686;0;0;0;4212;0;0;0;5952;0;129942;0;0;0;15736;0;0;0;0
2011;413,00;0;0;0;0;0;0;0;0;0;0;0;0;0;0;0;0;0;0;0;0;0;0;0;0
2011;149,00;0;0;0;0;0;0;0;0;0;955;0;0;0;0;0;1755;0;0;0;0;0;;;
2011;612,00;0;0;0;0;0;1711;0;0;0;4297;0;0;0;8000;0;24707;0;0;0;2167;0;;;
2011;559,00;674;0;0;0;0;0;0;0;0;1114;0;0;0;2148;0;7099;0;0;0;726;0;0;0;0
2011;7,00;0;0;0;0;0;0;0;0;0;933;0;0;0;0;0;2001;0;0;0;589;0;0;0;0
2011;283,00;1943;0;0;312;0;673;0;9756;0;4510;0;1176;0;12510;0;42250;0;0;0;7608;0;0;0;0
2011;37,00;0;0;0;0;0;0;0;0;0;0;0;0;0;0;0;0;0;0;0;0;0;;;
2011;153,00;2054;0;0;0;0;1775;0;0;0;4065;0;0;0;10747;0;51073;0;0;0;4104;0;0;0;0
2011;547,00;6025;0;11;0;0;0;0;0;0;1283;0;0;0;0;0;57278;0;0;0;4917;0;0;0;0
2011;397,00;0;0;0;0;0;0;0;0;0;0;0;0;0;0;0;816;0;0;0;0;0;;;
2011;556,00;3632;0;9;0;0;0;0;0;0;1128;0;0;0;0;0;41548;0;0;0;2694;0;0;0;0
2011;42,00;0;0;0;0;0;0;0;0;0;0;0;0;0;0;0;0;0;0;0;0;0;0;0;0
2011;31,00;0;0;0;0;0;0;0;0;0;0;0;0;0;0;0;0;0;0;0;0;0;;;
2011;740,00;17580;0;75;3286;0;1602;0;5449;0;8963;8851;0;0;860;0;14931;81668;0;0;17602;0;0;0;0
2011;217,00;1019;0;0;0;0;0;0;0;0;770;0;0;0;1890;0;20888;0;0;0;1389;0;0;0;0
2011;863,00;0;0;0;0;0;0;0;0;0;127;0;0;0;1683;0;9120;0;0;0;913;0;156;0;43
2011;889,00;18676;0;30;2816;0;3149;0;6634;0;4264;0;1176;0;5166;0;149205;97383;0;0;24511;0;0;0;0
2011;984,00;1006;0;0;0;0;303;0;0;0;2365;0;0;0;3478;0;29227;0;0;0;2465;0;0;0;0
2011;34,00;0;0;0;0;0;0;0;0;0;0;0;0;0;0;0;0;0;0;0;0;0;0;0;0
2011;791,00;4731;0;0;0;0;2174;0;0;0;1422;0;0;0;9396;0;65119;0;0;0;8942;0;;;
2011;181,00;0;0;0;0;0;0;0;0;0;0;0;0;0;0;0;218;0;0;0;0;0;0;0;0
2011;430,00;0;0;0;0;0;0;0;0;0;0;0;0;0;0;0;10254;0;0;0;0;0;0;0;0
2011;715,00;13967;0;1;78;0;0;0;2110;0;5882;0;0;0;16903;0;124433;0;333;0;27207;0;0;0;0
2011;521,00;0;0;0;0;0;0;0;0;0;0;0;0;0;0;0;9669;0;0;0;0;0;;;
2011;524,00;0;0;0;0;0;0;0;685;0;3557;0;0;0;5448;0;11284;0;0;0;2711;0;218;24;33
2011;432,00;0;0;0;0;0;0;0;0;0;0;0;0;0;0;0;5931;0;0;0;0;0;0;0;0
2011;19,00;0;0;0;0;0;0;0;0;0;0;0;0;0;0;0;0;0;0;0;0;0;0;0;0
2011;25,00;0;0;0;0;0;0;0;0;0;0;0;0;0;0;0;0;0;0;0;0;0;0;0;0
2011;26,00;0;0;0;0;0;0;0;0;0;0;0;0;0;0;0;0;0;0;0;0;0;0;0;0
2011;890,00;19686;0;28;943;0;0;0;0;0;3670;0;0;0;5913;0;99029;34286;0;0;18317;0;0;0;0
2011;904,00;0;0;0;0;0;0;0;0;0;2520;0;0;0;1638;0;34008;0;0;0;6020;0;0;0;0
2011;957,00;26246;0;121;287;0;2421;0;0;0;14412;0;3072;0;25662;0;230721;54285;12131;0;38970;0;0;0;0
2011;939,00;19163;0;47;43;0;9800;0;9313;0;6293;0;0;0;6653;0;187133;0;651;0;19884;0;;;
2011;236,00;0;0;0;0;0;0;0;0;0;0;0;0;0;0;0;0;0;0;0;0;0;;;
2011;735,00;16331;0;7;3659;0;8700;0;5663;0;7905;1473;1341;0;8058;0;133917;67098;561;0;29916;0;0;0;0
2011;146,00;0;0;0;0;0;0;0;0;0;0;0;0;0;0;0;1424;0;0;0;0;0;0;0;0
2011;363,00;2316;0;0;0;0;0;0;0;0;0;0;0;0;45;0;7953;0;0;0;55;0;0;0;0
2011;187,00;1130;0;0;0;0;0;0;0;0;602;0;0;0;6503;0;14729;0;0;0;1563;0;0;0;0
2011;265,00;0;0;0;0;0;0;0;0;0;2031;0;0;0;1338;0;8541;0;0;0;916;0;;;
2011;295,00;813;0;0;0;0;631;0;0;0;1072;0;0;0;6098;0;22356;0;0;0;2000;0;529;7;0
2011;496,00;2848;0;0;133;0;0;0;0;0;1518;0;0;0;11592;0;56857;0;0;0;9098;0;427;0;141
2011;77,00;0;0;0;0;0;0;0;0;0;0;0;0;0;0;0;0;0;0;0;0;0;0;0;0
2011;391,00;153;0;0;0;0;0;0;0;0;0;0;0;0;0;0;1884;0;0;0;360;0;;;
2011;240,00;1395;0;0;342;0;153;0;0;0;301;0;0;0;3722;0;35757;0;0;0;2129;0;0;0;0
2011;448,00;0;0;0;0;0;0;0;0;0;592;0;0;0;0;0;4663;0;0;0;660;0;0;0;0
2011;151,00;0;0;0;0;0;0;0;0;0;0;0;0;0;0;0;0;0;0;0;0;0;0;0;0
2011;425,00;0;0;0;0;0;0;0;0;0;328;0;0;0;0;0;4958;0;0;0;563;0;;;
2011;300,00;0;0;0;0;0;0;0;0;0;602;0;0;0;0;0;8427;0;0;0;1235;0;0;0;0
2011;339,00;3573;0;0;814;0;662;0;1041;0;1873;0;0;0;10249;0;21611;0;0;0;3109;0;0;0;0
2011;826,00;0;0;0;0;0;0;0;0;0;0;0;0;0;0;0;0;0;0;0;0;0;0;0;0
2011;874,00;4141;0;8;0;0;0;0;0;0;717;0;0;0;0;0;34707;12694;0;0;3435;0;0;0;0
2011;905,00;33096;0;106;2744;0;5611;0;5017;0;3716;3371;0;0;14646;0;98596;33486;1136;0;41365;0;0;0;0
2011;736,00;31470;0;191;0;0;0;0;0;0;7437;0;2061;0;14358;0;168398;0;69;0;26064;0;0;0;0
2011;459,00;0;0;0;0;0;0;0;0;0;0;0;0;0;0;0;10621;0;0;0;0;0;;;
2011;320,00;0;0;0;0;0;0;0;0;0;0;0;0;0;0;0;4126;0;0;0;0;0;0;0;0
2011;45,00;0;0;0;0;0;0;0;0;0;0;0;0;0;0;0;0;0;0;0;0;0;0;0;0
2011;292,00;0;0;0;0;0;0;0;0;0;0;0;0;0;0;0;0;0;0;0;0;0;;;
2011;618,00;3185;0;0;0;0;0;0;0;0;2083;0;0;0;0;0;54590;4503;0;0;3512;0;1091;140;0
2011;463,00;8385;0;8;0;0;0;0;0;0;4310;0;0;0;4702;0;79445;20665;0;0;7777;0;;;
2011;891,00;3653;0;2;0;0;0;0;0;0;0;0;0;0;139;0;16587;0;0;0;671;0;0;0;0
2011;958,00;14841;0;8;0;0;661;0;0;0;3826;0;0;0;5733;0;78858;0;0;0;18121;0;;;
2011;244,00;415;0;0;0;0;0;0;0;0;0;0;0;0;0;0;0;0;0;0;0;0;;;
2011;28,00;0;0;0;0;0;0;0;0;0;0;0;0;0;0;0;0;0;0;0;0;0;0;0;0
2011;444,00;4602;0;0;0;0;0;0;0;0;337;0;0;0;0;0;6852;0;0;0;374;0;0;0;0
2011;479,00;352;0;0;0;0;0;0;0;0;0;0;0;0;0;0;2928;0;0;0;0;0;0;0;0
2011;285,00;4150;0;2;0;0;0;0;0;0;2644;0;0;0;5735;0;30856;0;0;0;4403;0;;;
2011;253,00;0;0;0;20;0;2478;0;0;0;5431;0;0;0;11255;0;72352;0;0;0;6913;0;;;
2011;481,00;1617;0;1;0;0;890;0;0;0;1579;0;0;0;3964;0;27284;0;0;0;3145;0;;;
2011;540,00;8691;0;0;89;0;0;0;1826;0;5980;0;0;0;7620;0;32456;0;0;0;5980;0;;;
2011;332,00;0;0;0;0;0;0;0;0;0;0;0;0;0;0;0;0;0;0;0;0;0;;;
2011;41,00;0;0;0;0;0;0;0;0;0;0;0;0;0;0;0;0;0;0;0;0;0;;;
2011;510,00;3339;0;0;0;0;604;0;0;0;1090;0;0;0;3127;0;28438;0;0;0;1201;0;;;
2011;305,00;0;0;0;0;0;0;0;0;0;1036;0;0;0;0;0;11116;0;0;0;0;0;0;0;0
2011;708,00;4754;0;0;0;0;0;0;0;0;6214;0;0;0;0;0;88244;0;0;0;8443;0;0;0;0
2011;755,00;32061;0;170;2436;0;12705;0;12919;0;11667;3623;3885;0;15565;0;380391;112443;1745;0;60376;0;0;0;0
2011;750,00;21128;0;102;0;0;4549;0;4787;0;12104;39;0;0;10292;0;284552;65106;0;0;44405;0;0;0;0
2011;696,00;13678;0;24;191;0;0;0;0;0;13143;0;0;0;3776;0;185979;60322;0;0;35020;0;0;0;0
2011;434,00;2014;0;0;0;0;0;0;0;0;2802;0;0;0;0;0;18601;0;0;0;1527;0;0;0;0
2011;421,00;0;0;0;0;0;0;0;0;0;0;0;0;0;4681;0;23384;0;0;0;1919;0;;;
2011;827,00;0;0;0;0;0;0;0;0;0;0;0;0;0;0;0;0;0;0;0;0;0;0;0;0
2011;933,00;12106;0;0;0;0;0;0;0;0;5107;0;0;0;4554;0;99491;0;0;0;8816;0;;;
2011;1030,00;6862;0;3;170;0;806;0;0;0;2250;0;0;0;4284;0;22835;0;0;0;2500;0;;;
2011;1003,00;2378;0;0;0;0;0;0;0;0;1641;0;0;0;0;0;18995;0;0;0;1318;0;0;0;0
2011;1050,00;630;0;0;24;0;0;0;0;0;974;0;0;0;0;0;8318;0;0;0;612;0;0;0;0
2011;1043,00;1717;0;1;0;0;508;0;0;0;2123;0;0;0;1018;0;8028;0;0;0;488;0;0;0;0
2011;934,00;8961;0;8;0;0;2454;0;0;0;5786;0;0;0;1649;0;56570;0;0;0;7524;0;;;
2011;629,00;11249;0;80;624;0;1943;0;3853;0;8214;0;0;0;8152;0;78103;0;603;0;14077;0;0;0;0
2011;21,00;0;0;0;0;0;0;0;0;0;0;0;0;0;0;0;0;0;0;0;0;0;0;0;0
2011;615,00;7315;0;17;0;0;1900;0;0;0;4676;0;0;0;7170;0;0;0;0;0;7220;0;;;
2011;626,00;1435;0;0;0;0;666;0;0;0;1004;0;0;0;0;0;8504;0;0;0;0;0;;;
2011;417,00;0;0;0;0;0;0;0;0;0;0;0;0;0;0;0;10194;0;0;0;0;0;0;0;0
2011;597,00;0;0;0;0;0;0;0;0;0;2013;0;0;0;0;0;11511;0;0;0;1111;0;0;0;0
2011;539,00;12619;0;0;0;0;0;0;0;0;8018;0;0;0;0;0;17842;0;0;0;13699;0;0;0;0
2011;343,00;0;0;0;0;0;0;0;0;0;1166;0;0;0;0;0;19127;0;0;0;2244;0;0;0;0
2011;135,00;0;0;0;0;0;0;0;0;0;0;0;0;0;0;0;0;0;0;0;0;0;;;
2011;158,00;0;0;0;0;0;0;0;0;0;0;0;0;0;0;0;1343;0;0;0;0;0;0;0;0
2011;775,00;8851;0;26;0;0;1500;0;0;0;5726;0;0;0;3494;0;61531;0;0;0;8740;0;0;0;0
2011;177,00;0;0;0;0;0;0;0;0;0;0;0;0;0;0;0;1545;0;0;0;0;0;0;0;0
2011;578,00;1550;0;0;0;0;0;0;0;0;1166;0;0;0;0;0;12305;0;0;0;0;0;0;0;0
2011;416,00;363;0;0;0;0;419;0;0;0;919;0;0;0;2293;0;16209;0;0;0;0;0;;;
2011;561,00;4851;0;6;0;0;0;0;0;0;3262;0;0;0;0;0;43031;0;0;0;3540;0;0;0;0
2011;828,00;0;0;0;0;0;0;0;0;0;0;0;0;0;0;0;0;0;0;0;0;0;;;
2011;860,00;56;0;0;0;0;0;0;0;0;3489;0;0;0;0;0;23847;0;0;0;1146;0;0;0;0
2011;935,00;0;0;0;0;0;0;0;0;0;0;0;0;0;0;0;0;0;0;0;0;0;0;0;0
2011;936,00;0;0;0;0;0;0;0;0;0;0;0;0;0;0;0;0;0;0;0;0;0;0;0;0
2011;986,00;0;0;0;0;0;0;0;0;0;0;0;0;0;0;0;0;0;0;0;0;0;;;
2011;987,00;3680;0;3;0;0;0;0;0;0;5149;0;0;0;0;0;54001;0;0;0;6295;0;;;
2011;1021,00;0;0;0;0;0;0;0;0;0;0;0;0;0;0;0;0;0;0;0;0;0;0;0;0
2011;658,00;5358;0;5;0;0;0;0;0;0;2236;0;0;0;3792;0;57433;0;0;0;5912;0;0;0;0
2011;353,00;0;0;0;0;0;0;0;0;0;26784;0;0;0;0;0;16907;0;0;0;0;0;0;0;0
2011;323,00;0;0;0;0;0;0;0;0;0;0;0;0;0;0;0;0;0;0;0;0;0;0;0;0
2011;620,00;5570;0;0;0;0;0;0;0;0;2336;0;0;0;0;0;28951;0;0;0;3272;0;0;0;0
2011;384,00;0;0;0;0;0;0;0;0;0;0;0;0;0;1824;0;11697;0;0;0;0;0;0;0;0
2011;484,00;3438;0;2;0;0;0;0;0;0;13415;0;0;0;0;0;11763;0;0;0;955;0;0;0;0
2011;554,00;8808;0;1;0;0;2433;0;0;0;3564;0;0;0;9508;0;123973;0;0;0;14685;0;;;
2011;209,00;941;0;0;0;0;0;0;0;0;1096;0;0;0;1951;0;36751;0;0;0;1337;0;;;
2011;707,00;31669;0;35;2651;0;0;0;0;0;24139;0;0;0;21778;0;181775;37230;0;0;30109;2083;0;0;0
2011;395,00;17;0;0;0;0;0;0;0;0;0;0;0;0;0;0;6092;0;0;0;0;0;;;
2011;969,00;5037;0;0;0;0;1229;0;2420;0;1048;0;0;0;4350;0;24161;0;0;0;1917;0;0;0;0
2011;1052,00;0;0;0;0;0;0;0;0;0;0;0;0;0;0;0;0;0;0;0;0;0;0;0;0
2011;739,00;23739;0;72;5961;0;11669;0;4275;0;4327;0;0;0;39214;0;198111;66811;613;0;37649;0;0;0;0
2011;613,00;20483;0;53;1510;0;0;4764;2940;0;7695;0;0;0;4904;0;135485;42805;1459;0;20419;0;0;0;0
2011;593,00;16133;0;8;0;0;0;0;0;0;3043;0;0;0;7636;0;82763;37092;0;0;11804;0;0;0;0
2011;704,00;31053;0;68;1536;0;0;0;4426;0;5400;0;0;0;19923;0;145191;25772;0;0;25666;0;0;0;0
2011;493,00;0;0;0;0;0;15430;0;0;0;0;0;0;0;0;0;12241;0;0;0;11315;0;0;0;0
2011;686,00;21191;0;54;1209;0;6763;0;1649;0;4441;0;870;0;13047;0;193539;0;0;0;23168;0;0;0;0
2011;257,00;7552;0;0;311;0;2396;0;1090;0;5513;0;1000;0;9519;0;81254;0;0;0;4395;0;0;0;0
2011;494,00;147;0;23;0;0;0;0;0;0;38;0;0;0;0;0;13248;0;0;0;12;0;96;0;0
2011;681,00;23113;0;5;2;0;3334;0;2098;0;10025;0;878;0;4814;0;10904;0;0;0;21666;0;0;0;0
2011;286,00;11367;0;0;0;0;0;0;0;0;0;0;0;0;6396;0;33113;0;0;0;3732;0;0;0;0
2011;255,00;0;0;0;79;0;3741;0;0;0;4105;0;0;0;17027;0;96728;0;0;0;6775;0;0;0;0
2011;79,00;0;0;0;0;0;0;0;0;0;0;0;0;0;0;0;0;0;0;0;0;0;0;0;0
2011;81,00;0;0;0;0;0;0;0;0;0;0;0;0;0;0;0;0;0;0;0;0;0;0;0;0
2011;688,00;10417;0;12;0;0;0;0;0;0;4396;0;0;0;6263;0;93896;0;0;0;9701;0;0;0;0
2011;531,00;11481;0;11;0;0;0;5157;0;0;2954;0;0;0;7725;0;67543;32894;0;0;8127;0;0;0;0
2011;514,00;0;0;0;0;0;0;575;0;0;978;0;0;0;0;0;31621;0;0;0;1822;0;0;0;0
2011;499,00;133;0;0;0;0;0;0;0;0;0;0;0;0;8012;0;22301;0;0;0;3390;0;0;0;0
2011;532,00;11612;0;9;0;0;2549;0;0;0;2894;613;0;0;7835;0;61668;29135;0;0;7588;0;0;0;0
2011;190,00;0;0;0;0;0;0;0;0;0;0;0;0;0;0;0;0;0;0;0;0;0;0;0;0
2011;598,00;2878;0;6;0;0;0;0;0;0;2319;0;0;0;0;0;41314;0;0;0;4185;0;0;0;0
2011;260,00;15189;0;0;0;0;3135;0;378;0;10095;0;2974;0;15137;0;157544;0;100;0;8947;0;0;0;0
2011;838,00;1456;0;0;0;0;0;0;0;0;1452;0;0;0;244;0;21686;0;0;0;1684;0;;;
2011;839,00;270;0;0;0;0;215;0;0;0;1223;0;0;0;639;0;12614;0;0;0;473;0;0;0;0
2011;851,00;0;0;0;0;0;0;0;0;0;0;0;0;0;0;0;0;0;0;0;0;0;0;0;0
2011;852,00;21145;0;21;0;0;3745;0;3619;0;2920;0;0;0;16641;0;99383;66256;851;0;23212;0;0;0;0
2011;988,00;0;0;0;0;0;0;0;0;0;0;0;0;0;0;0;2012;0;0;0;0;0;0;0;0
2011;1056,00;17639;0;11;1594;0;7522;0;0;0;4153;0;0;0;10474;0;125015;30410;0;0;14353;0;0;0;0
2011;1044,00;0;0;0;0;0;0;0;0;0;0;0;0;0;0;0;0;0;0;0;0;0;0;0;0
2011;644,00;15201;0;35;2404;0;3844;0;0;0;3483;0;0;0;7937;0;103981;42775;0;0;13937;0;;;
2011;752,00;15081;0;39;0;0;0;0;6444;0;3353;999;0;0;9867;0;120259;60331;130;0;17790;0;;;
2011;238,00;0;0;0;0;0;0;0;0;0;0;0;0;0;0;0;0;0;0;0;0;0;;;
2011;325,00;0;0;0;0;0;0;0;0;0;0;0;0;0;0;0;0;0;0;0;0;0;0;0;0
2011;622,00;4200;0;2;0;0;0;0;0;0;663;0;0;0;0;0;37270;0;0;0;5498;0;;;
2011;879,00;1622;0;0;0;0;0;0;0;0;0;0;0;0;27;0;6005;0;0;0;280;0;;;
2011;906,00;1403;0;0;0;0;0;0;0;0;0;0;0;0;529;0;35199;0;0;0;1355;0;;;
2011;370,00;0;0;0;0;0;0;0;0;0;0;0;0;0;0;0;10217;0;0;0;0;0;0;0;0
2011;418,00;0;0;0;0;0;0;0;0;0;0;0;0;0;3449;0;15093;0;0;0;0;0;;;
2011;574,00;0;0;0;0;0;0;0;0;0;0;0;0;0;2865;0;11082;0;0;0;0;0;0;0;0
2011;399,00;0;0;0;0;0;0;0;0;0;0;0;0;0;0;0;3304;0;0;0;0;0;0;0;0
2011;195,00;0;0;0;0;0;0;0;0;0;0;0;0;0;0;0;5892;0;0;0;0;0;;;
2011;783,00;21102;0;52;1208;0;3050;0;3223;0;15661;0;0;0;5941;0;139248;122310;0;0;28770;0;0;0;0
2011;188,00;0;0;0;0;0;1624;0;0;0;2163;0;1456;0;7429;0;43638;0;0;0;13587;0;;;
2011;263,00;0;0;0;0;0;0;0;0;0;0;0;0;0;0;0;29848;0;0;0;0;0;0;0;0
2011;194,00;0;0;0;0;0;0;0;0;0;3043;0;0;0;0;0;19856;0;0;0;0;0;0;0;0
2011;214,00;62;0;0;0;0;0;0;0;0;2926;0;0;0;0;0;0;0;0;0;0;0;;;
2011;785,00;27218;0;88;3477;0;6641;0;8355;0;7483;20301;1505;0;10329;0;164992;99801;1604;0;42690;0;0;0;0
2011;780,00;6269;0;57;0;0;0;0;0;0;1181;7460;0;0;0;0;38462;51764;0;0;7386;0;0;0;0
2011;83,00;0;0;0;0;0;0;0;0;0;0;0;0;0;0;0;0;0;0;0;0;0;;;
2011;782,00;13033;0;27;210;0;0;0;0;0;3925;0;0;0;0;0;91768;88858;0;0;13197;0;0;0;0
2011;369,00;0;0;0;0;0;0;0;0;0;0;0;0;0;0;0;5051;0;0;0;0;0;0;0;0
2011;84,00;0;0;0;0;0;0;0;0;0;0;0;0;0;0;0;0;0;0;0;0;0;0;0;0
2011;713,00;0;0;0;0;0;0;0;0;0;1573;0;0;0;2172;0;36474;0;0;0;6710;0;0;0;0
2011;85,00;0;0;0;0;0;0;0;0;0;0;0;0;0;0;0;0;0;0;0;0;0;;;
2011;86,00;0;0;0;0;0;0;0;0;0;0;0;0;0;0;0;0;0;0;0;0;0;;;
2011;941,00;0;0;0;0;0;0;0;0;0;0;0;0;0;0;0;0;0;0;0;0;0;0;0;0
2011;1045,00;982;0;0;20;0;231;0;134;0;744;0;79;0;310;0;13478;0;0;0;1498;0;;;
2011;937,00;14861;0;9;0;0;2420;0;0;0;5798;0;0;0;3836;0;100525;0;0;0;15770;0;;;
2011;1004,00;0;0;0;0;0;0;0;0;0;0;0;0;0;0;0;0;0;0;0;0;0;;;
2011;737,00;18645;0;37;328;0;0;0;5748;0;5812;4349;0;0;4840;0;115412;36558;786;0;15949;0;0;0;0
2011;765,00;33607;0;120;246;0;6309;0;8704;0;8591;6798;0;0;17528;0;226367;93755;450;0;37982;0;0;0;0
2011;329,00;6734;0;0;0;0;0;0;0;0;286;499;0;0;3403;0;42088;34481;0;0;5815;0;;;
2011;87,00;0;0;0;0;0;0;0;0;0;0;0;0;0;0;0;0;0;0;0;0;0;0;0;0
2011;527,00;4143;0;0;0;0;0;0;0;0;7059;0;0;0;0;0;19108;0;0;0;4133;0;0;0;0
2011;562,00;235;0;0;1;0;0;0;0;0;0;0;0;0;5596;0;59153;0;0;0;2156;0;;;
2011;251,00;0;0;0;0;0;1746;0;0;0;641;0;0;0;4197;0;21013;0;0;0;2733;0;;;
2011;129,00;0;0;0;0;0;0;0;0;0;0;0;0;0;0;0;0;0;0;0;0;0;0;0;0
2011;154,00;0;0;0;0;0;0;0;0;0;0;0;0;0;0;0;790;0;0;0;0;0;0;0;0
2011;516,00;0;0;0;0;0;489;0;0;0;1793;0;901;0;7811;0;57954;0;0;0;3509;0;0;0;0
2011;184,00;0;0;0;0;0;0;0;0;0;0;0;0;0;1119;0;6200;0;0;0;0;0;357;0;0
2011;652,00;1386;0;0;0;0;1041;0;0;0;2110;0;0;0;0;0;27127;0;0;0;2843;0;0;0;0
2011;637,00;5509;0;8;0;0;0;0;0;0;1330;0;0;0;0;0;33703;0;0;0;3278;0;0;0;0
2011;88,00;0;0;0;0;0;0;0;0;0;0;0;0;0;0;0;0;0;0;0;0;0;0;0;0
2011;907,00;0;0;0;0;0;0;0;0;0;0;0;0;0;0;0;0;0;0;0;0;0;0;0;0
2011;970,00;0;0;0;0;0;0;0;0;0;0;0;0;0;0;0;0;0;0;0;0;0;0;0;0
2011;1019,00;0;0;0;0;0;0;0;0;0;1045;0;0;0;937;0;8827;0;0;0;534;0;;;
2011;1016,00;0;0;0;5;0;0;0;0;0;209;0;0;0;5004;0;23805;0;0;0;850;0;0;0;0
2011;1047,00;3115;0;0;0;0;669;0;0;0;768;0;0;0;2519;0;46290;0;0;0;5211;0;357;89;0
2011;635,00;3249;0;0;0;0;264;0;0;0;350;0;0;0;0;0;40908;0;0;0;6041;0;309;73;0
