"año";"NCODI";"pacienteTot_med";"sesionTot_med";"pacienteTot_psiquia";"sesionTot_psiquia";"pacienteTot_geria";"sesionTot_geria"
2011;285,00;216;1050;0;0;0;0
2011;253,00;0;0;0;0;0;0
2011;481,00;103;711;0;0;0;0
2011;540,00;0;0;0;0;0;0
2011;332,00;0;0;0;0;0;0
2011;41,00;0;0;0;0;0;0
2011;510,00;15;81;0;0;0;0
2011;305,00;7;37;0;0;0;0
2011;708,00;2328;2805;0;0;0;0
2011;755,00;43566;55874;0;0;0;0
2011;750,00;8106;71699;51;2962;0;0
2011;696,00;4741;18966;0;0;0;0
2011;434,00;907;1036;0;0;0;0
2011;421,00;0;0;0;0;0;0
2011;827,00;0;0;0;0;0;0
2011;933,00;4138;5014;0;0;0;0
2011;1030,00;129;877;0;0;0;0
2011;1003,00;865;1021;0;0;0;0
2011;1050,00;277;338;0;0;0;0
2011;1043,00;0;0;0;0;0;0
2011;934,00;807;4064;0;0;0;0
2011;629,00;2847;15871;7;239;0;0
2011;21,00;0;0;0;0;144;11334
2011;615,00;0;0;0;0;0;0
2011;626,00;0;0;0;0;0;0
2011;417,00;1483;1483;0;0;0;0
2011;597,00;0;0;0;0;24;1492
2011;539,00;1258;8553;0;0;88;11328
2011;343,00;0;0;0;0;0;0
2011;135,00;0;0;0;0;0;0
2011;158,00;0;0;178;9144;43;4977
2011;775,00;2423;12020;0;0;0;0
2011;177,00;0;0;0;0;107;3491
2011;578,00;0;0;0;0;0;0
2011;416,00;0;0;0;0;25;3778
2011;561,00;29;90;0;0;86;7844
2011;828,00;0;0;0;0;42;5092
2011;860,00;0;0;0;0;196;12540
2011;935,00;0;0;0;0;75;5040
2011;936,00;0;0;0;0;0;0
2011;986,00;0;0;15;3333;0;0
2011;987,00;0;0;0;0;0;0
2011;1021,00;0;0;0;0;0;0
2011;658,00;1332;2643;0;0;0;0
2011;353,00;0;0;0;0;409;3012
2011;323,00;0;0;20;3892;0;0
2011;620,00;0;0;0;0;0;0
2011;384,00;420;582;0;0;0;0
2011;484,00;36;252;35;3386;0;0
2011;554,00;857;6681;157;2473;0;0
2011;209,00;0;0;0;0;0;0
2011;707,00;2020;11933;0;0;92;2132
2011;395,00;0;0;0;0;0;0
2011;969,00;21;297;0;0;0;0
2011;1052,00;0;0;0;0;0;0
2011;739,00;1724;9963;0;0;0;0
2011;613,00;4938;14815;0;0;0;0
2011;593,00;3634;17858;0;0;0;0
2011;704,00;12542;37628;0;0;0;0
2011;493,00;0;0;0;0;0;0
2011;686,00;6279;26713;0;0;0;0
2011;257,00;0;0;0;0;0;0
2011;494,00;0;0;0;0;0;0
2011;681,00;1697;13728;0;0;0;0
2011;286,00;0;0;0;0;0;0
2011;255,00;347;3172;0;0;0;0
2011;79,00;0;0;0;0;0;0
2011;81,00;0;0;0;0;0;0
2011;688,00;589;7934;0;0;1;1
2011;531,00;3105;18635;0;0;0;0
2011;514,00;539;1134;0;0;0;0
2011;499,00;0;0;0;0;0;0
2011;532,00;615;7776;0;0;0;0
2011;190,00;0;0;0;0;0;0
2011;598,00;1930;5069;0;0;0;0
2011;260,00;0;0;0;0;0;0
2011;838,00;0;0;0;0;0;0
2011;839,00;2;2;0;0;0;0
2011;851,00;0;0;0;0;0;0
2011;852,00;2550;14156;98;380;0;0
2011;988,00;70;3810;44;5208;0;0
2011;1056,00;2709;9569;0;0;0;0
2011;1044,00;0;0;0;0;0;0
2011;644,00;2975;13306;0;0;0;0
2011;752,00;2496;12988;728;13453;0;0
2011;238,00;118;171;0;0;0;0
2011;325,00;0;0;0;0;0;0
2011;622,00;477;477;0;0;0;0
2011;879,00;0;0;0;0;0;0
2011;906,00;171;1301;0;0;0;0
2011;370,00;0;0;0;0;0;0
2011;418,00;0;0;0;0;0;0
2011;574,00;0;0;0;0;0;0
2011;399,00;59;59;0;0;0;0
2011;195,00;0;0;0;0;0;0
2011;783,00;9802;27021;129;1609;0;0
2011;188,00;9252;9252;0;0;0;0
2011;263,00;9016;9016;0;0;0;0
2011;194,00;0;0;0;0;0;0
2011;214,00;0;0;0;0;0;0
2011;785,00;8601;56738;119;3359;0;0
2011;780,00;2567;2567;0;0;0;0
2011;83,00;0;0;0;0;0;0
2011;782,00;1422;6116;66;1119;0;0
2011;369,00;0;0;0;0;0;0
2011;84,00;0;0;0;0;0;0
2011;713,00;0;0;0;0;0;0
2011;85,00;0;0;0;0;0;0
2011;86,00;0;0;0;0;0;0
2011;941,00;0;0;0;0;0;0
2011;1045,00;1095;1161;0;0;0;0
2011;937,00;1560;8957;26;1226;0;0
2011;1004,00;28;207;0;0;0;0
2011;737,00;0;8787;162;5055;0;0
2011;765,00;3808;27733;0;0;0;0
2011;329,00;2821;2821;1955;1955;0;0
2011;87,00;0;0;0;0;0;0
2011;527,00;0;0;0;0;595;5317
2011;562,00;0;0;0;0;0;0
2011;251,00;0;0;0;0;0;0
2011;129,00;0;0;0;0;0;0
2011;154,00;0;0;0;0;0;0
2011;516,00;2413;2778;0;0;0;0
2011;184,00;0;0;0;0;0;0
2011;652,00;0;0;0;0;0;0
2011;637,00;464;1081;0;0;0;0
2011;88,00;0;0;0;0;0;0
2011;907,00;0;0;0;0;0;0
2011;970,00;0;0;59;2406;0;0
2011;1019,00;0;0;0;0;0;0
2011;1016,00;0;0;0;0;0;0
2011;1047,00;100;1961;0;0;1;1
2011;635,00;200;2068;48;1632;0;0
2011;781,00;9883;31812;0;0;0;0
2011;779,00;5103;5103;1734;1734;0;0
2011;113,00;0;0;0;0;0;0
2011;619,00;177;667;0;0;0;0
2011;163,00;0;0;0;0;0;0
2011;131,00;0;0;0;0;0;0
2011;375,00;0;0;0;0;0;0
2011;764,00;1930;11823;3149;9030;308;357
2011;14,00;0;0;0;0;0;0
2011;657,00;859;977;0;0;0;0
2011;362,00;0;0;0;0;0;0
2011;989,00;295;1562;0;0;0;0
2011;990,00;280;1671;0;0;0;0
2011;680,00;39224;50799;0;0;0;0
2011;411,00;292;1404;0;0;0;0
2011;241,00;153;864;0;0;0;0
2011;558,00;2268;63858;0;0;0;0
2011;167,00;0;0;0;0;0;0
2011;248,00;458;3318;0;0;0;0
2011;224,00;0;0;0;0;0;0
2011;591,00;0;31423;0;0;1;1
2011;586,00;9475;28225;0;0;0;0
2011;453,00;41;1415;0;0;0;0
2011;145,00;0;0;0;0;0;0
2011;511,00;9804;11430;0;0;0;0
2011;530,00;4435;30860;0;0;0;0
2011;6,00;0;0;0;0;0;0
2011;161,00;0;0;0;0;0;0
2011;623,00;2146;9070;0;0;0;0
2011;489,00;0;0;0;0;0;0
2011;875,00;125;733;0;0;0;0
2011;908,00;0;0;0;0;0;0
2011;940,00;0;0;0;0;0;0
2011;946,00;0;0;0;0;0;0
2011;1023,00;4596;46141;0;0;0;0
2011;1054,00;2515;6674;0;0;0;0
2011;1057,00;0;0;0;0;0;0
2011;1031,00;0;0;0;0;0;0
2011;1032,00;3360;26026;0;0;0;0
2011;1064,00;0;0;0;0;0;0
2011;226,00;0;0;0;0;0;0
2011;687,00;2699;3487;123;3877;0;0
2011;745,00;7101;20176;149;1171;0;0
2011;109,00;0;0;0;0;0;0
2011;808,00;0;0;52;4291;0;0
2011;971,00;128;285;0;0;0;0
2011;128,00;0;0;0;0;0;0
2011;919,00;1337;8511;41;212;0;0
2011;725,00;0;10804;0;0;1;1
2011;3,00;0;0;0;0;0;0
2011;386,00;0;0;0;0;0;0
2011;306,00;0;0;0;0;0;0
2011;15,00;0;0;0;0;0;0
2011;264,00;0;0;0;0;0;0
2011;867,00;0;0;0;0;0;0
2011;910,00;430;1309;0;0;0;0
2011;1053,00;500;5511;0;0;0;1
2011;1055,00;5218;9964;0;0;0;0
2011;529,00;0;0;0;0;0;0
2011;345,00;0;0;0;0;0;0
2011;515,00;0;0;0;0;0;0
2011;174,00;0;0;0;0;117;2799
2011;523,00;0;0;0;0;144;5262
2011;697,00;2398;2398;0;0;0;0
2011;239,00;345;674;0;0;0;0
2011;287,00;0;0;0;0;0;0
2011;377,00;0;0;0;0;0;0
2011;692,00;468;3599;51;2186;0;0
2011;335,00;0;0;0;0;0;0
2011;435,00;0;0;0;0;0;0
2011;423,00;0;0;0;0;0;0
2011;351,00;0;0;0;0;0;0
2011;810,00;0;0;0;0;0;0
2011;830,00;6148;10651;0;0;0;0
2011;892,00;2584;21700;82;3474;0;0
2011;921,00;0;0;0;0;0;0
2011;991,00;0;0;0;0;0;0
2011;992,00;342;3979;137;4022;0;0
2011;993,00;1919;7074;23;2005;0;0
2011;1071,00;450;13529;73;1744;0;0
2011;473,00;1368;3528;0;0;0;0
2011;663,00;5932;25156;0;0;0;0
2011;552,00;1116;6789;0;0;0;0
2011;772,00;18813;68728;969;11678;138;13407
2011;568,00;0;0;0;0;0;0
2011;398,00;0;0;0;0;0;0
2011;394,00;0;0;0;0;0;0
2011;614,00;0;0;0;0;0;0
2011;235,00;0;0;0;0;0;0
2011;616,00;3764;8606;0;0;0;0
2011;267,00;0;0;0;0;0;0
2011;565,00;193;330;0;0;0;0
2011;220,00;159;5526;0;0;0;0
2011;278,00;0;0;0;0;0;0
2011;107,00;0;0;83;3531;105;12980
2011;141,00;0;0;0;0;0;0
2011;711,00;15367;66687;1246;11377;0;0
2011;204,00;0;0;0;0;39;5564
2011;579,00;0;0;0;0;0;0
2011;348,00;463;15870;0;0;0;0
2011;766,00;822;2738;0;0;0;0
2011;761,00;0;0;0;0;157;11187
2011;728,00;435;2310;0;0;0;0
2011;280,00;670;5551;0;0;0;0
2011;222,00;0;0;0;0;0;0
2011;276,00;611;5338;0;0;0;0
2011;11,00;74;543;0;0;0;0
2011;302,00;0;0;0;0;0;0
2011;682,00;3901;14192;0;0;0;0
2011;279,00;343;1753;0;0;0;0
2011;282,00;627;5645;0;0;0;0
2011;281,00;456;6281;0;0;0;0
2011;183,00;0;0;0;0;0;0
2011;610,00;0;0;0;0;0;0
2011;116,00;0;0;0;0;107;4637
2011;115,00;0;0;0;0;0;0
2011;114,00;0;0;0;0;0;0
2011;126,00;0;0;0;0;17;2135
2011;119,00;0;0;0;0;0;0
2011;770,00;4720;15876;93;3014;0;0
2011;583,00;258;9424;0;0;0;0
2011;136,00;0;0;0;0;170;11916
2011;469,00;1832;4869;0;0;25;3499
2011;642,00;269;1980;0;0;91;4637
2011;674,00;2204;10123;201;6329;0;0
2011;193,00;0;0;0;0;61;4135
2011;526,00;4425;15004;0;0;240;7175
2011;698,00;3042;25785;39;1391;0;0
2011;630,00;397;8208;0;0;201;7755
2011;124,00;0;0;0;0;196;7560
2011;364,00;0;0;0;0;156;7944
2011;604,00;4505;19028;200;4327;0;0
2011;123,00;0;0;0;0;347;14656
2011;310,00;0;0;231;11676;154;14432
2011;571,00;665;4160;0;0;0;0
2011;296,00;0;0;0;0;60;5679
2011;566,00;2842;4019;126;3413;0;0
2011;784,00;7312;40101;430;18345;282;7656
2011;102,00;0;0;91;3232;59;4902
2011;379,00;0;0;300;18348;0;0
2011;639,00;6715;7992;0;0;0;0
2011;457,00;774;883;0;0;0;0
2011;609,00;263;2067;50;2982;0;0
2011;101,00;0;0;0;0;31;4499
2011;454,00;276;2118;0;0;0;0
2011;318,00;0;0;49;3235;52;5919
2011;600,00;14408;14408;0;0;0;0
2011;545,00;0;0;72;4597;139;9147
2011;100,00;0;0;0;0;13;565
2011;702,00;1412;7510;101;6364;0;0
2011;778,00;741;5580;120;3371;0;0
2011;341,00;0;0;0;0;0;0
2011;99,00;0;0;0;0;360;9140
2011;767,00;1572;4780;0;0;0;0
2011;359,00;0;0;0;0;1007;6595
2011;98,00;0;0;0;0;65;5662
2011;132,00;0;0;0;0;0;0
2011;97,00;0;0;0;0;58;7431
2011;103,00;0;0;0;0;460;5002
2011;110,00;0;0;0;0;0;0
2011;94,00;0;0;0;0;0;0
2011;91,00;0;0;0;0;87;4549
2011;664,00;3742;16462;155;4171;0;0
2011;918,00;17676;78461;0;0;0;0
2011;92,00;0;0;0;0;0;0
2011;93,00;0;0;0;0;0;0
2011;95,00;0;0;0;0;38;5838
2011;96,00;0;0;0;0;0;0
2011;301,00;0;0;0;0;0;0
2011;492,00;693;3416;0;0;0;0
2011;811,00;0;0;0;0;0;0
2011;812,00;3649;33369;0;0;0;0
2011;832,00;0;0;0;0;0;0
2011;841,00;0;0;0;0;0;0
2011;856,00;0;0;0;0;51;6956
2011;859,00;0;0;0;0;0;0
2011;861,00;0;0;0;0;0;0
2011;880,00;0;0;0;0;187;10396
2011;883,00;0;0;43;4259;0;0
2011;884,00;0;0;0;0;82;6841
2011;877,00;0;0;0;0;0;0
2011;911,00;0;0;0;0;57;6687
2011;913,00;0;0;194;4716;0;0
2011;922,00;0;0;0;0;0;0
2011;923,00;0;0;0;0;0;0
2011;924,00;2072;18943;0;0;0;0
2011;947,00;0;0;0;0;0;0
2011;951,00;0;0;0;0;15;1047
2011;972,00;0;0;0;0;0;0
2011;973,00;0;0;0;0;0;0
2011;974,00;0;0;0;0;0;0
2011;975,00;0;0;0;0;49;6366
2011;960,00;0;0;0;0;107;5326
2011;1027,00;0;0;0;0;0;0
2011;1028,00;0;0;0;0;0;0
2011;976,00;0;0;77;2152;179;7575
2011;977,00;0;0;0;0;0;0
2011;1020,00;0;0;216;3547;0;0
2011;994,00;1;7585;0;0;0;0
2011;995,00;0;0;0;0;59;5654
2011;1060,00;0;0;139;10304;0;0
2011;1005,00;0;0;0;0;0;0
2011;1061,00;0;0;0;0;0;0
2011;1006,00;0;0;84;4741;0;0
2011;1088,00;0;0;0;0;0;0
2011;1089,00;0;0;0;0;0;0
2011;1076,00;0;0;0;0;0;0
2011;1078,00;0;0;0;0;0;0
2011;1033,00;5127;14426;0;0;0;0
2011;1036,00;0;0;0;0;0;0
2011;1037,00;0;0;173;6686;0;0
2011;1039,00;0;0;181;10460;0;0
2011;1065,00;0;0;0;0;0;0
2011;1066,00;9;17;0;0;0;0
2011;207,00;35;290;0;0;0;0
2011;431,00;0;0;0;0;0;0
2011;387,00;393;393;0;0;0;0
2011;179,00;0;0;0;0;0;0
2011;606,00;3907;3907;0;0;0;0
2011;925,00;0;25805;145;14058;0;0
2011;541,00;315;2213;0;0;0;0
2011;797,00;179;879;0;0;0;0
2011;627,00;368;2874;0;0;0;0
2011;173,00;0;0;3;818;0;0
2011;636,00;500;19732;0;0;200;4802
2011;205,00;102;353;0;0;0;0
2011;814,00;0;0;0;0;0;0
2011;881,00;0;0;0;0;0;0
2011;771,00;8091;20354;0;0;0;0
2011;533,00;0;0;0;0;0;0
2011;447,00;129;812;0;0;0;0
2011;815,00;0;0;0;0;0;0
2011;801,00;7479;22781;0;0;0;0
2011;800,00;0;0;0;0;0;0
2011;389,00;0;0;0;0;0;0
2011;759,00;0;0;0;0;0;0
2011;695,00;8354;17923;0;0;0;0
2011;816,00;164;1111;0;0;0;0
2011;833,00;0;0;0;0;0;0
2011;870,00;189;1963;0;0;0;0
2011;927,00;77;124;0;0;0;0
2011;961,00;4211;7580;0;0;0;0
2011;962,00;1;10;0;0;0;0
2011;1079,00;0;0;0;0;0;0
2011;666,00;734;6107;0;0;0;0
2011;392,00;0;0;0;0;0;0
2011;790,00;1128;14068;389;19934;0;0
2011;650,00;1289;4070;0;0;0;0
2011;876,00;2008;5408;0;0;0;0
2011;944,00;0;0;0;0;0;0
2011;952,00;38;92;0;0;0;0
2011;54,00;0;0;30;10950;0;0
2011;538,00;616;7889;47;3695;0;0
2011;557,00;2124;3152;0;0;0;0
2011;653,00;463;2188;0;0;0;0
2011;647,00;93;364;0;0;0;0
2011;208,00;33;264;0;0;0;0
2011;978,00;3196;4125;2651;2734;0;0
2011;996,00;2699;2699;0;0;0;0
2011;729,00;0;38637;255;23458;0;0
2011;182,00;0;0;0;0;0;0
2011;633,00;0;0;0;0;0;0
2011;685,00;310;765;80;1760;0;0
2011;683,00;922;1362;0;0;0;0
2011;945,00;0;0;0;0;0;0
2011;953,00;0;0;0;0;0;0
2011;1022,00;0;0;0;0;0;0
2011;1049,00;0;0;0;0;0;0
2011;794,00;700;37525;250;7464;0;0
2011;415,00;748;6143;0;0;0;0
2011;592,00;0;0;0;0;0;0
2011;497,00;0;0;0;0;0;0
2011;726,00;474;9876;185;9178;0;0
2011;272,00;0;0;0;0;0;0
2011;805,00;1777;25043;31;6210;0;0
2011;5,00;125;263;0;0;0;0
2011;234,00;181;477;0;0;0;0
2011;64,00;0;0;0;0;0;0
2011;842,00;0;0;0;0;0;0
2011;843,00;752;2155;0;0;0;0
2011;1025,00;0;0;0;0;0;0
2011;803,00;1100;9967;0;0;0;0
2011;211,00;0;0;0;0;0;0
2011;773,00;10011;14696;0;0;0;0
2011;424,00;0;0;0;0;0;0
2011;298,00;68;246;0;0;0;0
2011;594,00;0;0;0;0;0;0
2011;237,00;0;0;0;0;56;6211
2011;16,00;0;0;0;0;0;0
2011;768,00;74;512;0;0;77;5223
2011;617,00;772;3676;0;0;0;0
2011;297,00;0;0;0;0;0;0
2011;105,00;0;0;0;0;24;1276
2011;544,00;0;0;0;0;35;4072
2011;804,00;186;1159;0;0;0;0
2011;470,00;635;635;0;0;66;3072
2011;104,00;0;0;134;4476;0;0
2011;20,00;0;0;0;0;0;0
2011;550,00;0;0;0;0;0;0
2011;112,00;0;0;0;0;71;6008
2011;818,00;0;0;0;0;19;6544
2011;914,00;0;0;0;0;393;9291
2011;928,00;2119;18668;0;0;0;0
2011;964,00;6446;11723;0;0;0;0
2011;1026,00;0;0;0;0;47;3534
2011;1068,00;0;0;0;0;401;9484
2011;738,00;18329;39887;0;0;0;0
2011;404,00;0;0;0;0;0;0
2011;274,00;173;1532;28;940;0;0
2011;270,00;219;1403;0;0;0;0
2011;676,00;1669;3701;0;0;0;0
2011;709,00;471;5402;77;6552;0;0
2011;754,00;20509;26409;219;5882;0;0
2011;997,00;1656;1656;0;0;0;0
2011;734,00;1841;8185;347;2041;1110;2605
2011;299,00;182;263;0;0;0;0
2011;645,00;0;0;0;0;0;0
2011;17,00;0;0;0;0;0;0
2011;1046,00;0;0;0;0;21;4263
2011;420,00;0;0;0;0;0;0
2011;802,00;0;0;0;0;0;0
2011;266,00;2729;2729;0;0;0;0
2011;580,00;0;0;0;0;0;0
2011;137,00;0;0;0;0;0;0
2011;769,00;684;2244;0;0;0;0
2011;776,00;0;0;0;0;0;0
2011;640,00;1542;1542;0;0;0;0
2011;315,00;0;0;38;8797;0;0
2011;40,00;0;0;0;0;0;0
2011;508,00;0;0;0;0;0;0
2011;46,00;0;0;0;0;0;0
2011;590,00;2577;2636;0;0;0;0
2011;777,00;1371;2308;0;0;0;0
2011;897,00;33124;33124;964;964;0;0
2011;965,00;0;0;0;0;0;0
2011;671,00;1208;1344;0;0;0;0
2011;461,00;40;437;0;0;0;0
2011;376,00;0;0;0;0;0;0
2011;621,00;379;1176;0;0;0;0
2011;793,00;2884;12361;40;4300;0;0
2011;324,00;0;0;0;0;0;0
2011;712,00;500;5782;1;1;1;1
2011;32,00;0;0;0;0;0;0
2011;361,00;0;0;0;0;169;2353
2011;486,00;0;0;0;0;0;0
2011;595,00;244;3019;0;0;0;0
2011;433,00;0;0;0;0;0;0
2011;1058,00;0;0;0;0;0;0
2011;261,00;0;0;0;0;0;0
2011;730,00;2329;4766;128;5434;0;0
2011;577,00;361;2086;0;0;0;0
2011;788,00;7891;18464;0;0;0;0
2011;865,00;0;0;0;0;0;0
2011;979,00;0;0;0;0;0;0
2011;998,00;0;0;0;0;0;0
2011;221,00;0;0;0;0;0;0
2011;462,00;0;0;0;0;0;0
2011;506,00;0;0;0;0;0;0
2011;727,00;1096;7562;0;0;0;0
2011;355,00;0;0;0;0;0;0
2011;487,00;0;0;0;0;0;0
2011;938,00;1620;12862;91;4320;0;0
2011;886,00;0;0;0;0;0;0
2011;835,00;0;0;0;0;0;0
2011;999,00;0;0;0;0;0;0
2011;798,00;4127;27598;0;0;0;0
2011;504,00;99;584;217;5843;256;4788
2011;247,00;108;649;0;0;0;0
2011;216,00;108;108;0;0;0;0
2011;654,00;0;0;0;0;0;0
2011;65,00;0;0;20;6428;0;0
2011;472,00;72;785;0;0;27;1897
2011;427,00;0;0;0;0;30;2110
2011;491,00;18;224;0;0;0;0
2011;551,00;322;346;0;0;0;0
2011;106,00;0;0;0;0;0;0
2011;819,00;0;0;0;0;0;0
2011;836,00;0;0;0;0;0;0
2011;915,00;0;0;0;0;39;5799
2011;942,00;0;0;0;0;0;0
2011;748,00;11831;15835;4;200;0;0
2011;198,00;0;0;0;0;0;0
2011;871,00;3274;3274;0;0;0;0
2011;948,00;0;0;0;0;0;0
2011;1051,00;0;0;0;0;0;0
2011;1083,00;0;0;0;0;0;0
2011;679,00;542;1428;306;2629;2902;3578
2011;176,00;67;267;0;0;0;0
2011;537,00;0;0;0;0;0;0
2011;608,00;1601;1601;0;0;0;0
2011;596,00;413;504;0;0;0;0
2011;749,00;19358;29832;3388;3388;0;0
2011;758,00;17916;49288;0;0;0;0
2011;724,00;6750;38256;153;9865;537;21440
2011;436,00;182;278;0;0;0;0
2011;567,00;0;0;103;7750;0;0
2011;677,00;4445;19610;379;3161;0;0
2011;670,00;1652;9493;1184;13701;0;0
2011;588,00;7866;7866;0;0;248;4377
2011;446,00;987;6911;0;0;0;0
2011;753,00;7307;40810;55;2803;0;0
2011;887,00;0;0;0;0;0;0
2011;388,00;36;73;0;0;0;0
2011;585,00;0;0;0;0;0;0
2011;245,00;0;0;0;0;0;0
2011;603,00;737;737;0;0;0;0
2011;426,00;0;0;0;0;0;0
2011;232,00;0;0;0;0;0;0
2011;288,00;10;10;0;0;0;0
2011;246,00;0;0;0;0;0;0
2011;284,00;0;0;0;0;0;0
2011;18,00;0;0;0;0;0;0
2011;356,00;0;0;197;9327;0;0
2011;401,00;0;0;0;0;0;0
2011;733,00;19262;51707;126;1789;0;0
2011;243,00;0;0;0;0;0;0
2011;380,00;0;0;0;0;0;0
2011;716,00;190;1134;0;0;0;0
2011;534,00;1316;6510;0;0;0;0
2011;185,00;0;0;0;0;0;0
2011;258,00;107;724;0;0;0;0
2011;505,00;1599;1599;0;0;0;0
2011;268,00;287;1863;0;0;0;0
2011;602,00;2761;3206;0;0;0;0
2011;254,00;803;1207;0;0;0;0
2011;705,00;274;2337;0;0;0;0
2011;133,00;0;0;0;0;0;0
2011;33,00;0;0;40;2753;0;0
2011;143,00;0;0;146;1452;0;0
2011;36,00;0;0;39;1392;0;0
2011;756,00;280;2395;0;0;0;0
2011;662,00;6318;11079;446;3842;0;0
2011;192,00;0;0;0;0;0;0
2011;382,00;0;0;0;0;0;0
2011;322,00;0;0;0;0;0;0
2011;478,00;0;0;0;0;0;0
2011;352,00;0;0;0;0;340;2599
2011;628,00;1796;11368;0;0;0;0
2011;291,00;0;0;264;12053;0;0
2011;495,00;0;0;0;0;0;0
2011;845,00;1468;8821;196;7167;0;0
2011;498,00;409;478;0;0;0;0
2011;314,00;0;0;0;0;0;0
2011;720,00;4877;5713;0;0;0;0
2011;721,00;2249;10229;0;0;260;2227
2011;485,00;6398;6782;1389;1448;0;0
2011;273,00;1511;12798;0;0;0;0
2011;846,00;9303;24217;3;20;0;0
2011;847,00;0;0;0;0;0;0
2011;848,00;1482;4537;0;0;0;0
2011;864,00;0;0;0;0;0;0
2011;916,00;295;7574;0;0;0;0
2011;930,00;321;1190;0;0;0;0
2011;954,00;3016;10751;0;0;0;0
2011;943,00;2027;2441;0;0;0;0
2011;949,00;8795;45019;0;0;67;1157
2011;980,00;271;3001;0;0;0;0
2011;981,00;124;143;0;0;0;0
2011;1024,00;1186;11607;0;0;0;0
2011;1017,00;0;0;0;0;0;0
2011;1000,00;4427;12573;0;0;0;0
2011;1018,00;1574;7014;24;525;7;8
2011;1001,00;0;0;0;0;0;0
2011;1007,00;13508;18408;477;4435;0;0
2011;1008,00;3950;4337;0;0;0;0
2011;1009,00;13873;19069;566;6419;0;0
2011;1010,00;4685;5992;0;0;0;0
2011;1011,00;3046;4154;0;0;0;0
2011;1012,00;3548;8487;0;0;0;0
2011;1013,00;13401;28075;306;11655;0;0
2011;1041,00;0;0;0;0;0;0
2011;1073,00;1133;2760;0;0;0;0
2011;789,00;0;0;0;0;0;0
2011;326,00;0;0;0;0;0;0
2011;442,00;183;793;0;0;0;0
2011;294,00;341;2084;0;0;0;0
2011;378,00;318;318;0;0;0;0
2011;402,00;0;0;0;0;0;0
2011;29,00;0;0;0;0;0;0
2011;450,00;0;0;0;0;0;0
2011;656,00;1414;5625;734;6466;0;0
2011;333,00;1981;1981;0;0;0;0
2011;668,00;378;2798;0;0;0;0
2011;684,00;382;2028;50;3431;0;0
2011;422,00;0;0;0;0;0;0
2011;763,00;7487;22145;0;0;0;0
2011;741,00;20024;34345;79;3961;0;0
2011;553,00;1983;7729;0;0;0;0
2011;357,00;0;0;0;0;0;0
2011;899,00;0;0;0;0;0;0
2011;900,00;0;0;0;0;0;0
2011;932,00;0;0;0;0;0;0
2011;950,00;0;0;0;0;0;0
2011;966,00;0;0;0;0;0;0
2011;967,00;93;1012;0;0;0;0
2011;982,00;0;0;0;0;0;0
2011;1014,00;205;221;0;0;0;0
2011;1048,00;0;0;0;0;0;0
2011;1080,00;842;1220;0;0;0;0
2011;722,00;3382;19159;0;0;0;0
2011;660,00;5998;5998;0;0;0;0
2011;75,00;0;0;50;4161;0;0
2011;249,00;0;0;0;0;0;0
2011;275,00;0;0;0;0;0;0
2011;227,00;0;0;0;0;0;0
2011;150,00;0;0;0;0;0;0
2011;47,00;0;0;0;0;0;0
2011;172,00;221;244;0;0;0;0
2011;581,00;46;4164;0;0;0;0
2011;120,00;0;0;0;0;0;0
2011;445,00;0;0;0;0;0;0
2011;471,00;0;0;0;0;0;0
2011;53,00;0;0;0;0;0;0
2011;199,00;0;0;0;0;0;0
2011;575,00;340;1627;0;0;0;0
2011;528,00;1121;1121;0;0;0;0
2011;631,00;1965;4448;0;0;0;0
2011;699,00;39275;47581;0;0;0;0
2011;823,00;0;0;0;0;0;0
2011;849,00;0;0;0;0;0;0
2011;869,00;0;0;0;0;0;0
2011;955,00;0;0;0;0;0;0
2011;983,00;0;0;0;0;0;0
2011;1002,00;0;0;0;0;0;0
2011;1015,00;12490;12490;0;0;0;0
2011;51,00;0;0;34;4505;0;0
2011;441,00;0;0;0;0;0;0
2011;327,00;0;0;0;0;58;9337
2011;690,00;1651;8073;0;0;0;0
2011;262,00;76;324;0;0;0;0
2011;403,00;0;0;0;0;0;0
2011;312,00;0;0;15;3188;0;0
2011;589,00;10;320;0;0;0;1
2011;665,00;4050;4050;0;0;0;0
2011;334,00;0;0;0;0;0;0
2011;1075,00;2029;27497;450;30900;0;0
2011;751,00;2659;13292;35;4464;0;0
2011;186,00;0;0;0;0;0;0
2011;646,00;607;993;0;0;0;0
2011;536,00;0;0;0;0;0;0
2011;242,00;0;0;0;0;0;0
2011;490,00;0;0;0;0;65;1801
2011;500,00;170;1284;0;0;0;0
2011;206,00;0;0;0;0;0;0
2011;58,00;0;0;0;0;0;0
2011;572,00;7824;7824;39;1603;0;0
2011;180,00;0;0;0;0;0;0
2011;549,00;24;316;0;0;0;0
2011;582,00;135;1222;0;0;0;0
2011;743,00;4015;11003;0;0;0;0
2011;795,00;0;0;0;0;0;0
2011;269,00;0;0;0;0;0;0
2011;634,00;1773;1773;0;0;0;0
2011;1,00;0;0;0;0;0;0
2011;717,00;216;2602;22;3853;0;0
2011;373,00;0;0;0;0;0;0
2011;535,00;241;1327;21;13190;0;0
2011;824,00;47449;47449;1592;1592;0;0
2011;888,00;0;0;0;0;0;0
2011;902,00;0;0;0;0;0;0
2011;968,00;0;0;0;0;0;0
2011;346,00;0;0;0;0;0;0
2011;27,00;0;0;0;0;0;0
2011;165,00;73;109;0;0;0;0
2011;956,00;1138;6286;58;1950;0;0
2011;413,00;0;0;0;0;0;0
2011;149,00;0;0;0;0;0;0
2011;612,00;0;0;0;0;0;0
2011;559,00;0;0;0;0;0;0
2011;7,00;0;0;0;0;0;0
2011;283,00;0;0;0;0;0;0
2011;37,00;0;0;0;0;0;0
2011;153,00;0;0;0;0;0;0
2011;547,00;605;7348;0;0;0;0
2011;397,00;0;0;0;0;2931;5786
2011;556,00;144;4086;0;0;0;0
2011;42,00;0;0;0;0;0;0
2011;31,00;0;0;0;0;39;10109
2011;740,00;3399;16018;63;3960;0;0
2011;217,00;0;0;0;0;0;0
2011;863,00;0;0;0;0;0;0
2011;889,00;13837;28160;0;0;0;0
2011;984,00;0;0;0;0;0;0
2011;34,00;0;0;0;0;0;0
2011;791,00;0;0;0;0;0;0
2011;181,00;0;0;0;0;0;0
2011;430,00;0;0;0;0;0;0
2011;715,00;347;1167;0;0;0;0
2011;521,00;0;0;0;0;0;0
2011;524,00;178;1040;0;0;0;0
2011;432,00;0;0;0;0;0;0
2011;19,00;0;0;0;0;0;0
2011;25,00;0;0;0;0;0;0
2011;26,00;0;0;0;0;0;0
2011;890,00;292;3723;63;4954;0;0
2011;904,00;7;10;0;0;0;0
2011;957,00;2166;42323;89;7410;0;0
2011;939,00;3081;22250;3496;4682;0;0
2011;236,00;1853;1853;0;0;0;0
2011;735,00;1184;9431;228;2933;0;0
2011;146,00;0;0;0;0;0;0
2011;363,00;0;0;18;4480;0;0
2011;187,00;0;0;0;0;0;0
2011;265,00;0;0;0;0;0;0
2011;295,00;0;0;0;0;0;0
2011;496,00;0;0;0;0;0;0
2011;77,00;0;0;0;0;0;0
2011;391,00;0;0;0;0;0;0
2011;240,00;0;0;0;0;0;0
2011;448,00;0;0;0;0;0;0
2011;151,00;0;0;0;0;0;0
2011;425,00;0;0;0;0;0;0
2011;300,00;0;0;0;0;0;0
2011;339,00;0;0;0;0;0;0
2011;826,00;0;0;0;0;0;0
2011;874,00;578;4415;0;0;0;0
2011;905,00;2404;15608;81;5507;0;0
2011;736,00;8013;27622;152;3889;0;0
2011;459,00;0;0;0;0;0;0
2011;320,00;0;0;0;0;35;4227
2011;45,00;0;0;243;32710;117;12196
2011;292,00;0;0;170;2695;0;0
2011;618,00;1456;3613;0;0;0;0
2011;463,00;3597;14279;101;2648;0;0
2011;891,00;0;0;0;0;0;0
2011;958,00;6900;6900;0;0;1534;1534
2011;244,00;0;0;0;0;0;0
2011;28,00;0;0;0;0;0;0
2011;444,00;124;124;0;0;0;0
2011;479,00;0;0;0;0;0;0
