"año";"NCODI";"totHemodina_Paciente";"totPaciente_radioInterv";"totLitofrag_Paciente";"totLitofrag_Sesion";"totAceleLineal_Paciente";"totAceleLineal_Sesion";"totBomCobal_Paciente";"totBomCobal_Sesion";"totOtraRadio_Paciente";"totOtraRadio_Sesion";"totFisiot_Paciente";"totFisiot_Sesion";"totLogop_Paciente";"totLogop_Sesion";"totTerapOcupa_Paciente";"totTerapOcupa_Sesion";"totHemodial_Paciente";"totHemodial_Sesion";"totHemodialDom_Paciente";"totHemodialDom_Sesion";"totDialPerito_Paciente";"totDialPerito_Sesion"
2011;781,00;1183;1291;0;0;572;13039;0;0;0;0;0;45834;0;0;0;10330;95;8092;0;0;0;0
2011;779,00;0;0;253;317;0;0;0;0;0;0;5259;127736;0;0;0;0;53;7673;0;0;31;5265
2011;113,00;0;0;0;0;0;0;0;0;0;0;0;0;0;0;190;0;0;0;0;0;0;0
2011;619,00;0;0;0;0;0;0;0;0;0;0;0;0;0;0;0;0;0;0;0;0;0;0
2011;163,00;0;0;0;0;0;0;0;0;0;0;0;0;0;0;0;0;0;0;0;0;0;0
2011;131,00;0;0;0;0;0;0;0;0;0;0;57;365;0;0;0;0;0;0;0;0;0;0
2011;375,00;0;0;0;0;0;0;0;0;0;0;1138;14421;0;0;0;0;0;0;0;0;0;0
2011;764,00;1567;2155;247;318;852;19874;0;0;26;119;18384;127085;2855;7147;2125;25856;89;13802;1;65;49;17028
2011;14,00;0;0;0;0;0;0;0;0;0;0;0;0;0;0;0;0;0;0;0;0;0;0
2011;657,00;0;280;0;0;0;0;0;0;0;0;3972;30760;0;0;0;0;0;0;0;0;0;0
2011;362,00;409;114;0;0;0;0;0;0;0;0;1275;13534;0;0;0;0;0;0;0;0;0;0
2011;989,00;0;0;0;0;0;0;0;0;0;0;1512;19819;542;2079;284;1662;0;0;0;0;0;0
2011;990,00;0;0;0;0;0;0;0;0;0;0;2400;23160;480;1668;216;1510;0;0;0;0;0;0
2011;680,00;2574;1141;265;333;0;0;0;0;0;0;7640;236265;0;0;0;0;730;12817;0;0;26;9490
2011;411,00;7554;211;0;0;0;0;0;0;0;0;1736;18032;0;0;0;0;130;19487;0;0;0;0
2011;241,00;209;64;0;0;0;0;0;0;0;0;0;0;0;0;0;0;408;38281;0;0;0;0
2011;558,00;0;797;0;0;6732;6732;0;0;0;0;2213;199161;0;0;0;0;113;13967;12;2420;15;5612
2011;167,00;0;0;0;0;0;0;0;0;0;0;0;0;0;0;0;0;0;0;0;0;0;0
2011;248,00;219;141;0;0;219;6078;0;0;120;649;1046;13518;0;0;0;0;217;21882;0;0;0;0
2011;224,00;0;0;0;0;0;0;0;0;0;0;0;0;0;0;0;0;0;0;0;0;0;0
2011;591,00;736;0;155;155;717;17065;0;0;0;0;16669;382825;0;0;0;0;187;9298;0;0;4;686
2011;586,00;0;826;0;0;0;0;0;0;0;0;13082;393557;0;0;0;0;1170;13218;0;0;20;16928
2011;453,00;0;0;0;0;0;0;0;0;0;0;1157;107888;0;0;0;0;0;0;0;0;0;0
2011;145,00;0;0;0;0;0;0;0;0;0;0;19;3480;0;0;0;0;0;0;0;0;0;0
2011;511,00;0;553;0;0;0;0;0;0;0;0;0;113761;0;0;0;0;401;4542;0;0;7;7
2011;530,00;0;0;0;0;0;0;0;0;0;0;6247;259637;0;0;0;0;0;0;0;0;0;0
2011;6,00;0;17;53;53;0;0;0;0;0;0;1425;12252;52;1120;0;0;0;0;0;0;0;0
2011;161,00;0;0;0;0;0;0;0;0;0;0;0;0;0;0;87;9483;0;0;0;0;0;0
2011;623,00;1514;1316;0;0;1016;22067;0;0;0;0;13769;179400;0;0;0;0;0;0;0;0;0;0
2011;489,00;0;0;0;0;0;0;0;0;0;0;1389;11875;0;0;0;0;0;0;0;0;0;0
2011;875,00;210;486;0;0;357;7122;0;0;0;0;437;24651;0;0;0;0;0;0;0;0;0;0
2011;908,00;0;0;0;0;0;0;0;0;0;0;188;8017;214;3436;286;4604;0;0;0;0;0;0
2011;940,00;0;0;0;0;0;0;0;0;0;0;0;0;0;0;148;148;0;0;0;0;0;0
2011;946,00;124;215;0;0;0;0;0;0;0;0;2053;13681;0;0;0;0;0;0;0;0;0;0
2011;1023,00;278;1927;0;0;0;0;0;0;0;0;4783;86110;1714;16773;0;0;158;8532;0;0;0;0
2011;1054,00;591;1617;0;0;0;0;0;0;0;0;2907;32684;142;155;0;0;228;10381;0;0;0;0
2011;1057,00;0;0;0;0;0;0;0;0;0;0;220;12651;42;1004;34;159;0;0;0;0;0;0
2011;1031,00;0;0;0;0;0;0;0;0;0;0;19;887;18;379;19;1524;0;0;0;0;0;0
2011;1032,00;474;0;0;0;0;0;0;0;0;0;6916;113362;351;3202;0;0;0;0;0;0;0;0
2011;1064,00;2;0;0;0;0;0;0;0;0;0;80;800;0;0;0;0;0;0;0;0;0;0
2011;226,00;79;27;38;38;0;0;0;0;0;0;0;0;10;0;0;0;13;1781;0;0;0;0
2011;687,00;0;0;0;0;0;0;0;0;0;0;2309;28602;0;0;0;0;0;0;0;0;0;0
2011;745,00;4870;3283;0;0;745;15036;0;0;0;0;756;52767;0;0;42;1539;300;15189;0;0;18;6809
2011;109,00;71;0;0;0;0;0;0;0;0;0;0;3564;0;3811;0;0;0;0;0;0;0;0
2011;808,00;0;529;0;0;0;0;0;0;0;0;39681;113130;0;0;0;0;59;9057;0;0;0;0
2011;971,00;0;0;0;0;0;0;0;0;0;0;557;9939;0;0;0;0;0;0;0;0;0;0
2011;128,00;0;0;0;0;0;0;0;0;0;0;0;14979;270;7140;0;0;0;0;0;0;0;0
2011;919,00;0;1450;0;0;0;0;0;0;0;0;48486;91833;0;0;2565;7520;60;7727;0;0;27;9164
2011;725,00;3110;737;0;0;2495;23797;0;0;0;0;5210;294210;107;513;720;50470;78;13200;1;260;6;10950
2011;3,00;0;0;0;0;0;0;0;0;0;0;30;7380;0;0;0;0;0;0;0;0;0;0
2011;386,00;0;0;0;0;0;0;0;0;0;0;52;2023;0;0;25;1560;0;0;0;0;0;0
2011;306,00;0;0;0;0;0;0;0;0;0;0;0;0;0;0;0;0;0;0;0;0;0;0
2011;15,00;0;0;0;0;0;0;0;0;0;0;0;0;0;0;0;0;0;0;0;0;0;0
2011;264,00;0;0;0;0;0;0;0;0;0;0;1124;0;0;0;0;0;0;0;0;0;0;0
2011;867,00;0;0;0;0;0;0;0;0;0;0;13601;23654;249;1344;0;0;0;0;0;0;0;0
2011;910,00;0;0;0;0;0;0;0;0;0;0;671;30135;0;0;0;0;414;7845;0;0;0;0
2011;1053,00;0;882;0;0;0;0;0;0;0;0;22937;63905;0;0;0;0;0;0;0;0;0;0
2011;1055,00;508;0;926;0;0;0;0;0;0;0;2824;315180;0;0;0;0;0;0;0;0;0;0
2011;529,00;0;0;0;0;0;0;0;0;0;0;1181;23882;292;3824;448;8786;0;0;0;0;0;0
2011;345,00;0;0;0;0;0;0;0;0;0;0;25;1670;0;0;72;3515;0;0;0;0;0;0
2011;515,00;0;0;0;0;0;0;0;0;0;0;2451;57429;0;0;0;0;0;0;0;0;0;0
2011;174,00;0;584;0;0;0;0;0;0;0;0;885;17518;0;0;0;0;0;0;0;0;0;0
2011;523,00;0;0;0;0;0;0;0;0;0;0;0;0;0;0;0;0;0;0;0;0;0;0
2011;697,00;310;437;30;30;0;0;0;0;0;0;3116;3116;0;0;86362;86362;0;0;0;0;0;0
2011;239,00;273;60;0;0;0;0;0;0;0;0;4795;99051;16;333;0;0;0;0;0;0;0;0
2011;287,00;332;0;220;220;414;9106;0;0;0;0;0;2438;63;0;0;0;80;12576;0;0;0;0
2011;377,00;0;0;0;0;0;0;0;0;0;0;1239;37024;0;0;299;7203;0;0;0;0;0;0
2011;692,00;0;8;0;0;0;0;0;0;0;0;828;3936;211;2609;0;0;61;8354;0;0;14;4627
2011;335,00;0;0;0;0;0;0;0;0;0;0;236;6208;0;0;148;628;0;0;0;0;0;0
2011;435,00;322;4;0;0;0;0;0;0;0;0;5926;48948;0;0;0;0;0;0;0;0;0;0
2011;423,00;0;10091;0;0;0;0;0;0;0;0;1815;17260;0;0;0;0;0;0;0;0;0;0
2011;351,00;0;0;0;0;0;0;0;0;0;0;1345;33201;0;0;0;0;0;0;0;0;0;0
2011;810,00;0;0;0;0;0;0;0;0;0;0;790;10193;0;0;0;0;0;0;0;0;0;0
2011;830,00;0;0;0;0;0;0;0;0;0;0;7090;93358;0;0;0;0;0;0;7;4707;0;0
2011;892,00;0;0;0;0;0;0;0;0;0;0;0;154831;174;662;0;6744;78;10740;0;0;7;2496
2011;921,00;488;102;150;525;0;0;0;0;0;0;33940;86106;131;917;0;0;0;0;0;0;0;0
2011;991,00;0;0;0;0;0;0;0;0;0;0;0;4123;0;0;0;0;2;140;0;0;0;0
2011;992,00;0;0;0;0;0;0;0;0;0;0;2009;56986;0;0;130;3705;62;4796;0;0;0;0
2011;993,00;0;2;0;0;0;0;0;0;0;0;64326;250676;1579;1579;2056;2056;0;0;1;232;0;0
2011;1071,00;3152;2431;452;452;767;22007;138;1566;43;139;0;215605;0;1949;0;6879;63;9786;0;0;15;5231
2011;473,00;0;0;0;0;0;0;0;0;0;0;0;0;0;0;0;0;0;0;0;0;0;0
2011;663,00;926;282;0;0;0;0;0;0;0;0;2167;20280;0;0;0;0;273;11380;0;0;0;0
2011;552,00;0;0;0;0;1376;25954;0;0;84;1586;3667;49750;84;858;299;5273;0;0;0;0;0;0
2011;772,00;3915;4050;0;0;1086;20779;0;0;0;0;2150;38624;0;0;0;0;556;19473;2;276;53;14125
2011;568,00;0;0;0;0;0;0;0;0;0;0;26441;73091;0;0;3808;11247;0;0;0;0;0;0
2011;398,00;0;103;0;0;0;0;0;0;0;0;2168;15288;0;0;144;309;0;0;0;0;0;0
2011;394,00;0;0;0;0;0;0;0;0;0;0;408;10398;0;0;0;0;0;0;0;0;0;0
2011;614,00;0;270;0;0;0;0;0;0;0;0;539;10374;0;0;0;0;0;0;0;0;0;0
2011;235,00;0;0;0;0;0;0;0;0;0;0;407;5701;0;0;0;0;0;0;0;0;0;0
2011;616,00;0;0;0;0;0;0;0;0;0;0;1761;23127;0;0;0;0;0;0;0;0;0;0
2011;267,00;370;0;0;0;0;0;0;0;0;0;0;0;0;0;0;0;0;0;0;0;0;0
2011;565,00;0;0;0;0;0;0;0;0;0;0;6211;32867;0;0;0;0;0;0;0;0;0;0
2011;220,00;0;0;0;0;0;0;0;0;0;0;207;4743;0;0;0;0;0;0;0;0;0;0
2011;278,00;0;0;0;0;0;0;0;0;0;0;0;0;0;0;0;0;0;0;0;0;0;0
2011;107,00;0;0;0;0;0;0;0;0;0;0;0;0;0;0;0;0;0;0;0;0;0;0
2011;141,00;0;0;0;0;0;0;0;0;0;0;76;4658;0;0;78;4145;0;0;0;0;0;0
2011;711,00;1742;472;0;0;1003;24884;0;0;189;896;3371;53701;468;3491;110;1157;0;0;0;0;0;0
2011;204,00;0;0;0;0;0;0;0;0;0;0;450;6355;0;0;180;721;0;0;0;0;0;0
2011;579,00;0;0;0;0;0;0;0;0;0;0;1248;9068;0;0;0;0;0;0;0;0;0;0
2011;348,00;0;0;0;0;0;0;0;0;0;0;463;15870;0;0;0;0;0;0;0;0;0;0
2011;766,00;0;2262;1639;2205;0;0;0;0;9;9;0;0;0;0;0;0;546;19788;0;0;21;5782
2011;761,00;0;0;0;0;0;0;0;0;0;0;578;17855;0;0;319;3814;0;0;0;0;0;0
2011;728,00;401;629;130;162;0;0;0;0;0;0;1885;12398;0;0;0;0;0;0;0;0;0;0
2011;280,00;0;0;0;0;0;0;0;0;0;0;0;0;0;0;0;0;0;0;0;0;0;0
2011;222,00;0;0;0;0;0;0;0;0;0;0;0;0;0;0;0;0;0;0;0;0;0;0
2011;276,00;183;367;301;353;447;9821;0;0;0;0;2036;31672;0;0;0;0;0;0;0;0;0;0
2011;11,00;118;0;0;0;0;0;0;0;0;0;703;22584;0;0;0;0;0;0;0;0;0;0
2011;302,00;0;0;0;0;0;0;0;0;0;0;344;5624;0;0;0;0;0;0;0;0;0;0
2011;682,00;0;0;0;0;1137;24975;0;0;0;0;801;53258;0;0;0;0;0;0;0;0;0;0
2011;279,00;0;0;0;0;118;2713;0;0;9;43;1113;6543;0;0;0;0;0;0;0;0;0;0
2011;282,00;341;323;0;0;404;7378;0;0;0;0;190;4741;0;0;0;0;0;0;0;0;0;0
2011;281,00;526;563;0;0;0;0;0;0;0;0;0;0;0;0;0;0;0;0;0;0;0;0
2011;183,00;0;0;0;0;0;0;0;0;0;0;0;0;0;0;0;0;0;0;0;0;0;0
2011;610,00;0;0;0;0;0;0;0;0;0;0;0;0;0;0;0;0;0;0;0;0;0;0
2011;116,00;0;0;0;0;0;0;0;0;0;0;2845;28847;32;463;191;1081;0;0;0;0;0;0
2011;115,00;0;0;0;0;0;0;0;0;0;0;38;2628;0;0;126;5550;0;0;0;0;0;0
2011;114,00;0;0;0;0;0;0;0;0;0;0;84;3828;0;0;0;0;0;0;0;0;0;0
2011;126,00;0;0;0;0;0;0;0;0;0;0;216;11076;0;0;129;3578;0;0;0;0;0;0
2011;119,00;0;0;0;0;0;0;0;0;0;0;0;0;0;0;0;0;0;0;0;0;0;0
2011;770,00;1875;3012;297;394;0;0;0;0;0;0;591;9508;236;2563;214;2673;346;7267;0;0;64;18270
2011;583,00;0;0;0;0;0;0;0;0;0;0;58;843;0;0;0;0;0;0;0;0;0;0
2011;136,00;0;0;0;0;0;0;0;0;0;0;1494;34104;54;892;537;10145;0;0;0;0;0;0
2011;469,00;0;0;0;0;0;0;0;0;0;0;1161;18866;0;0;0;0;0;0;0;0;0;0
2011;642,00;0;0;0;0;0;0;0;0;0;0;2718;45421;0;0;0;0;0;0;0;0;0;0
2011;674,00;361;41;0;0;0;0;0;0;0;0;2501;19053;473;2105;131;1923;3;26;0;0;7;728
2011;193,00;0;0;0;0;0;0;0;0;0;0;730;15330;0;0;0;0;0;0;0;0;0;0
2011;526,00;0;0;0;0;0;0;0;0;0;0;1294;14641;458;485;0;0;0;0;0;0;0;0
2011;698,00;2748;11189;641;869;0;0;0;0;0;0;1843;30152;63;1023;303;4215;129;5739;0;0;0;0
2011;630,00;0;0;0;0;0;0;0;0;0;0;0;0;0;0;0;0;0;0;0;0;0;0
2011;124,00;0;0;0;0;0;0;0;0;0;0;0;0;448;11849;0;0;0;0;0;0;0;0
2011;364,00;0;0;0;0;0;0;0;0;0;0;2258;8990;0;0;0;0;0;0;0;0;0;0
2011;604,00;0;912;0;0;0;0;0;0;0;0;6187;91363;0;0;649;9036;208;23867;0;0;28;3158
2011;123,00;0;0;0;0;0;0;0;0;0;0;790;22806;0;0;0;0;0;0;0;0;0;0
2011;310,00;0;0;0;0;0;0;0;0;0;0;0;0;0;0;0;0;0;0;0;0;0;0
2011;571,00;0;0;0;0;0;0;0;0;0;0;604;1094;0;0;0;0;0;0;0;0;0;0
2011;296,00;0;0;0;0;0;0;0;0;0;0;1423;35011;57;849;246;7571;0;0;0;0;0;0
2011;566,00;0;0;0;0;0;0;0;0;0;0;2500;29236;0;0;100;1997;1033;10584;0;0;244;7034
2011;784,00;0;5579;0;0;0;0;0;0;0;0;7196;151474;84;1300;169;12651;167;24013;0;0;47;10642
2011;102,00;0;0;0;0;0;0;0;0;0;0;542;23914;0;0;0;0;0;0;0;0;0;0
2011;379,00;0;0;0;0;0;0;0;0;0;0;0;0;0;0;543;38574;0;0;0;0;0;0
2011;639,00;0;480;0;0;0;0;0;0;0;0;3673;77037;0;0;0;0;0;0;0;0;0;0
2011;457,00;0;0;0;0;0;0;0;0;0;0;832;20154;26;26;2;34;0;0;0;0;0;0
2011;609,00;1087;680;0;0;998;26198;366;4392;0;0;5138;40601;0;0;0;0;19;81;0;0;0;0
2011;101,00;0;0;0;0;0;0;0;0;0;0;193;8447;0;0;157;5147;0;0;0;0;0;0
2011;454,00;0;505;0;0;0;0;0;0;0;0;761;7869;2;20;279;6633;0;0;0;0;0;0
2011;318,00;0;0;0;0;0;0;0;0;0;0;32;1216;0;0;0;0;0;0;0;0;0;0
2011;600,00;0;0;0;0;0;0;0;0;0;0;689;689;0;0;0;0;0;0;0;0;0;0
2011;545,00;0;0;0;0;0;0;0;0;0;0;4042;73797;522;2263;275;2370;114;10339;0;0;20;5158
2011;100,00;0;0;0;0;0;0;0;0;0;0;0;0;0;0;129;8557;0;0;0;0;0;0
2011;702,00;867;1176;0;0;0;0;0;0;0;0;2575;19642;261;1071;165;2969;0;0;0;0;0;0
2011;778,00;0;0;0;0;0;0;0;0;0;0;2490;86642;0;0;0;0;166;14049;0;0;12;177
2011;341,00;0;0;0;0;0;0;0;0;0;0;775;9042;0;0;46;46;0;0;0;0;0;0
2011;99,00;0;0;0;0;0;0;0;0;0;0;699;13497;0;0;288;3907;0;0;0;0;0;0
2011;767,00;0;358;0;0;0;0;0;0;0;0;624;1460;0;0;0;0;0;0;0;0;0;0
2011;359,00;0;0;0;0;0;0;0;0;0;0;582;13277;39;790;245;2687;227;21388;0;0;0;0
2011;98,00;0;0;0;0;0;0;0;0;0;0;437;17438;0;0;379;7223;0;0;0;0;0;0
2011;132,00;0;0;0;0;0;0;0;0;0;0;204;5732;0;0;256;7802;0;0;0;0;0;0
2011;97,00;0;0;0;0;0;0;0;0;0;0;396;9889;10;61;296;1844;0;0;0;0;0;0
2011;103,00;0;0;0;0;0;0;0;0;0;0;0;0;0;0;0;0;0;0;0;0;0;0
2011;110,00;0;0;0;0;0;0;0;0;0;0;0;0;0;0;195;6408;0;0;0;0;0;0
2011;94,00;0;0;0;0;0;0;0;0;0;0;75;1250;0;0;50;2800;0;0;0;0;0;0
2011;91,00;0;0;0;0;0;0;0;0;0;0;197;8876;0;0;131;3803;0;0;0;0;0;0
2011;664,00;0;0;0;0;0;0;0;0;0;0;3850;51477;15;27;699;4753;0;0;0;0;0;0
2011;918,00;3028;3599;0;0;1269;29677;239;2100;0;0;41863;138150;701;3916;7160;23559;78;5882;0;0;41;8392
2011;92,00;0;0;0;0;0;0;0;0;0;0;78;5460;0;0;0;0;0;0;0;0;0;0
2011;93,00;0;0;0;0;0;0;0;0;0;0;0;0;0;0;0;0;0;0;0;0;0;0
2011;95,00;0;0;0;0;0;0;0;0;0;0;302;9840;0;0;0;0;0;0;0;0;0;0
2011;96,00;0;0;0;0;0;0;0;0;0;0;0;0;0;0;75;18750;0;0;0;0;0;0
2011;301,00;0;0;0;0;0;0;0;0;0;0;2584;39206;0;0;0;0;0;0;0;0;0;0
2011;492,00;0;0;0;0;0;0;0;0;0;0;1886;32609;0;0;0;0;0;0;0;0;0;0
2011;811,00;0;0;0;0;0;0;0;0;0;0;0;0;0;0;0;0;0;0;0;0;0;0
2011;812,00;0;0;0;0;2671;59442;0;0;0;0;462;2640;0;0;0;0;0;0;0;0;0;0
2011;832,00;0;0;0;0;0;0;0;0;0;0;16;4596;0;0;0;0;0;0;0;0;0;0
2011;841,00;0;0;0;0;0;0;0;0;0;0;42;315;8;60;12;90;0;0;0;0;0;0
2011;856,00;0;0;0;0;0;0;0;0;0;0;274;5927;102;842;86;1872;0;0;0;0;0;0
2011;859,00;0;0;0;0;0;0;0;0;0;0;0;0;0;0;0;0;0;0;0;0;0;0
2011;861,00;0;0;0;0;0;0;0;0;0;0;0;0;0;0;0;0;0;0;0;0;0;0
2011;880,00;0;0;0;0;0;0;0;0;0;0;510;13226;60;1880;239;5805;0;0;0;0;0;0
2011;883,00;0;0;0;0;0;0;0;0;0;0;0;0;0;0;0;0;0;0;0;0;0;0
2011;884,00;0;0;0;0;0;0;0;0;0;0;413;14011;17;152;304;1973;0;0;0;0;0;0
2011;877,00;0;0;0;0;0;0;0;0;0;0;0;0;0;0;0;0;0;0;0;0;0;0
2011;911,00;0;0;0;0;0;0;0;0;0;0;0;0;0;0;0;0;0;0;0;0;0;0
2011;913,00;0;0;0;0;0;0;0;0;0;0;0;0;0;0;0;0;0;0;0;0;0;0
2011;922,00;0;0;0;0;0;0;0;0;0;0;0;0;0;0;0;0;0;0;0;0;0;0
2011;923,00;0;0;0;0;0;0;0;0;0;0;0;0;0;0;0;0;0;0;0;0;0;0
2011;924,00;0;0;0;0;1474;31122;0;0;0;0;0;0;0;0;0;0;0;0;0;0;0;0
2011;947,00;0;0;0;0;0;0;0;0;0;0;22;66;0;0;15;45;0;0;0;0;0;0
2011;951,00;0;0;0;0;0;0;0;0;0;0;1003;2048;0;0;964;1853;0;0;0;0;0;0
2011;972,00;0;0;0;0;0;0;0;0;0;0;190;40740;1;52;95;20400;0;0;0;0;0;0
2011;973,00;0;112;0;0;0;0;0;0;0;0;0;0;0;0;0;0;0;0;0;0;0;0
2011;974,00;0;0;0;0;0;0;0;0;0;0;218;6088;0;0;208;5077;0;0;92;8328;0;0
2011;975,00;0;0;0;0;0;0;0;0;0;0;186;8178;0;0;160;3962;0;0;0;0;0;0
2011;960,00;0;0;0;0;0;0;0;0;0;0;564;25735;0;0;0;0;0;0;0;0;0;0
2011;1027,00;0;0;0;0;0;0;0;0;0;0;78;8112;0;0;56;5824;0;0;0;0;0;0
2011;1028,00;0;0;0;0;0;0;0;0;0;0;70;1680;0;0;0;0;0;0;0;0;0;0
2011;976,00;0;0;0;0;0;0;0;0;0;0;333;463;0;0;0;0;0;0;0;0;0;0
2011;977,00;0;0;0;0;0;0;0;0;0;0;601;21388;32;512;435;8880;0;0;0;0;0;0
2011;1020,00;0;0;0;0;0;0;0;0;0;0;0;0;0;0;0;0;0;0;0;0;0;0
2011;994,00;0;380;0;0;0;0;0;0;0;0;5733;48257;0;0;0;0;84;13149;0;0;2;922
2011;995,00;0;0;0;0;0;0;0;0;0;0;357;9854;49;489;53;1180;0;0;0;0;0;0
2011;1060,00;0;0;0;0;0;0;0;0;0;0;0;0;0;0;0;0;0;0;0;0;0;0
2011;1005,00;0;0;0;0;0;0;0;0;0;0;120;2082;0;0;92;1291;0;0;0;0;0;0
2011;1061,00;0;0;0;0;0;0;0;0;0;0;7;650;0;0;0;0;0;0;0;0;0;0
2011;1006,00;0;0;0;0;0;0;0;0;0;0;0;0;0;0;0;0;0;0;0;0;0;0
2011;1088,00;0;0;0;0;0;0;0;0;0;0;0;0;0;0;0;0;0;0;0;0;0;0
2011;1089,00;0;0;0;0;0;0;0;0;0;0;0;0;0;0;0;0;0;0;0;0;0;0
2011;1076,00;0;0;0;0;0;0;0;0;0;0;0;0;0;0;0;0;0;0;0;0;0;0
2011;1078,00;0;0;0;0;0;0;0;0;0;0;18;2160;0;0;16;2208;0;0;0;0;0;0
2011;1033,00;0;0;0;0;0;0;0;0;0;0;0;0;0;0;0;0;0;0;0;0;0;0
2011;1036,00;0;0;0;0;0;0;0;0;0;0;86;3649;0;0;83;2757;0;0;0;0;0;0
2011;1037,00;0;0;0;0;0;0;0;0;0;0;0;0;0;0;80;8962;0;0;0;0;0;0
2011;1039,00;0;0;0;0;0;0;0;0;0;0;0;0;0;0;0;0;0;0;0;0;0;0
2011;1065,00;0;0;0;0;0;0;0;0;0;0;500;18600;0;0;180;3600;0;0;0;0;0;0
2011;1066,00;0;0;0;0;0;0;0;0;0;0;2615;31435;0;0;0;0;0;0;0;0;0;0
2011;207,00;0;0;0;0;0;0;0;0;0;0;1065;20452;0;0;0;0;0;0;0;0;0;0
2011;431,00;0;0;0;0;0;0;0;0;0;0;1921;25654;13;36;464;6120;0;0;0;0;0;0
2011;387,00;0;0;0;0;0;0;0;0;0;0;29767;54360;0;0;0;0;0;0;0;0;0;0
2011;179,00;0;0;0;0;0;0;0;0;0;0;44;5375;0;0;0;0;0;0;0;0;0;0
2011;606,00;0;0;0;0;0;0;0;0;0;0;1958;36343;0;0;0;0;14;1317;0;0;0;0
2011;925,00;1007;1773;0;0;542;13400;209;3192;0;0;0;328011;0;0;0;16809;0;7221;0;556;0;3250
2011;541,00;0;0;0;0;0;0;0;0;0;0;1827;71838;0;0;0;0;0;0;0;0;0;0
2011;797,00;0;0;0;0;0;0;0;0;0;0;0;12651;0;0;0;0;0;0;0;0;0;0
2011;627,00;0;0;0;0;227;5799;0;0;0;0;2696;78509;0;0;0;0;0;0;0;0;0;0
2011;173,00;0;0;0;0;0;0;0;0;0;0;44;9680;0;0;212;21840;0;0;0;0;0;0
2011;636,00;991;0;0;0;0;0;0;0;0;0;5625;82983;375;1515;0;0;740;7571;0;0;525;14953
2011;205,00;0;0;0;0;0;0;0;0;0;0;0;0;0;0;0;0;0;0;0;0;0;0
2011;814,00;0;26;0;0;0;0;0;0;0;0;0;0;0;0;0;0;0;0;0;0;0;0
2011;881,00;0;0;0;0;0;0;0;0;0;0;0;0;0;0;0;0;0;0;0;0;0;0
2011;771,00;474;574;0;0;961;19253;0;0;0;0;3325;113268;280;3951;113;6367;79;8234;0;0;0;0
2011;533,00;0;0;0;0;0;0;0;0;0;0;240;3987;0;0;0;0;0;0;0;0;0;0
2011;447,00;0;0;0;0;0;0;0;0;0;0;1957;48674;0;0;0;0;0;0;0;0;0;0
2011;815,00;0;6;0;0;0;0;0;0;0;0;493;21798;0;0;0;0;0;0;0;0;0;0
2011;801,00;1310;703;0;0;0;0;0;0;0;0;90665;90665;316;2980;307;1009;1088;11874;0;0;238;7199
2011;800,00;0;0;0;0;0;0;0;0;0;0;805;27475;0;0;0;0;0;0;0;0;0;0
2011;389,00;0;0;0;0;0;0;0;0;0;0;2301;44264;0;0;0;0;0;0;0;0;0;0
2011;759,00;0;0;0;0;0;0;0;0;0;0;976;17691;0;0;0;0;0;0;0;0;0;0
2011;695,00;120;740;0;0;0;0;0;0;0;0;653;20983;374;1328;210;2396;120;8815;1;168;46;46
2011;816,00;0;0;0;0;0;0;0;0;0;0;2167;45199;0;0;15;124;0;0;0;0;0;0
2011;833,00;0;0;0;0;0;0;0;0;0;0;3069;71017;0;0;0;0;0;0;0;0;0;0
2011;870,00;104;0;0;0;0;0;0;0;0;0;4717;53875;0;0;0;0;0;0;0;0;0;0
2011;927,00;0;0;90;90;0;0;0;0;0;0;4170;156600;0;0;0;0;0;0;0;0;0;0
2011;961,00;0;0;0;0;898;9550;0;0;0;0;6167;94544;0;0;0;5949;0;0;0;0;0;0
2011;962,00;0;0;0;0;0;0;0;0;0;0;2971;34272;0;0;0;0;0;0;0;0;0;0
2011;1079,00;0;10;0;0;0;0;0;0;0;0;2208;81032;0;0;0;0;0;0;0;0;0;0
2011;666,00;1239;3643;0;0;0;0;0;0;0;0;16720;644348;0;0;0;0;56;9701;4;1113;53;13695
2011;392,00;0;0;0;0;0;0;0;0;0;0;2492;34630;368;3978;1746;3721;0;0;0;0;0;0
2011;790,00;0;0;566;566;1212;24870;0;0;0;0;3291;222126;396;4079;0;0;0;0;0;0;0;0
2011;650,00;0;447;0;0;0;0;0;0;0;0;5926;102515;0;0;0;0;0;0;0;0;0;0
2011;876,00;0;485;0;0;0;0;0;0;0;0;6012;98664;0;0;0;0;0;0;0;0;0;0
2011;944,00;0;0;0;0;0;0;0;0;0;0;0;0;0;0;0;0;0;0;0;0;0;0
2011;952,00;0;88;0;0;0;0;0;0;0;0;0;0;0;0;0;0;0;0;0;0;0;0
2011;54,00;0;0;0;0;0;0;0;0;0;0;0;0;0;0;0;0;0;0;0;0;0;0
2011;538,00;0;609;0;0;0;0;0;0;0;0;33311;427454;0;0;2822;24047;0;0;0;0;0;0
2011;557,00;0;0;0;0;0;0;0;0;0;0;4096;47211;0;0;642;5412;0;0;0;0;0;0
2011;653,00;0;523;0;0;0;0;0;0;0;0;0;36267;0;0;0;0;0;0;0;0;0;0
2011;647,00;0;0;0;0;0;0;0;0;0;0;3306;29264;0;0;296;1568;0;0;0;0;0;0
2011;208,00;0;0;0;0;0;0;0;0;0;0;2358;47166;0;0;0;0;0;0;0;0;0;0
2011;978,00;1495;839;0;0;659;14646;0;0;681;955;4594;41641;0;0;66;1631;1169;13608;0;0;0;0
2011;996,00;0;0;0;0;0;0;0;0;0;0;13611;39921;0;0;1603;2115;0;0;0;0;0;0
2011;729,00;3288;9749;448;752;1684;33933;0;0;35;40;3832;70035;419;2084;266;3943;204;21308;0;0;0;41
2011;182,00;0;0;0;0;0;0;0;0;0;0;0;0;0;0;0;0;0;0;0;0;0;0
2011;633,00;0;40;0;0;0;0;0;0;0;0;500;14644;289;13713;0;0;0;0;0;0;0;0
2011;685,00;0;879;0;0;0;0;0;0;0;0;2250;25789;0;0;80;1750;0;0;0;0;0;0
2011;683,00;0;0;0;0;0;0;0;0;0;0;2708;19345;0;0;0;0;15;2257;0;0;0;0
2011;945,00;0;0;0;0;0;0;0;0;0;0;999;32211;0;0;0;0;0;0;0;0;0;0
2011;953,00;0;0;0;0;0;0;0;0;0;0;0;0;0;0;0;0;0;0;0;0;0;0
2011;1022,00;0;0;0;0;0;0;0;0;0;0;581;31195;0;0;0;0;0;0;0;0;0;0
2011;1049,00;0;0;0;0;0;0;0;0;0;0;634;31937;0;0;0;0;0;0;0;0;0;0
2011;794,00;3438;3182;422;619;0;0;0;0;0;0;3949;131920;555;10989;1419;45758;1382;12337;927;0;551;0
2011;415,00;0;0;0;0;1716;42166;955;13285;307;570;0;0;0;0;0;0;0;0;0;0;0;0
2011;592,00;0;0;0;0;0;0;0;0;0;0;1848;43544;0;0;0;0;147;13953;0;0;0;0
2011;497,00;107;13681;0;0;0;0;0;0;0;0;1833;41125;0;0;0;0;115;17205;0;0;0;0
2011;726,00;0;0;0;0;0;0;0;0;0;0;2761;187296;0;0;282;14757;0;756;0;0;0;0
2011;272,00;0;0;0;0;0;0;0;0;0;0;2171;79096;0;0;0;0;143;15998;0;0;0;0
2011;805,00;3319;2988;380;652;1001;25667;0;0;0;0;1405;83174;5;45;43;1957;66;13271;54;17936;7;22
2011;5,00;0;0;0;0;0;0;0;0;0;0;0;0;0;0;0;0;0;0;0;0;0;0
2011;234,00;0;0;0;0;0;0;0;0;0;0;1163;26395;0;0;0;0;120;11698;0;0;0;0
2011;64,00;0;0;0;0;0;0;0;0;0;0;0;0;0;0;0;0;0;0;0;0;0;0
2011;842,00;0;0;0;0;0;0;0;0;0;0;0;7421;0;0;0;0;0;3454;0;0;0;0
2011;843,00;0;0;0;0;0;0;0;0;0;0;801;17575;0;0;0;0;9;1167;0;0;0;0
2011;1025,00;584;147;0;0;0;0;0;0;0;0;0;0;0;0;0;0;0;0;0;0;0;0
2011;803,00;0;1930;0;0;0;0;0;0;0;0;2197;33731;0;0;108;1923;58;6034;0;0;24;5584
2011;211,00;0;0;0;0;0;0;0;0;0;0;1458;13260;0;0;0;0;0;0;0;0;0;0
2011;773,00;1645;0;0;0;0;0;0;0;0;0;0;0;0;0;0;0;79;5336;0;0;81;1015
2011;424,00;0;0;0;0;0;0;0;0;0;0;0;0;0;0;0;0;0;0;0;0;0;0
2011;298,00;128;0;0;0;0;0;0;0;0;0;2358;70583;0;0;0;0;272;28350;0;0;0;0
2011;594,00;0;0;0;0;0;0;0;0;0;0;0;0;0;0;0;0;0;0;0;0;0;0
2011;237,00;0;0;0;0;0;0;0;0;0;0;1140;34250;28;1484;0;0;0;0;0;0;0;0
2011;16,00;0;0;0;0;0;0;0;0;0;0;0;0;0;0;0;0;0;0;0;0;0;0
2011;768,00;0;0;0;0;0;0;0;0;0;0;366;10736;0;0;0;0;0;0;0;0;0;0
2011;617,00;0;0;0;0;0;0;0;0;0;0;1167;23638;0;0;0;0;57;8568;0;0;7;3428
2011;297,00;0;0;0;0;0;0;0;0;0;0;323;25545;0;0;0;0;0;0;0;0;0;0
2011;105,00;0;0;0;0;0;0;0;0;0;0;0;0;0;0;0;0;0;0;0;0;0;0
2011;544,00;0;207;0;0;0;0;0;0;0;0;1930;32542;117;1369;0;0;0;0;0;0;0;0
2011;804,00;0;0;0;0;0;0;0;0;0;0;5106;75631;105;1470;1011;6933;89;9431;0;0;0;0
2011;470,00;0;0;0;0;0;0;0;0;0;0;804;804;52;52;0;0;0;0;0;0;0;0
2011;104,00;0;0;0;0;0;0;0;0;0;0;0;0;0;0;138;403;0;0;0;0;0;0
2011;20,00;0;0;0;0;0;0;0;0;0;0;41;3870;0;0;27;1660;0;0;0;0;0;0
2011;550,00;0;0;0;0;0;0;0;0;0;0;1743;28054;0;0;0;0;0;0;0;0;0;0
2011;112,00;0;0;0;0;0;0;0;0;0;0;0;0;0;0;0;0;0;0;0;0;0;0
2011;818,00;0;0;0;0;0;0;0;0;0;0;196;1102;0;0;0;0;0;0;0;0;0;0
2011;914,00;0;0;0;0;0;0;0;0;0;0;274;7729;0;0;114;1710;0;0;0;0;0;0
2011;928,00;0;0;0;0;1193;26162;0;0;0;0;0;0;0;0;0;0;0;0;0;0;0;0
2011;964,00;0;0;0;0;0;0;0;0;209;1560;105;110;0;0;0;0;0;0;0;0;0;0
2011;1026,00;0;0;0;0;0;0;0;0;0;0;282;33007;125;145;70;2242;0;0;0;0;0;0
2011;1068,00;0;0;0;0;0;0;0;0;0;0;0;0;0;0;150;482;0;0;0;0;0;0
2011;738,00;0;513;767;1341;558;11472;0;0;0;0;5936;81847;1435;3351;600;1500;280;10569;0;0;12;3250
2011;404,00;0;0;0;0;0;0;0;0;0;0;3278;141309;140;3802;48;1294;0;0;0;0;0;0
2011;274,00;0;26;67;95;0;0;0;0;0;0;7598;82839;0;0;0;0;0;0;0;0;0;0
2011;270,00;0;0;0;0;150;3000;0;0;0;0;2598;19555;0;0;0;0;0;0;0;0;0;0
2011;676,00;0;0;0;0;0;0;0;0;0;0;2733;17405;0;0;299;2695;0;0;0;0;0;0
2011;709,00;0;1090;0;0;0;0;0;0;0;0;2269;27407;0;0;739;7587;0;0;0;0;0;0
2011;754,00;3270;1737;0;0;1790;18037;0;0;703;1244;9282;138400;1022;8318;4323;101532;2062;22687;0;0;323;9296
2011;997,00;0;90;0;0;0;0;0;0;0;0;491;11768;0;0;0;0;0;0;0;0;0;0
2011;734,00;853;570;0;0;0;0;0;0;0;0;11792;86119;1001;5705;813;7860;854;10568;0;0;137;3999
2011;299,00;0;0;0;0;0;0;0;0;0;0;596;7918;0;0;0;0;0;0;0;0;0;0
2011;645,00;0;0;0;0;0;0;0;0;0;0;910;20816;0;0;0;0;0;0;0;0;0;0
2011;17,00;0;0;0;0;0;0;0;0;0;0;0;0;0;0;0;0;0;0;0;0;0;0
2011;1046,00;0;0;0;0;0;0;0;0;0;0;40;3228;32;2583;40;3228;0;0;0;0;0;0
2011;420,00;0;0;0;0;0;0;0;0;0;0;1031;11181;0;0;0;0;0;0;0;0;0;0
2011;802,00;0;0;0;0;0;0;0;0;0;0;6997;176077;565;11212;126;2520;0;0;0;0;0;0
2011;266,00;1302;0;0;0;0;0;0;0;0;0;1983;37560;0;0;0;0;128;14376;0;0;0;0
2011;580,00;0;0;39;39;0;0;0;0;0;0;227;4897;0;0;0;0;0;0;0;0;0;0
2011;137,00;0;0;0;0;0;0;0;0;0;0;0;0;0;0;0;0;0;0;0;0;0;0
2011;769,00;0;0;0;0;785;19279;0;0;305;1323;33;0;0;0;0;0;0;0;0;0;0;0
2011;776,00;0;0;0;0;0;0;0;0;0;0;38332;154659;0;0;0;0;0;0;0;0;0;0
2011;640,00;0;0;0;0;0;0;0;0;0;0;2388;31592;0;0;0;0;0;0;0;0;0;0
2011;315,00;0;0;0;0;0;0;0;0;0;0;251;14050;118;4594;93;4027;0;0;0;0;0;0
2011;40,00;0;0;0;0;0;0;0;0;0;0;0;0;0;0;253;224;0;0;0;0;0;0
2011;508,00;0;0;0;0;0;0;0;0;0;0;2494;77353;0;0;0;0;0;0;0;0;0;0
2011;46,00;0;0;0;0;0;0;0;0;0;0;0;0;0;0;244;920;0;0;0;0;0;0
2011;590,00;0;0;0;0;0;0;0;0;0;0;4367;43139;0;0;0;0;565;6151;0;0;0;0
2011;777,00;0;0;0;0;0;0;0;0;0;0;1095;92455;0;0;0;0;0;0;0;0;0;0
2011;897,00;1464;1687;0;0;881;19655;0;0;0;0;185393;219823;2300;2550;456;0;0;19104;0;0;0;0
2011;965,00;0;0;0;0;0;0;0;0;0;0;0;0;0;0;73;1974;0;0;0;0;0;0
2011;671,00;0;0;0;0;0;0;0;0;0;0;1383;70508;131;6456;165;4274;0;0;0;0;0;0
2011;461,00;0;0;0;0;0;0;0;0;0;0;852;20046;0;0;0;0;0;0;0;0;0;0
2011;376,00;0;0;0;0;0;0;0;0;0;0;0;0;0;0;0;0;0;0;0;0;0;0
2011;621,00;0;0;0;0;0;0;0;0;0;0;1241;12140;0;0;80;613;0;0;0;0;0;0
2011;793,00;1560;1374;0;0;824;13991;151;1318;0;0;1604;32801;293;3559;392;6992;176;13407;0;0;34;7913
2011;324,00;0;0;0;0;0;0;0;0;0;0;0;0;0;0;0;0;0;0;0;0;0;0
2011;712,00;0;735;0;0;0;0;0;0;0;0;8097;85371;0;0;446;4424;64;6631;0;0;8;1795
2011;32,00;0;0;0;0;0;0;0;0;0;0;0;0;0;0;121;2508;0;0;0;0;0;0
2011;361,00;0;0;0;0;0;0;0;0;0;0;0;0;0;0;0;0;0;0;0;0;0;0
2011;486,00;0;0;0;0;0;0;0;0;0;0;714;5490;0;0;0;0;0;0;0;0;0;0
2011;595,00;0;363;0;0;0;0;0;0;0;0;4480;112835;127;1438;0;0;91;8792;0;0;0;0
2011;433,00;0;0;0;0;0;0;0;0;0;0;0;9695;0;0;0;0;14;1883;0;0;0;0
2011;1058,00;0;0;0;0;0;0;0;0;0;0;365;6574;0;0;0;0;0;0;0;0;0;0
2011;261,00;0;92;0;0;0;0;0;0;0;0;0;0;0;0;0;0;0;0;0;0;0;0
2011;730,00;0;0;0;0;0;0;0;0;0;0;6670;63782;0;0;102;772;0;0;0;0;0;0
2011;577,00;0;0;0;0;0;0;0;0;0;0;2190;34857;0;0;0;0;0;0;0;0;0;0
2011;788,00;3232;0;0;0;538;12557;318;3727;19;222;5143;66254;0;0;0;0;187;10917;0;0;74;16719
2011;865,00;0;0;0;0;0;0;0;0;0;0;0;15945;0;0;0;0;0;0;0;0;0;0
2011;979,00;0;0;0;0;0;0;0;0;0;0;185;28384;0;0;0;0;0;0;0;0;0;0
2011;998,00;0;0;0;0;0;0;0;0;0;0;104;2317;0;0;0;0;0;0;0;0;0;0
2011;221,00;0;0;60;88;0;0;0;0;0;0;3200;64000;0;0;0;0;0;0;0;0;0;0
2011;462,00;0;43;0;0;0;0;0;0;0;0;0;0;0;0;0;0;0;0;0;0;0;0
2011;506,00;0;0;0;0;0;0;0;0;0;0;0;44528;0;0;0;0;0;0;0;0;0;0
2011;727,00;0;301;0;0;0;0;0;0;0;0;19440;184979;629;1317;425;4370;36;5644;0;0;0;0
2011;355,00;0;0;0;0;0;0;0;0;0;0;2877;32767;0;0;0;0;0;0;0;0;0;0
2011;487,00;0;0;0;0;0;0;0;0;0;0;5070;52063;0;0;72;2160;0;0;0;0;0;0
2011;938,00;3108;2465;1081;1081;987;24473;0;0;0;0;10558;220058;2099;6000;412;3879;55;8046;0;0;33;10979
2011;886,00;0;0;0;0;0;0;0;0;0;0;1452;36037;38;723;0;0;0;0;0;0;0;0
2011;835,00;0;0;0;0;0;0;0;0;0;0;801;13850;0;0;0;0;0;0;0;0;0;0
2011;999,00;0;0;0;0;0;0;0;0;0;0;25;2500;0;0;10;300;0;0;0;0;0;0
2011;798,00;1184;688;0;0;664;664;10;10;623;15782;528;2746;0;0;0;0;84;6800;0;0;31;10691
2011;504,00;0;0;0;0;0;0;0;0;0;0;10283;199016;1003;11367;0;0;0;0;0;0;0;0
2011;247,00;0;0;325;330;0;0;0;0;0;0;1619;24287;0;0;0;0;0;0;0;0;0;0
2011;216,00;0;0;0;0;0;0;0;0;0;0;0;0;0;0;0;0;0;0;0;0;0;0
2011;654,00;0;0;0;0;0;0;0;0;0;0;0;0;0;0;0;0;0;0;0;0;0;0
2011;65,00;0;0;0;0;0;0;0;0;0;0;0;0;0;0;0;0;0;0;0;0;0;0
2011;472,00;0;0;0;0;0;0;0;0;0;0;819;23446;43;410;0;0;0;0;0;0;0;0
2011;427,00;0;4552;0;0;0;0;0;0;0;0;0;0;0;0;1;1;0;0;0;0;0;0
2011;491,00;0;0;0;0;0;0;0;0;0;0;1452;25054;40;641;340;1610;10;1496;0;0;0;0
2011;551,00;0;37;0;0;0;0;0;0;0;0;687;11490;18;230;0;0;0;0;0;0;0;0
2011;106,00;0;0;0;0;0;0;0;0;0;0;134;9690;0;0;141;9784;0;0;0;0;0;0
2011;819,00;0;0;0;0;0;0;0;0;0;0;40;9200;0;0;0;0;0;0;0;0;0;0
2011;836,00;0;0;0;0;0;0;0;0;0;0;15;2880;0;0;0;0;0;0;0;0;0;0
2011;915,00;0;0;0;0;0;0;0;0;0;0;109;5266;16;980;0;0;0;0;0;0;0;0
2011;942,00;0;0;0;0;0;0;0;0;0;0;0;0;0;0;200;2340;0;0;0;0;0;0
2011;748,00;1204;1601;127;127;699;13990;0;0;73;166;52410;147786;2342;6273;0;0;63;7613;1;103;26;7194
2011;198,00;0;0;0;0;0;0;0;0;0;0;0;0;0;0;0;0;0;0;0;0;0;0
2011;871,00;0;0;0;0;0;0;0;0;0;0;0;19867;0;1868;0;1728;36;5474;0;0;4;962
2011;948,00;355;0;0;0;0;0;0;0;0;0;490;9811;0;0;0;0;0;0;0;0;0;0
2011;1051,00;0;0;0;0;0;0;0;0;0;0;0;0;0;0;0;0;0;0;0;0;0;0
2011;1083,00;0;0;0;0;0;0;0;0;0;0;0;0;0;0;0;0;0;0;0;0;0;0
2011;679,00;0;146;0;0;0;0;0;0;0;0;8325;138224;0;0;514;7089;760;8268;0;0;432;920
2011;176,00;0;0;0;0;0;0;0;0;0;0;900;21864;0;0;0;0;0;0;0;0;0;0
2011;537,00;0;0;0;0;0;0;0;0;0;0;280;8567;0;0;0;0;0;0;0;0;0;0
2011;608,00;0;141;0;0;0;0;0;0;0;0;1248;45456;0;0;0;0;61;7247;0;0;0;0
2011;596,00;0;0;0;0;0;0;0;0;0;0;779;8178;0;0;0;0;0;0;0;0;0;0
2011;749,00;2986;2671;613;613;726;19409;234;2210;1016;1429;7237;125690;0;3786;0;5274;63;9824;0;0;41;15005
2011;758,00;2313;2197;257;590;1282;155198;0;0;74;834;9500;178727;875;9587;735;14776;578;8389;0;0;1;39
2011;724,00;3928;5899;0;0;678;14085;0;0;0;0;0;151132;0;3370;0;8226;0;0;0;0;0;0
2011;436,00;0;0;0;0;0;0;0;0;0;0;4874;83931;0;0;757;5373;0;0;0;0;0;0
2011;567,00;0;411;0;0;0;0;0;0;0;0;1617;23694;0;0;103;1763;0;0;0;0;0;0
2011;677,00;1766;2812;0;0;770;14797;0;0;0;0;2883;34536;0;0;0;0;89;11222;2;394;39;13270
2011;670,00;0;126;0;0;0;0;0;0;0;0;3742;13246;1023;3088;138;234;0;0;0;0;0;0
2011;588,00;0;198;0;0;0;0;0;0;0;0;7229;153389;86;1867;169;3606;0;0;0;0;0;0
2011;446,00;0;0;0;0;0;0;0;0;0;0;1570;17275;0;0;0;0;0;0;0;0;0;0
2011;753,00;3665;3497;324;449;1699;34526;0;0;0;0;25408;230615;441;1691;3157;31503;86;14062;5;1302;34;11681
2011;887,00;0;0;0;0;0;0;0;0;0;0;1656;28768;0;0;2442;3291;0;0;0;0;0;0
2011;388,00;0;0;0;0;0;0;0;0;0;0;85;10133;0;0;0;0;0;0;0;0;0;0
2011;585,00;0;0;0;0;0;0;0;0;0;0;56;1559;0;0;0;0;0;0;0;0;0;0
2011;245,00;78;0;0;0;0;0;0;0;0;0;0;0;0;0;0;0;0;0;0;0;0;0
2011;603,00;232;0;0;0;0;0;0;0;0;0;540;28870;476;4339;2159;115483;0;0;0;0;0;0
2011;426,00;0;0;0;0;0;0;0;0;0;0;2354;25319;2;104;0;0;0;0;0;0;0;0
2011;232,00;0;0;0;0;0;0;0;0;0;0;449;3460;0;0;0;0;0;0;0;0;0;0
2011;288,00;0;0;4;6;0;0;0;0;0;0;3695;64793;54;4092;63;4252;0;0;0;0;0;0
2011;246,00;0;0;0;0;0;0;0;0;0;0;0;0;0;0;0;0;872;10698;0;0;0;0
2011;284,00;199;84;0;0;613;14099;0;0;0;0;2453;49280;0;0;0;0;396;7867;0;0;0;0
2011;18,00;0;0;0;0;0;0;0;0;0;0;0;0;0;0;82;82;0;0;0;0;0;0
2011;356,00;0;0;0;0;0;0;0;0;0;0;0;0;0;0;426;4601;0;0;0;0;0;0
2011;401,00;0;0;0;0;0;0;0;0;0;0;193;5275;80;8901;185;9215;0;0;0;0;0;0
2011;733,00;1514;6504;273;506;1048;24963;0;0;50;244;14965;100264;1496;8973;446;2674;1640;36316;27;567;0;0
2011;243,00;0;0;0;0;0;0;0;0;0;0;0;0;0;0;0;0;0;0;0;0;0;0
2011;380,00;0;0;0;0;0;0;0;0;0;0;610;12718;85;1264;134;3316;0;0;0;0;0;0
2011;716,00;0;0;0;0;0;0;0;0;0;0;386;1769;0;0;0;0;116;7974;0;0;0;0
2011;534,00;1376;239;0;0;0;0;0;0;0;0;0;0;0;0;0;0;0;0;0;0;0;0
2011;185,00;2;0;400;893;0;0;0;0;0;0;0;0;0;0;0;0;0;0;0;0;0;0
2011;258,00;301;185;421;487;162;176;0;0;0;0;2025;15052;0;0;0;0;0;0;0;0;0;0
2011;505,00;0;0;0;0;0;0;0;0;0;0;361;4825;0;0;0;0;162;17893;0;0;0;0
2011;268,00;0;0;0;0;0;0;0;0;0;0;280;3625;0;0;0;0;55;7911;0;0;0;0
2011;602,00;309;362;0;0;555;12157;0;0;0;0;953;14135;28;312;0;0;0;0;0;0;0;0
2011;254,00;338;0;688;1213;304;8250;0;0;0;0;0;0;0;0;0;0;0;0;0;0;0;0
2011;705,00;506;1410;0;0;0;0;0;0;0;0;358;2740;709;2679;0;0;0;0;0;0;0;0
2011;133,00;0;0;0;0;0;0;0;0;0;0;0;0;0;0;0;0;0;0;0;0;0;0
2011;33,00;0;0;0;0;0;0;0;0;0;0;0;0;0;0;158;2488;0;0;0;0;0;0
2011;143,00;0;0;0;0;0;0;0;0;0;0;0;0;0;0;0;0;0;0;0;0;0;0
2011;36,00;0;0;0;0;0;0;0;0;0;0;0;0;0;0;512;30748;0;0;0;0;0;0
2011;756,00;336;122;65;113;562;17470;0;0;104;217;3521;211260;80;1600;120;2200;35;6039;0;0;1;104
2011;662,00;0;500;0;0;0;0;0;0;0;0;11863;96290;687;3895;1222;5672;668;8685;0;0;278;8455
2011;192,00;0;0;0;0;0;0;0;0;0;0;592;18450;59;2202;145;5327;0;0;0;0;0;0
2011;382,00;0;0;0;0;0;0;0;0;0;0;0;0;0;0;0;0;0;0;0;0;0;0
2011;322,00;0;0;0;0;0;0;0;0;0;0;128;161420;0;0;91;140020;0;0;0;0;0;0
2011;478,00;0;0;0;0;0;0;0;0;0;0;2447;29097;0;0;292;3470;0;0;0;0;0;0
2011;352,00;0;0;0;0;0;0;0;0;0;0;603;29845;101;5507;201;7762;0;0;0;0;0;0
2011;628,00;693;62;0;0;0;0;0;0;0;0;7708;198963;0;0;0;0;131;15480;0;0;20;7117
2011;291,00;0;0;0;0;0;0;0;0;0;0;47;4723;0;0;172;6121;0;0;0;0;0;0
2011;495,00;0;0;0;0;0;0;0;0;0;0;860;71467;0;0;289;30015;0;0;0;0;0;0
2011;845,00;0;373;0;0;0;0;0;0;0;0;4727;53675;0;0;269;1305;0;0;0;0;0;0
2011;498,00;0;160;0;0;0;0;0;0;0;0;603;10716;0;0;0;0;0;0;0;0;0;0
2011;314,00;0;0;0;0;0;0;0;0;0;0;650;17965;88;2445;354;10242;0;0;0;0;0;0
2011;720,00;0;67;0;0;0;0;0;0;0;0;116;502;0;0;0;0;0;0;0;0;0;0
2011;721,00;0;1021;0;0;0;0;0;0;0;0;8363;138006;0;0;280;12580;588;7736;0;0;93;1825
2011;485,00;0;0;0;0;0;0;0;0;0;0;0;0;0;0;0;0;0;0;0;0;0;0
2011;273,00;381;931;0;0;0;0;0;0;0;0;693;4758;0;0;0;0;0;0;0;0;0;0
2011;846,00;1253;4000;169;221;0;0;0;0;0;0;8620;85811;0;0;344;4745;62;9750;0;0;43;15505
2011;847,00;0;0;0;0;0;0;0;0;0;0;2560;56777;0;0;0;0;0;0;0;0;0;0
2011;848,00;583;195;145;160;0;0;0;0;0;0;2111;13507;0;0;217;1543;0;0;0;0;0;0
2011;864,00;0;0;0;0;0;0;0;0;0;0;136;9396;3;72;132;5121;0;0;0;0;0;0
2011;916,00;0;0;0;0;278;321;0;0;0;0;0;0;0;0;0;0;0;0;0;0;0;0
2011;930,00;127;14;0;0;0;0;0;0;0;0;4119;30100;0;0;0;0;0;0;0;0;0;0
2011;954,00;0;2930;0;0;922;20575;0;0;0;0;8827;82657;198;2011;642;4416;0;0;0;0;0;0
2011;943,00;0;0;0;0;0;0;0;0;0;0;2618;36664;0;0;0;0;0;0;0;0;0;0
2011;949,00;1747;4116;22;25;1242;24533;0;0;0;0;20506;193516;1590;14056;1949;34227;930;11679;0;0;729;21539
2011;980,00;263;1385;43;45;0;0;0;0;0;0;0;0;0;0;0;0;0;0;0;0;0;0
2011;981,00;0;0;0;0;0;0;0;0;0;0;438;5271;32;1344;32;1344;0;0;0;0;0;0
2011;1024,00;384;478;0;0;814;11874;0;0;129;129;4984;62310;65;685;0;0;0;0;0;0;0;0
2011;1017,00;0;0;0;0;0;0;0;0;0;0;180;1080;0;0;0;0;0;0;0;0;0;0
2011;1000,00;373;377;0;0;1349;27658;0;0;313;5264;1329;45198;0;0;0;0;12;43;0;0;0;0
2011;1018,00;0;126;0;0;0;0;0;0;0;0;2000;32721;167;2459;213;3881;38;3265;0;0;0;0
2011;1001,00;26;0;0;0;0;0;0;0;0;0;0;0;0;0;0;0;0;0;0;0;0;0
2011;1007,00;0;588;0;0;0;0;0;0;0;0;5986;119726;0;0;135;2115;61;9487;0;0;8;2904
2011;1008,00;0;0;0;0;0;0;0;0;0;0;1755;32986;0;0;91;1568;45;6695;0;0;6;950
2011;1009,00;0;569;0;0;0;0;0;0;0;0;3039;44077;0;0;464;4206;74;11009;0;0;0;0
2011;1010,00;0;0;0;0;0;0;0;0;0;0;0;23391;0;0;0;3157;46;7190;0;0;4;1281
2011;1011,00;0;83;0;0;0;0;0;0;0;0;1842;24286;0;0;290;4070;28;4367;0;0;0;0
2011;1012,00;0;0;0;0;0;0;0;0;0;0;3357;56042;0;0;243;4584;89;8654;0;0;2;444
2011;1013,00;2578;0;302;361;961;21050;0;0;0;0;4475;267334;488;1948;454;17700;70;10877;1;365;10;3502
2011;1041,00;0;0;0;0;0;0;0;0;0;0;69;1331;0;0;93;2420;0;0;0;0;0;0
2011;1073,00;188;189;0;0;0;0;0;0;0;0;460;4493;19;101;0;0;0;0;0;0;0;0
2011;789,00;0;0;0;0;0;0;0;0;0;0;72;6101;0;0;300;78000;0;0;0;0;0;0
2011;326,00;0;0;0;0;0;0;0;0;0;0;393;34459;0;0;393;25770;0;0;0;0;0;0
2011;442,00;402;123;145;290;0;0;0;0;0;0;808;17161;0;0;0;0;0;0;0;0;0;0
2011;294,00;1551;270;92;92;0;0;0;0;0;0;3469;43322;0;0;0;0;0;0;0;0;0;0
2011;378,00;0;0;28;28;0;0;0;0;0;0;0;0;0;0;0;0;0;0;0;0;0;0
2011;402,00;8;0;0;0;0;0;0;0;0;0;240;3600;0;0;0;0;0;0;0;0;0;0
2011;29,00;0;0;0;0;0;0;0;0;0;0;0;0;0;0;145;2800;0;0;0;0;0;0
2011;450,00;0;0;0;0;0;0;0;0;0;0;133;1997;0;0;0;0;0;0;0;0;0;0
2011;656,00;0;0;0;0;0;0;0;0;0;0;2048;32943;0;0;0;0;0;0;0;0;0;0
2011;333,00;1030;203;0;0;0;0;0;0;0;0;706;7780;0;0;0;0;129;10301;0;0;0;0
2011;668,00;0;158;0;0;0;0;0;0;0;0;665;18103;0;0;0;0;30;3062;0;0;0;0
2011;684,00;0;0;0;0;0;0;0;0;0;0;2523;30256;0;0;0;0;0;0;0;0;0;0
2011;422,00;65;245;25;32;0;0;0;0;0;0;534;2670;0;0;0;0;136;1360;0;0;0;0
2011;763,00;2335;3366;876;1460;1202;25574;0;0;0;0;10918;232252;1284;53725;687;13104;2494;20171;0;0;1835;14849
2011;741,00;3787;992;0;0;2059;18634;0;0;0;0;4671;87520;213;1135;139;2969;46;239;0;0;0;0
2011;553,00;972;1265;0;0;0;0;0;0;0;0;988;19209;0;0;0;0;100;7761;0;0;0;0
2011;357,00;0;0;0;0;0;0;0;0;0;0;575;8470;0;0;0;0;0;0;0;0;0;0
2011;899,00;0;0;0;0;0;0;0;0;0;0;0;0;0;0;0;0;0;0;0;0;0;0
2011;900,00;0;0;0;0;0;0;0;0;0;0;225;1007;0;0;0;0;0;0;0;0;0;0
2011;932,00;0;0;0;0;0;0;0;0;0;0;0;0;0;0;0;0;0;0;0;0;0;0
2011;950,00;0;0;0;0;0;0;0;0;0;0;1144;28600;68;2080;0;0;0;0;0;0;0;0
2011;966,00;191;9;0;0;0;0;0;0;0;0;0;0;0;0;0;0;0;0;0;0;0;0
2011;967,00;0;0;0;0;0;0;0;0;0;0;193;934;0;0;0;0;0;0;0;0;0;0
2011;982,00;553;51;0;0;153;185;0;0;0;0;2035;32053;38;510;22;262;44;1161;0;0;0;0
2011;1014,00;0;101;0;0;0;0;0;0;0;0;0;0;0;0;0;0;0;0;0;0;0;0
2011;1048,00;0;0;0;0;0;0;0;0;0;0;0;0;0;0;0;0;0;0;0;0;0;0
2011;1080,00;106;98;0;0;0;0;0;0;0;0;0;0;0;0;0;0;0;0;0;0;0;0
2011;722,00;5195;4071;0;0;1363;26585;0;0;127;453;12870;264139;1116;23050;937;19284;84;9449;1;153;44;14382
2011;660,00;0;2107;0;0;0;0;0;0;0;0;2046;44843;0;0;0;0;55;6639;0;0;0;0
2011;75,00;0;0;0;0;0;0;0;0;0;0;0;0;0;0;209;25498;0;0;0;0;0;0
2011;249,00;14;544;0;0;0;0;0;0;0;0;281;8436;0;0;0;0;0;0;0;0;0;0
2011;275,00;0;0;0;0;0;0;0;0;0;0;2244;39245;0;0;0;0;0;0;0;0;0;0
2011;227,00;164;208;0;0;0;0;0;0;0;0;0;0;0;0;0;0;0;0;0;0;0;0
2011;150,00;0;0;0;0;0;0;0;0;0;0;540;3672;0;0;0;0;0;0;0;0;0;0
2011;47,00;0;0;0;0;0;0;0;0;0;0;0;0;0;0;0;0;0;0;0;0;0;0
2011;172,00;0;0;0;0;0;0;0;0;0;0;847;11665;1;30;0;0;0;0;0;0;0;0
2011;581,00;0;53;0;0;0;0;0;0;0;0;6901;81600;0;0;0;0;0;0;0;0;0;0
2011;120,00;0;0;0;0;0;0;0;0;0;0;3597;83657;152;6201;55;1672;0;0;0;0;0;0
2011;445,00;0;0;0;0;0;0;0;0;0;0;63;4378;0;0;12;288;0;0;0;0;0;0
2011;471,00;0;0;0;0;0;0;0;0;0;0;4423;128769;0;0;0;0;0;0;0;0;0;0
2011;53,00;0;0;0;0;0;0;0;0;0;0;945;21694;0;0;0;0;0;0;0;0;0;0
2011;199,00;0;0;0;0;0;0;0;0;0;0;1618;98271;206;9205;0;0;0;0;0;0;0;0
2011;575,00;0;0;0;0;0;0;0;0;0;0;2981;21262;0;0;0;0;0;0;0;0;0;0
2011;528,00;0;365;0;0;0;0;0;0;0;0;4531;33768;0;0;0;0;0;0;0;0;0;0
2011;631,00;0;0;0;0;0;0;0;0;0;0;6978;61217;0;0;0;0;41;6180;0;0;2;728
2011;699,00;0;403;0;0;0;0;0;0;0;0;3031;60083;0;0;0;0;0;0;0;0;0;0
2011;823,00;0;0;0;0;0;0;0;0;0;0;2355;44330;0;0;0;0;0;0;0;0;0;0
2011;849,00;0;0;0;0;0;0;0;0;0;0;2945;20744;0;0;0;0;0;0;0;0;0;0
2011;869,00;0;0;0;0;0;0;0;0;0;0;2090;19653;0;0;0;0;0;0;0;0;0;0
2011;955,00;0;0;0;0;0;0;0;0;0;0;0;0;0;0;50;12604;0;0;0;0;0;0
2011;983,00;0;0;0;0;0;0;0;0;0;0;1695;18818;0;0;55;13750;0;0;0;0;0;0
2011;1002,00;0;0;0;0;0;0;0;0;0;0;0;0;0;0;0;0;0;0;0;0;0;0
2011;1015,00;2307;2666;0;0;7043;7043;0;0;322;322;5475;64357;0;0;0;0;56;6583;0;0;24;8388
2011;51,00;0;0;0;0;0;0;0;0;0;0;0;0;0;0;0;0;0;0;0;0;0;0
2011;441,00;0;0;0;0;0;0;0;0;0;0;0;0;0;0;0;0;0;0;0;0;0;0
2011;327,00;0;0;0;0;0;0;0;0;0;0;0;0;0;0;0;0;0;0;0;0;0;0
2011;690,00;727;1245;146;146;328;13786;0;0;0;0;279;35701;0;0;0;0;166;8547;0;0;0;0
2011;262,00;0;0;0;0;0;0;0;0;0;0;1286;24057;0;0;0;0;0;0;0;0;0;0
2011;403,00;0;0;0;0;0;0;0;0;0;0;0;0;0;0;0;0;0;0;0;0;0;0
2011;312,00;0;0;0;0;0;0;0;0;0;0;0;0;0;0;0;0;0;0;0;0;0;0
2011;589,00;0;0;0;0;0;0;0;0;0;0;4320;86542;0;0;0;0;0;0;0;0;0;0
2011;665,00;0;455;0;0;0;0;0;0;0;0;0;9936;0;0;0;0;0;6231;0;0;0;0
2011;334,00;0;0;0;0;0;0;0;0;0;0;0;0;0;0;0;0;0;0;0;0;0;0
2011;1075,00;1426;460;399;544;1539;32555;0;0;1760;3404;17384;484135;979;4007;0;0;936;30253;36;624;64;2817
2011;751,00;1187;978;0;0;640;14291;0;0;0;0;2881;161370;0;0;143;6559;64;9779;0;0;0;0
2011;186,00;117;0;0;0;0;0;0;0;0;0;2;14;0;0;0;0;0;0;0;0;0;0
2011;646,00;0;163;0;0;0;0;0;0;0;0;1480;31894;0;0;0;0;0;0;0;0;0;0
2011;536,00;0;0;0;0;0;0;0;0;0;0;826;38516;0;0;0;0;260;3037;0;0;0;0
2011;242,00;0;0;0;0;0;0;0;0;0;0;0;0;0;0;0;0;0;0;0;0;0;0
2011;490,00;0;0;0;0;0;0;0;0;0;0;0;7829;0;5085;0;1923;0;0;0;0;0;0
2011;500,00;167;320;0;0;2;14;0;0;0;0;824;10069;188;2123;0;0;0;0;0;0;0;0
2011;206,00;0;0;0;0;0;0;0;0;0;0;1780;32932;0;0;0;0;0;0;0;0;0;0
2011;58,00;0;0;0;0;0;0;0;0;0;0;0;0;0;0;0;0;0;0;0;0;0;0
2011;572,00;0;197;0;0;0;0;0;0;0;0;3479;78901;0;0;0;0;744;9313;0;0;0;0
2011;180,00;0;0;0;0;0;0;0;0;0;0;723;4485;0;0;0;0;0;0;0;0;0;0
2011;549,00;0;0;0;0;0;0;0;0;0;0;2921;65994;0;0;0;0;24;3775;0;0;0;0
2011;582,00;0;0;0;0;0;0;0;0;0;0;972;27226;0;0;9;118;22;1384;0;0;0;0
2011;743,00;0;0;0;0;0;0;0;0;0;0;0;440991;0;2840;0;19485;51;7946;0;0;0;0
2011;795,00;0;0;0;0;0;0;0;0;0;0;855;7877;0;0;0;0;91;10011;0;0;0;0
2011;269,00;0;0;0;0;0;0;0;0;0;0;525;6250;41;970;0;0;0;0;0;0;0;0
2011;634,00;0;39;0;0;763;16757;0;0;0;0;599;19812;0;0;0;0;0;0;0;0;0;0
2011;1,00;0;0;0;0;0;0;0;0;0;0;1381;18029;0;0;0;0;0;0;0;0;0;0
2011;717,00;0;161;0;0;0;0;0;0;0;0;0;25927;0;0;0;0;31;4901;0;0;0;0
2011;373,00;0;0;0;0;0;0;0;0;0;0;613;10843;0;0;0;0;0;0;0;0;0;0
2011;535,00;0;0;0;0;0;0;0;0;0;0;1715;62017;0;0;0;0;0;0;0;0;0;0
2011;824,00;4636;5081;761;761;1216;32978;392;4103;374;1230;8172;403330;270;8504;608;23374;78;12105;38;13879;44;15897
2011;888,00;0;0;0;0;0;0;0;0;0;0;0;0;0;0;0;0;41;4714;0;0;0;0
2011;902,00;0;0;0;0;0;0;0;0;0;0;162;2952;0;0;0;0;0;0;0;0;0;0
2011;968,00;0;0;0;0;0;0;0;0;0;0;0;0;0;0;0;0;0;0;0;0;0;0
2011;346,00;0;0;0;0;0;0;0;0;0;0;90;4493;0;0;238;64978;0;0;0;0;0;0
2011;27,00;0;0;0;0;0;0;0;0;0;0;0;0;0;0;0;0;0;0;0;0;0;0
2011;165,00;0;0;0;0;0;0;0;0;0;0;0;0;0;0;0;0;0;0;0;0;0;0
2011;956,00;0;1407;0;0;0;0;0;0;648;5022;0;146983;0;0;0;0;73;10728;1;156;18;13930
2011;413,00;0;0;0;0;0;0;0;0;0;0;0;0;0;0;0;0;0;0;0;0;0;0
2011;149,00;0;0;0;0;0;0;0;0;0;0;882;25344;0;0;177;5068;0;0;0;0;0;0
2011;612,00;422;78;0;0;0;0;0;0;0;0;4111;44491;0;0;0;0;0;0;0;0;0;0
2011;559,00;0;0;0;0;0;0;0;0;0;0;1982;26212;0;0;0;0;0;0;0;0;0;0
2011;7,00;0;0;0;0;0;0;0;0;0;0;150;1783;0;0;0;0;0;0;0;0;0;0
2011;283,00;79;102;0;0;0;0;231;5481;0;0;23870;56637;0;0;0;0;0;0;0;0;0;0
2011;37,00;0;0;0;0;0;0;0;0;0;0;0;0;0;0;0;0;0;0;0;0;0;0
2011;153,00;0;0;0;0;0;0;0;0;0;0;2193;47085;0;0;0;0;0;0;0;0;0;0
2011;547,00;0;0;0;0;0;0;0;0;0;0;1728;85803;0;0;117;5234;0;0;0;0;0;0
2011;397,00;0;0;0;0;0;0;0;0;0;0;218;2661;49;440;327;2685;0;0;0;0;0;0
2011;556,00;0;0;0;0;0;0;0;0;0;0;685;70818;0;0;23;2096;44;3813;0;0;0;0
2011;42,00;0;0;0;0;0;0;0;0;0;0;0;0;0;0;0;0;0;0;0;0;0;0
2011;31,00;0;0;0;0;0;0;0;0;0;0;1245;45741;0;0;0;0;0;0;0;0;0;0
2011;740,00;2006;3923;236;418;0;0;0;0;0;0;9705;70799;730;4666;930;6646;1361;12864;0;0;323;9211
2011;217,00;0;0;0;0;0;0;0;0;0;0;3682;0;0;0;0;0;13;0;0;0;0;0
2011;863,00;0;0;0;0;0;0;0;0;0;0;142;1329;0;0;0;0;0;0;0;0;0;0
2011;889,00;3652;3008;340;390;1399;30798;0;0;204;594;10042;51364;455;2686;292;4435;361;17312;0;0;71;0
2011;984,00;0;0;0;0;0;0;0;0;0;0;2309;53356;0;0;0;0;0;0;0;0;0;0
2011;34,00;0;0;0;0;0;0;0;0;0;0;0;0;0;0;0;0;0;0;0;0;0;0
2011;791,00;0;0;0;0;0;0;0;0;0;0;1319;14241;0;0;0;0;0;0;0;0;0;0
2011;181,00;0;0;0;0;0;0;0;0;0;0;1572;28194;442;16762;3;7;0;0;0;0;0;0
2011;430,00;0;0;0;0;0;0;0;0;0;0;6954;22515;0;0;0;0;0;0;0;0;0;0
2011;715,00;42;810;315;498;373;7712;0;0;0;0;3962;78383;253;6155;210;7743;112;12167;0;0;12;2423
2011;521,00;0;0;0;0;0;0;0;0;0;0;1166;45448;0;0;32;79;0;0;0;0;0;0
2011;524,00;182;23;56;65;0;0;0;0;0;0;5727;171808;0;0;0;0;2;98;0;0;0;0
2011;432,00;0;0;0;0;0;0;0;0;0;0;0;0;0;0;2065;52328;0;0;0;0;0;0
2011;19,00;0;0;0;0;0;0;0;0;0;0;0;0;0;0;0;0;0;0;0;0;0;0
2011;25,00;0;0;0;0;0;0;0;0;0;0;0;0;0;0;0;0;0;0;0;0;0;0
2011;26,00;0;0;0;0;0;0;0;0;0;0;14;107;0;0;28;8390;0;0;0;0;0;0
2011;890,00;230;286;0;0;0;0;0;0;0;0;1656;25898;279;3215;492;5364;68;9236;0;0;26;865
2011;904,00;0;0;0;0;0;0;0;0;0;0;3861;26392;0;0;0;0;0;0;0;0;0;0
2011;957,00;2999;4305;0;0;1816;43864;0;0;92;1305;7202;221827;225;7568;493;15585;272;15958;0;0;51;746
2011;939,00;3476;1449;0;0;613;14342;0;0;80;267;98969;210743;1563;9120;6625;6625;2037;19605;15;295;283;7220
2011;236,00;0;0;0;0;0;0;0;0;0;0;2798;50346;0;0;0;0;20;1080;0;0;0;0
2011;735,00;1515;3659;84;122;2246;20492;0;0;0;0;79859;250509;3207;3168;9528;10704;882;9017;0;0;0;0
2011;146,00;0;0;0;0;0;0;0;0;0;0;705;6336;0;0;0;0;0;0;0;0;0;0
2011;363,00;0;0;0;0;0;0;0;0;0;0;1737;45940;0;0;29;569;0;0;0;0;0;0
2011;187,00;0;0;0;0;0;0;0;0;0;0;9659;81599;8;32;1017;17400;132;13487;0;0;0;0
2011;265,00;0;30;0;0;0;0;0;0;0;0;0;0;0;0;0;0;0;0;0;0;0;0
2011;295,00;0;0;0;0;0;0;0;0;0;0;904;15500;0;0;0;0;0;0;0;0;0;0
2011;496,00;454;133;0;0;0;0;0;0;0;0;298;4854;0;0;0;0;0;0;513;11407;0;0
2011;77,00;0;0;0;0;0;0;0;0;0;0;408;5365;0;0;0;0;0;0;0;0;0;0
2011;391,00;0;0;70;84;0;0;0;0;0;0;65;1204;0;0;0;0;0;0;0;0;0;0
2011;240,00;16;342;0;0;0;0;0;0;0;0;1053;58117;0;0;0;0;578;17489;0;0;0;0
2011;448,00;0;0;0;0;0;0;0;0;0;0;609;12180;50;1367;0;0;14;1273;0;0;0;0
2011;151,00;0;0;0;0;0;0;0;0;0;0;60;1850;0;0;0;0;0;0;0;0;0;0
2011;425,00;0;0;0;0;0;0;0;0;0;0;2006;13429;0;0;0;0;53;563;0;0;0;0
2011;300,00;0;0;0;0;0;0;0;0;0;0;1430;17160;96;142;0;0;0;0;0;0;0;0
2011;339,00;565;576;0;0;0;0;0;0;0;0;701;4252;0;0;0;0;25;110;0;0;0;0
2011;826,00;0;0;0;0;0;0;0;0;0;0;539;642;0;0;0;0;0;0;0;0;0;0
2011;874,00;0;0;0;0;0;0;0;0;0;0;2810;21683;0;0;0;0;717;9048;0;0;0;0
2011;905,00;1786;4070;140;273;560;15565;215;3368;0;0;2624;78667;241;2816;0;0;402;7735;0;0;38;6373
2011;736,00;1620;4094;132;150;1276;30729;0;0;56;242;0;114635;0;9534;0;7915;0;8245;0;0;0;1940
2011;459,00;0;0;0;0;0;0;0;0;0;0;1886;58929;0;0;0;0;0;0;0;0;0;0
2011;320,00;0;0;0;0;0;0;0;0;0;0;1433;19522;0;0;0;0;0;0;0;0;0;0
2011;45,00;0;0;0;0;0;0;0;0;0;0;0;0;0;0;0;0;0;0;0;0;0;0
2011;292,00;0;0;0;0;0;0;0;0;0;0;0;0;0;0;105;5625;0;0;0;0;0;0
2011;618,00;0;0;0;0;0;0;0;0;0;0;651;110248;0;0;126;8859;0;0;0;0;0;0
2011;463,00;0;1275;0;0;0;0;0;0;0;0;967;29608;0;0;0;0;0;0;0;0;0;0
2011;891,00;0;0;0;0;0;0;0;0;0;0;0;0;0;0;0;0;0;0;0;0;0;0
2011;958,00;0;843;0;0;0;0;0;0;0;0;9533;93095;0;0;461;3934;825;11267;0;0;137;3856
2011;244,00;0;0;0;0;0;0;0;0;0;0;85;1250;0;0;0;0;0;0;0;0;0;0
2011;28,00;0;0;0;0;0;0;0;0;0;0;9;638;0;0;42;245;0;0;0;0;0;0
2011;444,00;0;0;0;0;0;0;0;0;0;0;972;14076;0;0;0;0;0;0;0;0;0;0
2011;479,00;0;0;0;0;0;0;0;0;0;0;89;2002;73;1761;0;0;0;0;0;0;0;0
2011;285,00;331;0;0;0;0;0;0;0;0;0;0;0;0;0;0;0;120;8960;0;0;0;0
2011;253,00;293;71;0;0;0;0;0;0;0;0;0;0;0;0;0;0;0;0;0;0;0;0
2011;481,00;58;0;3;4;0;0;0;0;0;0;2288;29333;0;0;0;0;2;18;0;0;0;0
2011;540,00;246;0;0;0;628;16328;0;0;0;0;1949;38986;363;1089;0;0;0;0;0;0;0;0
2011;332,00;0;0;0;0;0;0;0;0;0;0;0;0;0;0;0;0;0;0;0;0;0;0
2011;41,00;0;0;0;0;0;0;0;0;0;0;0;0;0;0;0;0;0;0;0;0;0;0
2011;510,00;0;0;0;0;0;0;0;0;0;0;387;11621;49;430;0;0;0;0;0;0;0;0
2011;305,00;0;0;0;0;0;0;0;0;0;0;0;0;0;0;0;0;0;0;0;0;0;0
2011;708,00;0;0;0;0;0;0;0;0;0;0;1459;361832;0;0;0;0;0;0;0;0;0;0
2011;755,00;2275;607;615;1035;1697;35833;0;0;163;571;10235;223889;380;4182;427;14224;36;12906;2;312;57;20800
2011;750,00;3010;0;0;0;952;17654;0;0;0;0;3895;78176;171;2520;72;1249;1808;19208;1;96;35;12647
2011;696,00;176;198;516;1548;0;0;0;0;0;0;6197;49574;0;0;715;5721;0;0;0;0;0;0
2011;434,00;0;0;0;0;0;0;0;0;0;0;0;0;0;0;0;0;0;0;0;0;0;0
2011;421,00;0;0;0;0;0;0;0;0;0;0;1162;30770;0;0;144;4214;0;0;0;0;0;0
2011;827,00;0;0;0;0;0;0;0;0;0;0;0;0;0;0;109;123;0;0;0;0;0;0
2011;933,00;0;499;0;0;0;0;0;0;0;0;2357;52823;0;0;0;0;0;0;0;0;0;0
2011;1030,00;7;0;11;11;0;0;0;0;0;0;14;14;19;19;17;17;0;0;0;0;0;0
2011;1003,00;0;41;0;0;0;0;0;0;0;0;1148;11356;0;0;0;0;0;0;0;0;0;0
2011;1050,00;0;0;0;0;0;0;0;0;0;0;711;3727;0;0;0;0;0;0;0;0;0;0
2011;1043,00;0;0;0;0;0;0;0;0;0;0;730;13346;0;0;0;0;0;0;0;0;0;0
2011;934,00;0;0;0;0;0;0;0;0;0;0;19029;140246;0;0;566;5132;51;7893;0;0;3;1126
2011;629,00;1196;1302;0;0;0;0;0;0;0;0;2516;43797;91;2025;520;5230;270;5335;0;0;0;0
2011;21,00;0;0;0;0;0;0;0;0;0;0;0;0;0;0;0;0;0;0;0;0;0;0
2011;615,00;0;0;0;0;0;0;0;0;0;0;0;0;0;0;0;0;0;0;0;0;0;0
2011;626,00;0;0;0;0;0;0;0;0;0;0;665;10897;0;0;0;0;0;0;0;0;0;0
2011;417,00;0;0;0;0;0;0;0;0;0;0;1055;25719;0;0;0;0;0;0;0;0;0;0
2011;597,00;0;0;0;0;0;0;0;0;0;0;1580;35813;72;655;0;0;0;0;0;0;0;0
2011;539,00;0;0;0;0;1337;29980;0;0;0;0;3642;79987;97;1208;0;0;0;0;0;0;0;0
2011;343,00;0;0;0;0;0;0;0;0;0;0;1788;32193;0;0;0;0;0;0;0;0;0;0
2011;135,00;0;0;0;0;0;0;0;0;0;0;88;1540;0;0;0;0;0;0;0;0;0;0
2011;158,00;0;0;0;0;0;0;0;0;0;0;310;16550;0;0;1452;20104;0;0;0;0;0;0
2011;775,00;0;786;0;0;0;0;0;0;0;0;862;20186;64;1924;115;1527;0;0;0;0;0;0
2011;177,00;0;0;0;0;370;8411;0;0;0;0;192;5478;9;181;0;0;180;17297;0;0;0;0
2011;578,00;0;0;0;0;0;0;0;0;0;0;1877;8475;0;0;0;0;0;0;0;0;0;0
2011;416,00;0;0;0;0;0;0;0;0;0;0;1456;18509;240;529;240;26880;0;0;0;0;0;0
2011;561,00;0;0;0;0;0;0;0;0;0;0;2380;51400;108;1911;29;621;78;4326;0;0;0;0
2011;828,00;0;0;0;0;0;0;0;0;0;0;159;14079;0;0;92;6175;0;0;0;0;0;0
2011;860,00;0;0;0;0;0;0;0;0;0;0;3063;56868;206;6344;0;0;0;0;0;0;0;0
2011;935,00;0;0;0;0;0;0;0;0;0;0;0;0;0;0;0;0;0;0;0;0;0;0
2011;936,00;0;0;0;0;0;0;0;0;0;0;60;154;0;0;18;45;0;0;0;0;0;0
2011;986,00;0;0;0;0;0;0;0;0;0;0;0;0;0;0;0;0;0;0;0;0;0;0
2011;987,00;0;0;0;0;0;0;0;0;0;0;0;0;0;0;0;0;0;0;0;0;0;0
2011;1021,00;0;0;0;0;0;0;0;0;0;0;73;5674;0;0;45;3068;0;0;0;0;0;0
2011;658,00;0;205;0;0;0;0;0;0;0;0;0;35021;0;0;0;0;482;5909;25;637;12;325
2011;353,00;0;0;0;0;0;0;0;0;0;0;904;6537;0;0;503;2939;0;0;0;0;0;0
2011;323,00;0;0;0;0;0;0;0;0;0;0;0;0;0;0;20;3892;0;0;0;0;0;0
2011;620,00;0;0;0;0;0;0;0;0;0;0;2636;56448;0;0;0;0;0;0;0;0;0;0
2011;384,00;0;0;0;0;0;0;0;0;0;0;2411;52345;205;2306;2134;19097;0;0;0;0;0;0
2011;484,00;0;466;210;1285;0;0;0;0;0;0;929;13299;0;0;0;0;0;0;0;0;0;0
2011;554,00;0;249;0;0;0;0;0;0;0;0;3119;70097;0;0;124;3308;0;0;0;0;0;0
2011;209,00;0;0;0;0;0;0;0;0;0;0;0;0;0;0;0;0;0;0;0;0;0;0
2011;707,00;1981;1820;0;0;0;0;0;0;0;0;0;145740;0;11192;0;13317;955;12029;0;0;0;0
2011;395,00;0;0;0;0;0;0;0;0;0;0;1344;15291;0;0;0;0;0;0;0;0;0;0
2011;969,00;0;0;0;0;0;0;0;0;0;0;1025;49419;0;0;0;0;0;0;0;0;0;0
2011;1052,00;0;0;0;0;0;0;0;0;0;0;0;0;0;0;0;0;0;0;0;0;0;0
2011;739,00;2012;5961;496;821;1312;16566;0;0;371;596;14027;307788;1213;4465;3194;13688;856;5448;0;0;0;0
2011;613,00;704;2167;300;437;0;0;0;0;0;0;4927;96068;3592;3592;0;0;1151;8619;0;0;0;0
2011;593,00;0;505;0;0;0;0;0;0;0;0;42549;389652;0;0;0;0;0;0;0;0;0;0
2011;704,00;10257;2572;0;0;1122;23198;0;0;0;0;2351;239180;349;2955;433;6164;853;7272;0;0;62;677
2011;493,00;0;0;0;0;0;0;0;0;0;0;1813;14994;0;0;0;0;0;0;0;0;0;0
2011;686,00;1599;1452;0;0;991;20847;0;0;0;0;2156;80740;117;1365;172;3257;1132;7342;82;647;193;665
2011;257,00;119;192;0;0;0;0;0;0;0;0;0;0;0;0;0;0;54;7947;0;0;0;0
2011;494,00;0;0;0;0;0;0;0;0;0;0;1347;1602;0;0;0;0;62;140;0;0;0;0
2011;681,00;0;2346;0;0;907;19018;0;0;614;626;300;1980;0;0;0;0;9;56;0;0;0;0
2011;286,00;33;0;241;0;1124;839;0;0;363;1324;0;0;0;0;0;0;88;16350;0;0;0;0
2011;255,00;257;79;0;0;0;0;0;0;0;0;6001;39502;74;852;0;0;6;102;0;0;0;0
2011;79,00;0;0;0;0;0;0;0;0;0;0;0;0;0;0;0;0;0;0;0;0;0;0
2011;81,00;0;0;0;0;0;0;0;0;0;0;0;0;0;0;0;0;0;0;0;0;0;0
2011;688,00;0;418;0;0;0;0;0;0;0;0;7189;281863;0;0;0;0;40;5726;0;0;16;3310
2011;531,00;0;880;0;0;0;0;0;0;0;0;8141;101168;0;0;0;0;54;7677;0;0;20;3650
2011;514,00;0;0;0;0;0;0;0;0;0;0;1293;82418;0;0;0;0;0;0;0;0;0;0
2011;499,00;0;186;0;0;0;0;0;0;0;0;246;11124;57;777;29;953;0;0;0;0;0;0
2011;532,00;0;456;0;0;0;0;0;0;0;0;4931;105213;0;0;0;0;0;0;0;0;0;0
2011;190,00;0;0;0;0;0;0;0;0;0;0;1607;13825;262;2062;806;5719;0;0;0;0;0;0
2011;598,00;0;135;0;0;0;0;0;0;0;0;3141;136069;0;0;0;0;0;0;0;0;0;0
2011;260,00;20;699;0;0;0;0;0;0;0;0;0;0;0;0;0;0;10;202;0;0;0;0
2011;838,00;0;0;0;0;0;0;0;0;0;0;320;2400;0;0;0;0;0;0;0;0;0;0
2011;839,00;0;0;0;0;0;0;0;0;0;0;183;7921;183;4879;183;6822;0;0;0;0;0;0
2011;851,00;0;0;0;0;0;0;0;0;0;0;0;0;0;0;0;0;0;0;0;0;0;0
2011;852,00;992;1978;838;978;1266;22705;0;0;0;0;13972;492316;627;2194;0;0;117;18448;0;0;23;33580
2011;988,00;0;0;0;0;0;0;0;0;0;0;897;33997;179;3950;718;8129;0;0;0;0;0;0
2011;1056,00;375;693;0;0;0;0;0;0;0;0;1982;45506;479;2250;0;0;121;7909;0;0;20;359
2011;1044,00;0;0;0;0;0;0;0;0;0;0;161;1594;1;1;1;1;0;0;0;0;0;0
2011;644,00;0;2404;0;0;0;0;0;0;0;0;13371;160450;0;0;37;584;27;7417;1;276;13;4859
2011;752,00;4381;2578;0;0;1096;21740;0;0;206;293;11440;500596;0;0;0;0;46;7349;0;0;9;2998
2011;238,00;0;0;0;0;0;0;0;0;0;0;591;2541;0;0;0;0;0;0;0;0;0;0
2011;325,00;0;0;0;0;0;0;0;0;0;0;59;3689;71;4188;50;3313;0;0;0;0;0;0
2011;622,00;0;384;0;0;0;0;0;0;0;0;7294;53370;0;0;0;0;0;0;0;0;0;0
2011;879,00;0;0;0;0;0;0;0;0;0;0;0;0;0;0;0;0;0;0;0;0;0;0
2011;906,00;163;0;0;0;1118;27748;0;0;0;0;0;0;0;0;0;0;0;0;0;0;0;0
2011;370,00;0;0;0;0;0;0;0;0;0;0;2446;17641;0;0;0;0;0;0;0;0;0;0
2011;418,00;0;0;110;336;0;0;0;0;0;0;427;24928;0;0;0;0;0;0;0;0;0;0
2011;574,00;0;0;0;0;0;0;0;0;0;0;1301;34555;0;0;0;0;0;0;0;0;0;0
2011;399,00;0;0;0;0;0;0;0;0;0;0;0;0;0;0;0;0;0;0;0;0;0;0
2011;195,00;0;0;0;0;0;0;0;0;0;0;0;0;0;0;0;0;0;0;0;0;0;0
2011;783,00;2233;3440;0;0;1014;23612;0;0;0;0;375;3081;110;2493;3922;92624;144;9517;0;0;36;890
2011;188,00;1409;809;0;0;477;10206;0;0;0;0;0;0;0;0;0;0;0;0;0;0;0;0
2011;263,00;0;0;0;0;0;0;0;0;0;0;1018;22751;0;0;0;0;0;0;0;0;0;0
2011;194,00;0;0;0;0;0;0;0;0;0;0;0;0;0;0;0;0;0;0;0;0;0;0
2011;214,00;0;0;0;0;0;0;0;0;0;0;0;0;0;0;0;0;0;0;0;0;0;0
2011;785,00;1467;2169;0;0;1373;26120;0;0;0;0;3800;258395;291;3536;250;10008;311;14719;0;0;65;13892
2011;780,00;0;0;0;0;0;0;0;0;0;0;1833;51954;0;0;0;0;0;0;0;0;0;0
2011;83,00;0;0;0;0;0;0;0;0;0;0;0;0;0;0;0;0;0;0;0;0;0;0
2011;782,00;779;528;597;700;0;0;0;0;0;0;1645;98480;0;0;0;0;191;14966;3;77;52;735
2011;369,00;0;0;0;0;0;0;0;0;0;0;11852;270214;2480;2480;7550;7550;0;0;0;0;0;0
2011;84,00;0;0;0;0;0;0;0;0;0;0;0;0;0;0;0;0;0;0;0;0;0;0
2011;713,00;0;0;0;0;0;0;0;0;0;0;6642;149342;29;1183;16;212;0;0;0;0;0;0
2011;85,00;0;0;0;0;0;0;0;0;0;0;0;0;0;0;0;0;0;0;0;0;0;0
2011;86,00;0;0;0;0;0;0;0;0;0;0;0;0;0;0;0;0;0;0;0;0;0;0
2011;941,00;0;0;0;0;0;0;0;0;0;0;0;0;0;0;0;0;0;0;0;0;0;0
2011;1045,00;29;19;0;0;55;908;0;0;0;0;567;4138;8;15;0;0;0;0;0;0;0;0
2011;937,00;0;1477;0;0;397;9783;0;0;0;0;3489;93740;1719;1772;0;1880;84;13028;0;0;25;8611
2011;1004,00;0;0;0;0;0;0;0;0;0;0;400;4125;0;0;0;0;0;0;0;0;0;0
2011;737,00;1523;960;738;759;822;27883;0;0;81;262;0;165249;166;5085;117;5752;77;12043;1;0;14;0
2011;765,00;2643;1141;0;0;862;13583;0;0;305;3778;12352;174782;2014;10065;2546;65469;92;14442;0;0;0;0
2011;329,00;0;494;0;0;0;0;0;0;0;0;0;20506;0;0;0;0;0;0;0;0;0;0
2011;87,00;0;0;0;0;0;0;0;0;0;0;76;2310;0;0;99;6076;0;0;0;0;0;0
2011;527,00;0;312;0;0;0;0;0;0;0;0;806;22464;0;0;2187;4830;0;0;0;0;0;0
2011;562,00;22;4;173;194;0;0;0;0;0;0;2252;68168;0;0;0;0;0;0;0;0;0;0
2011;251,00;92;182;0;0;0;0;0;0;0;0;0;0;0;0;0;0;0;0;0;0;0;0
2011;129,00;0;0;0;0;0;0;0;0;0;0;0;0;0;0;0;0;0;0;0;0;0;0
2011;154,00;0;0;0;0;0;0;0;0;0;0;1386;31937;0;0;424;8037;243;26648;0;0;0;0
2011;516,00;128;0;0;0;0;0;0;0;0;0;6823;44531;0;0;0;0;0;0;0;0;0;0
2011;184,00;0;0;0;0;0;0;0;0;0;0;0;0;0;0;0;0;0;0;0;0;0;0
2011;652,00;0;0;0;0;0;0;0;0;0;0;38829;125095;0;0;0;0;12;1592;0;0;0;0
2011;637,00;0;114;0;0;0;0;0;0;0;0;1040;53518;0;0;0;0;237;2817;0;0;0;0
2011;88,00;0;0;0;0;0;0;0;0;0;0;0;0;0;0;0;0;0;0;0;0;0;0
2011;907,00;0;0;0;0;0;0;0;0;0;0;0;0;0;0;0;0;0;0;0;0;0;0
2011;970,00;0;0;0;0;0;0;0;0;0;0;0;0;0;0;0;0;0;0;0;0;0;0
2011;1019,00;0;0;0;0;0;0;0;0;0;0;237;6179;0;0;0;0;0;0;0;0;0;0
2011;1016,00;58;17;0;0;0;0;0;0;0;0;10;62;0;0;0;0;0;0;0;0;0;0
2011;1047,00;0;0;0;0;0;0;0;0;0;0;0;1788;0;0;0;0;0;0;0;0;0;0
2011;635,00;0;0;0;0;0;0;0;0;0;0;2549;52570;0;0;0;0;64;9594;0;0;1;28
