"año";"NCODI";"Urg_altas";"Urg_ingresos";"Urg_traslados";"Urg_exitus";"Urg_total"
2011;781,00;96319;14539;233;26;111117
2011;779,00;42946;6700;79;9;49734
2011;113,00;0;0;0;0;0
2011;619,00;12101;391;0;0;12492
2011;163,00;1664;146;0;0;1810
2011;131,00;0;0;0;0;0
2011;375,00;395;168;151;0;714
2011;764,00;125468;17138;115;118;142839
2011;14,00;17001;364;534;0;17899
2011;657,00;29371;3033;314;32;32750
2011;362,00;8339;430;76;1;8846
2011;989,00;20815;2149;364;41;23369
2011;990,00;27258;3133;528;25;30944
2011;680,00;125855;19708;1904;84;147551
2011;411,00;33080;855;19;0;33954
2011;241,00;29686;2554;29;3;32272
2011;558,00;38539;7623;342;52;46556
2011;167,00;2243;62;10;0;2315
2011;248,00;6659;2303;86;4;9052
2011;224,00;17189;658;3;1;17851
2011;591,00;69087;12235;596;73;81991
2011;586,00;68582;13309;426;137;82454
2011;453,00;400;200;0;0;600
2011;145,00;0;0;0;0;0
2011;511,00;54566;10033;480;54;65133
2011;530,00;59948;11240;374;84;71646
2011;6,00;15073;997;0;0;16070
2011;161,00;0;0;0;0;0
2011;623,00;73180;12134;688;71;86073
2011;489,00;5432;443;50;0;5925
2011;875,00;25280;1924;66;1;27271
2011;908,00;0;0;0;0;0
2011;940,00;0;0;0;0;0
2011;946,00;23165;4653;119;4;27941
2011;1023,00;55465;11450;199;69;67183
2011;1054,00;46282;8478;235;98;55093
2011;1057,00;0;0;0;0;0
2011;1031,00;0;0;0;0;0
2011;1032,00;109122;9788;197;55;119162
2011;1064,00;1381;156;775;0;2312
2011;226,00;32723;1807;63;1;34594
2011;687,00;48697;6087;1134;114;56032
2011;745,00;148334;15607;1545;114;165600
2011;109,00;37806;1492;0;0;39298
2011;808,00;97401;10348;739;75;108563
2011;971,00;52222;515;1899;2;54638
2011;128,00;10416;387;0;0;10803
2011;919,00;29462;9259;252;43;39016
2011;725,00;124006;22087;4652;125;150870
2011;3,00;0;0;0;0;0
2011;386,00;0;35;0;0;35
2011;306,00;0;0;0;0;0
2011;15,00;7029;23;18;0;7070
2011;264,00;28052;2032;152;1;30237
2011;867,00;8827;0;0;0;8827
2011;910,00;35110;6780;739;59;42688
2011;1053,00;55692;9483;1439;73;66687
2011;1055,00;59151;11267;2369;109;72896
2011;529,00;0;0;0;0;0
2011;345,00;0;0;0;0;0
2011;515,00;10569;408;0;0;10977
2011;174,00;0;0;0;0;0
2011;523,00;0;0;0;0;0
2011;697,00;71044;8637;2;2;79685
2011;239,00;36457;4583;328;6;41374
2011;287,00;42195;3920;0;0;46115
2011;377,00;0;0;0;0;0
2011;692,00;43994;6514;80;48;50636
2011;335,00;0;0;0;0;0
2011;435,00;12628;1549;165;36;14378
2011;423,00;10364;1409;0;0;11773
2011;351,00;13659;3078;123;6;16866
2011;810,00;4223;184;15;1;4423
2011;830,00;57225;8777;407;38;66447
2011;892,00;88944;11872;973;97;101886
2011;921,00;68297;7503;62;4;75866
2011;991,00;14063;230;135;6;14434
2011;992,00;47171;5315;609;69;53164
2011;993,00;19372;4335;49;13;23769
2011;1071,00;110019;16465;759;115;127358
2011;473,00;22093;4355;53;0;26501
2011;663,00;104162;11578;3792;138;119670
2011;552,00;15193;33;1061;1;16288
2011;772,00;72902;13848;1698;473;88921
2011;568,00;5608;222;0;0;5830
2011;398,00;6022;1056;17;0;7095
2011;394,00;6559;365;2;0;6926
2011;614,00;0;0;0;0;0
2011;235,00;5395;180;19;0;5594
2011;616,00;42550;2112;2198;2;46862
2011;267,00;19091;2105;51;3;21250
2011;565,00;0;0;0;0;0
2011;220,00;11770;1483;50;1;13304
2011;278,00;14387;1185;81;2;15655
2011;107,00;0;0;0;0;0
2011;141,00;0;0;0;0;0
2011;711,00;102496;17583;16115;239;136433
2011;204,00;385;1;2;0;388
2011;579,00;103447;929;22;0;104398
2011;348,00;0;0;0;0;0
2011;766,00;15940;1142;360;2;17444
2011;761,00;0;0;0;0;0
2011;728,00;37074;5525;100;18;42717
2011;280,00;34234;1928;126;5;36293
2011;222,00;532;26;0;0;558
2011;276,00;61441;3661;75;1;65178
2011;11,00;17901;4048;21;4;21974
2011;302,00;21125;274;32;0;21431
2011;682,00;11554;1588;130;11;13283
2011;279,00;58918;4137;83;1;63139
2011;282,00;91404;5316;31;0;96751
2011;281,00;38214;7159;42;17;45432
2011;183,00;291;0;0;0;291
2011;610,00;12551;12;0;0;12563
2011;116,00;0;0;0;0;0
2011;115,00;0;0;0;0;0
2011;114,00;0;0;0;0;0
2011;126,00;0;0;0;0;0
2011;119,00;55;5;0;0;60
2011;770,00;87766;12004;1370;99;101239
2011;583,00;52706;3829;834;28;57397
2011;136,00;0;0;0;0;0
2011;469,00;24201;2341;174;14;26730
2011;642,00;46218;6733;1008;51;54010
2011;674,00;98938;10244;158;2;109342
2011;193,00;0;0;0;0;0
2011;526,00;104349;9587;1074;60;115070
2011;698,00;77786;10040;6166;226;94218
2011;630,00;51299;5815;544;32;57690
2011;124,00;0;0;0;0;0
2011;364,00;0;0;0;0;0
2011;604,00;111922;14052;1917;24;127915
2011;123,00;0;0;0;0;0
2011;310,00;1803;1053;0;0;2856
2011;571,00;46565;4276;1276;37;52154
2011;296,00;4537;0;0;0;4537
2011;566,00;68830;3058;812;19;72719
2011;784,00;114012;16806;3525;326;134669
2011;102,00;0;0;0;0;0
2011;379,00;1440;938;565;0;2943
2011;639,00;79672;7237;1562;30;88501
2011;457,00;26277;1317;394;17;28005
2011;609,00;96847;9258;90;3;106198
2011;101,00;0;0;0;0;0
2011;454,00;43561;6503;746;30;50840
2011;318,00;2597;796;153;0;3546
2011;600,00;60817;6405;936;18;68176
2011;545,00;107520;8447;795;88;116850
2011;100,00;0;0;0;0;0
2011;702,00;104965;10638;343;152;116098
2011;778,00;49621;7566;344;27;57558
2011;341,00;4297;190;69;0;4556
2011;99,00;0;0;0;0;0
2011;767,00;36833;4774;1369;58;43034
2011;359,00;42808;61;1153;31;44053
2011;98,00;0;0;0;0;0
2011;132,00;0;0;0;0;0
2011;97,00;0;0;0;0;0
2011;103,00;0;0;0;0;0
2011;110,00;0;0;0;0;0
2011;94,00;0;0;0;0;0
2011;91,00;0;0;0;0;0
2011;664,00;93786;13197;757;148;107888
2011;918,00;169366;27780;4343;416;201905
2011;92,00;0;0;0;0;0
2011;93,00;0;0;0;0;0
2011;95,00;0;0;0;0;0
2011;96,00;0;0;0;0;0
2011;301,00;17497;2;32;0;17531
2011;492,00;51219;4162;1059;29;56469
2011;811,00;0;0;148;0;148
2011;812,00;0;0;0;0;0
2011;832,00;0;0;0;0;0
2011;841,00;0;0;0;0;0
2011;856,00;0;0;0;0;0
2011;859,00;0;0;0;0;0
2011;861,00;0;0;0;0;0
2011;880,00;0;0;0;0;0
2011;883,00;0;0;0;0;0
2011;884,00;0;0;0;0;0
2011;877,00;0;0;0;0;0
2011;911,00;0;0;0;0;0
2011;913,00;0;0;0;0;0
2011;922,00;11922;677;9;0;12608
2011;923,00;0;0;0;0;0
2011;924,00;0;0;0;0;0
2011;947,00;0;0;0;0;0
2011;951,00;0;0;0;0;0
2011;972,00;0;0;0;0;0
2011;973,00;4587;73;2;0;4662
2011;974,00;0;0;0;0;0
2011;975,00;0;0;0;0;0
2011;960,00;0;0;0;0;0
2011;1027,00;0;0;0;0;0
2011;1028,00;0;0;0;0;0
2011;976,00;990;421;135;0;1546
2011;977,00;0;0;0;0;0
2011;1020,00;0;0;0;0;0
2011;994,00;53812;5983;631;21;60447
2011;995,00;0;0;0;0;0
2011;1060,00;307;234;55;0;596
2011;1005,00;0;0;0;0;0
2011;1061,00;0;0;0;0;0
2011;1006,00;0;0;0;0;0
2011;1088,00;0;0;0;0;0
2011;1089,00;12993;589;74;0;13656
2011;1076,00;0;0;0;0;0
2011;1078,00;0;0;0;0;0
2011;1033,00;48044;6786;693;116;55639
2011;1036,00;0;0;0;0;0
2011;1037,00;0;0;0;0;0
2011;1039,00;0;0;0;0;0
2011;1065,00;0;0;0;0;0
2011;1066,00;17438;574;79;3;18094
2011;207,00;15695;347;178;0;16220
2011;431,00;0;0;0;0;0
2011;387,00;20803;3755;511;22;25091
2011;179,00;0;0;0;0;0
2011;606,00;23126;4168;356;16;27666
2011;925,00;102367;19975;28;71;122441
2011;541,00;12536;2375;530;22;15463
2011;797,00;15503;2539;358;33;18433
2011;627,00;32155;6595;316;36;39102
2011;173,00;83;12;0;0;95
2011;636,00;68197;11164;870;112;80343
2011;205,00;2293;21;61;0;2375
2011;814,00;106;106;0;2;214
2011;881,00;12320;525;377;0;13222
2011;771,00;119982;10358;837;70;131247
2011;533,00;4650;181;0;0;4831
2011;447,00;5368;2803;140;3;8314
2011;815,00;0;42;0;0;42
2011;801,00;131164;11355;973;100;143592
2011;800,00;4314;1993;57;8;6372
2011;389,00;58529;6854;340;8;65731
2011;759,00;2594;545;48;2;3189
2011;695,00;74343;10236;870;61;85510
2011;816,00;40256;3991;278;26;44551
2011;833,00;60522;4780;428;30;65760
2011;870,00;28946;1115;53;2;30116
2011;927,00;14272;369;5;0;14646
2011;961,00;166253;10286;1438;158;178135
2011;962,00;12427;768;15;0;13210
2011;1079,00;1334;6;2;0;1342
2011;666,00;82684;14253;751;64;97752
2011;392,00;0;0;0;0;0
2011;790,00;9374;1606;200;0;11180
2011;650,00;30260;3920;369;40;34589
2011;876,00;50585;9403;697;64;60749
2011;944,00;0;57;0;0;57
2011;952,00;38581;1877;0;0;40458
2011;54,00;0;0;0;0;0
2011;538,00;46378;8343;313;86;55120
2011;557,00;24201;3198;161;17;27577
2011;653,00;37566;5136;349;56;43107
2011;647,00;31439;4014;525;39;36017
2011;208,00;7824;2;259;0;8085
2011;978,00;74860;14314;2;47;89223
2011;996,00;30041;2685;477;54;33257
2011;729,00;173837;18645;3112;283;195877
2011;182,00;27562;2159;86;5;29812
2011;633,00;24500;105;0;0;24605
2011;685,00;44656;8401;406;36;53499
2011;683,00;24923;3756;347;59;29085
2011;945,00;43478;2469;700;21;46668
2011;953,00;8576;4;0;0;8580
2011;1022,00;39048;471;1973;32;41524
2011;1049,00;18921;378;1613;19;20931
2011;794,00;133711;25864;1201;465;161241
2011;415,00;69;51;5;0;125
2011;592,00;34462;1722;18;2;36204
2011;497,00;9551;766;12;0;10329
2011;726,00;56898;9940;1839;91;68768
2011;272,00;15007;972;254;2;16235
2011;805,00;123414;21594;254;179;145441
2011;5,00;0;0;0;0;0
2011;234,00;23094;686;247;0;24027
2011;64,00;0;0;0;0;0
2011;842,00;23813;2945;1206;26;27990
2011;843,00;13757;1930;682;44;16413
2011;1025,00;71250;2921;153;3;74327
2011;803,00;44975;10264;81;41;55361
2011;211,00;10047;229;185;0;10461
2011;773,00;50134;10706;3983;105;64928
2011;424,00;12834;511;10;0;13355
2011;298,00;17798;2103;124;2;20027
2011;594,00;6931;324;13;0;7268
2011;237,00;17426;110;272;3;17811
2011;16,00;0;0;0;0;0
2011;768,00;10285;1273;296;7;11861
2011;617,00;60390;6212;932;91;67625
2011;297,00;6841;1541;94;0;8476
2011;105,00;0;0;0;0;0
2011;544,00;28528;1590;445;19;30582
2011;804,00;51041;4767;620;40;56468
2011;470,00;15176;1100;247;2;16525
2011;104,00;0;0;0;0;0
2011;20,00;0;0;0;0;0
2011;550,00;37087;3284;1082;41;41494
2011;112,00;0;0;0;0;0
2011;818,00;0;0;0;0;0
2011;914,00;0;0;0;0;0
2011;928,00;0;0;0;0;0
2011;964,00;41429;6004;482;25;47940
2011;1026,00;0;0;0;0;0
2011;1068,00;0;0;0;0;0
2011;738,00;129554;12470;697;139;142860
2011;404,00;0;0;0;0;0
2011;274,00;43887;1253;31;5;45176
2011;270,00;44485;1608;27;3;46123
2011;676,00;53209;2946;238;74;56467
2011;709,00;67409;5645;610;87;73751
2011;754,00;219776;19262;4322;265;243625
2011;997,00;51476;2392;2598;8;56474
2011;734,00;80098;11311;60;59;91528
2011;299,00;10050;137;16;0;10203
2011;645,00;0;0;0;0;0
2011;17,00;0;0;0;0;0
2011;1046,00;0;0;0;0;0
2011;420,00;1722;112;0;0;1834
2011;802,00;0;0;0;0;0
2011;266,00;15777;1574;0;0;17351
2011;580,00;5890;428;14;1;6333
2011;137,00;6692;343;0;0;7035
2011;769,00;0;0;0;0;0
2011;776,00;39120;3373;707;15;43215
2011;640,00;32785;2587;599;14;35985
2011;315,00;0;0;0;0;0
2011;40,00;0;0;0;0;0
2011;508,00;11667;2384;195;4;14250
2011;46,00;0;0;0;0;0
2011;590,00;29781;4577;657;24;35039
2011;777,00;25930;3712;571;16;30229
2011;897,00;103332;22323;252;128;126035
2011;965,00;0;0;0;0;0
2011;671,00;44103;8971;943;47;54064
2011;461,00;7680;1476;248;0;9404
2011;376,00;11499;388;38;0;11925
2011;621,00;21927;3226;243;61;25457
2011;793,00;103985;13110;1168;171;118434
2011;324,00;5592;118;0;0;5710
2011;712,00;26429;6825;162;32;33448
2011;32,00;0;0;0;0;0
2011;361,00;0;0;0;0;0
2011;486,00;7353;570;21;0;7944
2011;595,00;26517;4837;229;40;31623
2011;433,00;9615;1145;411;4;11175
2011;1058,00;335;264;64;2;665
2011;261,00;17119;847;490;0;18456
2011;730,00;72439;6039;809;72;79359
2011;577,00;35192;6076;703;62;42033
2011;788,00;125319;16154;2157;84;143714
2011;865,00;51253;3147;303;14;54717
2011;979,00;15971;492;1373;2;17838
2011;998,00;19550;257;823;6;20636
2011;221,00;2580;592;2;3;3177
2011;462,00;695;262;21;0;978
2011;506,00;16396;305;504;5;17210
2011;727,00;41544;9503;282;59;51388
2011;355,00;1676;52;0;0;1728
2011;487,00;1545;191;92;1;1829
2011;938,00;98410;19419;5548;160;123537
2011;886,00;2317;84;10;0;2411
2011;835,00;6878;498;20;0;7396
2011;999,00;0;0;0;0;0
2011;798,00;68341;15021;1930;182;85474
2011;504,00;3315;2130;105;3;5553
2011;247,00;9506;1053;12;0;10571
2011;216,00;12405;815;15;0;13235
2011;654,00;12446;1632;65;1;14144
2011;65,00;0;0;0;0;0
2011;472,00;13997;1271;133;4;15405
2011;427,00;0;0;0;0;0
2011;491,00;7019;1389;216;9;8633
2011;551,00;12014;538;95;3;12650
2011;106,00;0;0;0;0;0
2011;819,00;0;0;0;0;0
2011;836,00;0;0;0;0;0
2011;915,00;0;0;0;0;0
2011;942,00;0;0;0;0;0
2011;748,00;81904;16266;104;44;98318
2011;198,00;0;0;0;0;0
2011;871,00;14460;2660;563;12;17695
2011;948,00;20031;761;3;0;20795
2011;1051,00;0;0;0;0;0
2011;1083,00;0;0;0;0;0
2011;679,00;74902;14313;245;159;89619
2011;176,00;7376;542;34;0;7952
2011;537,00;10005;731;285;1;11022
2011;608,00;19606;4021;194;64;23885
2011;596,00;11333;3495;366;44;15238
2011;749,00;119177;17857;789;217;138040
2011;758,00;210327;24445;2176;389;237337
2011;724,00;80702;17049;4174;137;102062
2011;436,00;0;0;0;0;0
2011;567,00;5208;520;194;0;5922
2011;677,00;80608;9592;465;81;90746
2011;670,00;75339;3896;40;1;79276
2011;588,00;0;0;0;0;0
2011;446,00;0;0;0;0;0
2011;753,00;205666;30740;205;159;236770
2011;887,00;182;678;37;0;897
2011;388,00;0;0;0;0;0
2011;585,00;11145;391;0;0;11536
2011;245,00;18776;3731;48;2;22557
2011;603,00;123716;4019;654;1;128390
2011;426,00;0;0;0;0;0
2011;232,00;10759;1456;7;0;12222
2011;288,00;13828;540;21;4;14393
2011;246,00;0;0;0;0;0
2011;284,00;8878;1155;0;0;10033
2011;18,00;0;0;0;0;0
2011;356,00;953;704;0;0;1657
2011;401,00;0;0;0;0;0
2011;733,00;100264;17467;223;94;118048
2011;243,00;23132;1172;14;0;24318
2011;380,00;0;0;0;0;0
2011;716,00;34643;1541;288;2;36474
2011;534,00;61850;3128;192;0;65170
2011;185,00;3383;310;6;0;3699
2011;258,00;4080;1051;0;18;5149
2011;505,00;5469;790;14;2;6275
2011;268,00;0;0;0;0;0
2011;602,00;0;0;0;0;0
2011;254,00;26687;2753;68;4;29512
2011;705,00;55351;3257;486;10;59104
2011;133,00;7768;1705;7;0;9480
2011;33,00;0;0;0;0;0
2011;143,00;531;145;0;0;676
2011;36,00;0;0;0;0;0
2011;756,00;48559;6738;362;0;55659
2011;662,00;120644;14879;790;91;136404
2011;192,00;0;0;0;0;0
2011;382,00;0;0;0;0;0
2011;322,00;0;0;0;0;0
2011;478,00;10375;549;377;0;11301
2011;352,00;0;0;0;0;0
2011;628,00;95884;10632;216;112;106844
2011;291,00;0;0;0;0;0
2011;495,00;5750;637;0;0;6387
2011;845,00;104363;11369;149;34;115915
2011;498,00;35772;2607;1115;57;39551
2011;314,00;0;0;0;0;0
2011;720,00;24949;3354;25;0;28328
2011;721,00;92818;12726;431;63;106038
2011;485,00;0;0;0;0;0
2011;273,00;69419;5422;413;21;75275
2011;846,00;104567;13298;86;154;118105
2011;847,00;25640;511;0;0;26151
2011;848,00;57697;6297;129;0;64123
2011;864,00;0;0;0;0;0
2011;916,00;1534;968;4;0;2506
2011;930,00;83110;3298;90;10;86508
2011;954,00;118708;10559;517;27;129811
2011;943,00;66105;4275;96;2;70478
2011;949,00;187757;26450;1574;258;216039
2011;980,00;111298;5182;572;5;117057
2011;981,00;10633;928;0;0;11561
2011;1024,00;67784;5527;2;0;73313
2011;1017,00;0;0;0;0;0
2011;1000,00;64617;5489;253;3;70362
2011;1018,00;74543;5342;563;58;80506
2011;1001,00;32777;1335;14;0;34126
2011;1007,00;101611;8575;643;66;110895
2011;1008,00;70844;7184;29;6;78063
2011;1009,00;98245;9913;1139;22;109319
2011;1010,00;64828;5283;168;26;70305
2011;1011,00;45253;3265;250;18;48786
2011;1012,00;86220;6617;119;40;92996
2011;1013,00;132424;17946;278;172;150820
2011;1041,00;0;0;0;0;0
2011;1073,00;16529;1495;54;2;18080
2011;789,00;0;0;0;0;0
2011;326,00;0;0;0;0;0
2011;442,00;43759;2332;0;1;46092
2011;294,00;40768;2199;38;24;43029
2011;378,00;17304;1015;60;0;18379
2011;402,00;9709;159;0;0;9868
2011;29,00;0;0;0;0;0
2011;450,00;641;8;0;0;649
2011;656,00;56104;4677;411;69;61261
2011;333,00;63788;3297;2074;0;69159
2011;668,00;37273;3652;321;82;41328
2011;684,00;75697;5219;617;112;81645
2011;422,00;0;198;0;0;198
2011;763,00;309185;23635;424;148;333392
2011;741,00;137407;14074;801;290;152572
2011;553,00;97879;12610;620;152;111261
2011;357,00;606;1465;3;0;2074
2011;899,00;0;0;0;0;0
2011;900,00;132;9;4;7;152
2011;932,00;0;0;0;0;0
2011;950,00;0;0;0;0;0
2011;966,00;15999;1882;14;0;17895
2011;967,00;0;0;0;0;0
2011;982,00;46859;3692;47;1;50599
2011;1014,00;55342;54;1677;1;57074
2011;1048,00;0;0;0;0;0
2011;1080,00;55178;2654;0;0;57832
2011;722,00;170640;26010;2933;105;199688
2011;660,00;86138;7993;1001;56;95188
2011;75,00;207;375;0;0;582
2011;249,00;37163;2226;4;4;39397
2011;275,00;0;0;0;0;0
2011;227,00;59593;1783;74;2;61452
2011;150,00;0;0;0;0;0
2011;47,00;0;0;0;0;0
2011;172,00;4626;0;0;0;4626
2011;581,00;39320;3763;345;43;43471
2011;120,00;0;0;0;0;0
2011;445,00;0;0;0;0;0
2011;471,00;9497;835;162;1;10495
2011;53,00;0;0;0;0;0
2011;199,00;3203;7;0;0;3210
2011;575,00;52286;5351;698;29;58364
2011;528,00;20339;3369;288;18;24014
2011;631,00;64746;7863;908;71;73588
2011;699,00;67746;10488;765;63;79062
2011;823,00;11667;79;8;0;11754
2011;849,00;27428;2360;290;23;30101
2011;869,00;51463;1931;1386;9;54789
2011;955,00;0;0;0;0;0
2011;983,00;0;0;0;0;0
2011;1002,00;0;0;0;0;0
2011;1015,00;120102;17304;734;107;138247
2011;51,00;0;0;0;0;0
2011;441,00;0;0;0;0;0
2011;327,00;0;0;0;0;0
2011;690,00;9860;1850;0;0;11710
2011;262,00;10768;2036;39;4;12847
2011;403,00;0;0;0;0;0
2011;312,00;0;0;0;0;0
2011;589,00;21504;3132;459;17;25112
2011;665,00;42617;5626;446;26;48715
2011;334,00;0;0;0;0;0
2011;1075,00;137157;28034;7610;89;172890
2011;751,00;86986;19745;396;171;107298
2011;186,00;32698;381;144;0;33223
2011;646,00;9612;2422;240;30;12304
2011;536,00;13559;1758;441;30;15788
2011;242,00;4901;352;37;0;5290
2011;490,00;0;0;0;0;0
2011;500,00;15306;1589;15;0;16910
2011;206,00;0;0;0;0;0
2011;58,00;0;56;0;0;56
2011;572,00;55122;12132;980;40;68274
2011;180,00;0;0;0;0;0
2011;549,00;11206;2017;187;8;13418
2011;582,00;17166;3038;347;30;20581
2011;743,00;81775;14429;1473;131;97808
2011;795,00;0;0;0;0;0
2011;269,00;3652;34;23;0;3709
2011;634,00;23706;5143;552;15;29416
2011;1,00;10468;575;105;0;11148
2011;717,00;26980;5887;479;32;33378
2011;373,00;1140;0;0;0;1140
2011;535,00;21552;4954;376;26;26908
2011;824,00;121230;21558;2368;148;145304
2011;888,00;17597;2450;528;21;20596
2011;902,00;0;0;0;0;0
2011;968,00;0;0;0;0;0
2011;346,00;0;3;0;0;3
2011;27,00;0;0;0;0;0
2011;165,00;6028;232;97;0;6357
2011;956,00;32085;10843;298;51;43277
2011;413,00;0;0;0;0;0
2011;149,00;0;0;0;0;0
2011;612,00;38581;1904;559;0;41044
2011;559,00;2669;195;0;0;2864
2011;7,00;2910;0;1;0;2911
2011;283,00;37980;1242;232;4;39458
2011;37,00;0;0;0;0;0
2011;153,00;58391;763;88;0;59242
2011;547,00;53861;6194;132;36;60223
2011;397,00;0;0;0;0;0
2011;556,00;34481;3696;80;46;38303
2011;42,00;0;33;0;0;33
2011;31,00;0;0;0;0;0
2011;740,00;134626;18315;861;221;154023
2011;217,00;23101;3505;209;3;26818
2011;863,00;10007;1437;67;2;11513
2011;889,00;76712;10072;838;285;87907
2011;984,00;25170;2653;680;14;28517
2011;34,00;0;0;0;0;0
2011;791,00;17998;2633;74;2;20707
2011;181,00;0;0;0;0;0
2011;430,00;527;119;0;0;646
2011;715,00;73825;10306;502;34;84667
2011;521,00;5436;793;29;0;6258
2011;524,00;25637;2283;80;6;28006
2011;432,00;3273;120;2;0;3395
2011;19,00;0;0;0;0;0
2011;25,00;0;0;0;0;0
2011;26,00;0;0;0;0;0
2011;890,00;75001;13620;746;98;89465
2011;904,00;32685;3465;1037;41;37228
2011;957,00;167360;24577;1532;191;193660
2011;939,00;133829;19208;51;109;153197
2011;236,00;25575;1678;257;0;27510
2011;735,00;142769;15987;3075;320;162151
2011;146,00;0;0;0;0;0
2011;363,00;0;0;0;0;0
2011;187,00;6570;531;46;0;7147
2011;265,00;10371;389;21;0;10781
2011;295,00;14307;706;8;0;15021
2011;496,00;41361;11296;3400;42;56099
2011;77,00;0;0;0;0;0
2011;391,00;1347;552;0;0;1899
2011;240,00;27518;5024;4016;57;36615
2011;448,00;7357;783;137;13;8290
2011;151,00;0;0;0;0;0
2011;425,00;5938;192;129;13;6272
2011;300,00;13705;460;17;0;14182
2011;339,00;24726;1712;72;3;26513
2011;826,00;0;0;0;0;0
2011;874,00;22647;4237;29;50;26963
2011;905,00;66189;11315;2204;212;79920
2011;736,00;166231;21708;103;361;188403
2011;459,00;8793;52;0;0;8845
2011;320,00;0;0;0;0;0
2011;45,00;0;0;0;0;0
2011;292,00;0;0;0;0;0
2011;618,00;35402;4148;864;56;40470
2011;463,00;80851;7606;778;142;89377
2011;891,00;27370;1918;246;3;29537
2011;958,00;42535;8032;85;50;50702
2011;244,00;8187;175;239;0;8601
2011;28,00;0;0;0;0;0
2011;444,00;5411;360;1;0;5772
2011;479,00;0;0;0;0;0
2011;285,00;38689;1587;34;30;40340
2011;253,00;63333;2595;7;22;65957
2011;481,00;35637;1602;17;24;37280
2011;540,00;40025;5285;225;0;45535
2011;332,00;0;0;0;0;0
2011;41,00;0;0;0;0;0
2011;510,00;31707;1197;16;0;32920
2011;305,00;40232;313;1782;16;42343
2011;708,00;62018;5477;464;101;68060
2011;755,00;278290;24989;3520;566;307365
2011;750,00;197188;20620;996;239;219043
2011;696,00;112323;15495;893;146;128857
2011;434,00;48939;671;1427;9;51046
2011;421,00;15332;799;0;0;16131
2011;827,00;0;0;0;0;0
2011;933,00;91350;5806;1002;74;98232
2011;1030,00;76338;3190;38;0;79566
2011;1003,00;65465;30;1896;15;67406
2011;1050,00;17495;175;1074;0;18744
2011;1043,00;21030;1535;17;0;22582
2011;934,00;22095;5925;98;37;28155
2011;629,00;73662;9450;833;81;84026
2011;21,00;0;0;0;0;0
2011;615,00;57357;5368;301;22;63048
2011;626,00;11045;629;8;0;11682
2011;417,00;5250;48;0;0;5298
2011;597,00;13751;1931;226;16;15924
2011;539,00;65886;9581;611;71;76149
2011;343,00;15965;700;176;0;16841
2011;135,00;0;0;0;0;0
2011;158,00;3358;780;0;0;4138
2011;775,00;33793;7377;517;43;41730
2011;177,00;0;0;0;0;0
2011;578,00;16482;510;66;0;17058
2011;416,00;19897;312;77;0;20286
2011;561,00;32101;2350;364;120;34935
2011;828,00;0;0;0;0;0
2011;860,00;33080;580;710;5;34375
2011;935,00;0;0;0;0;0
2011;936,00;0;0;0;0;0
2011;986,00;950;208;0;0;1158
2011;987,00;69290;3941;1159;132;74522
2011;1021,00;0;0;0;0;0
2011;658,00;25688;4741;205;20;30654
2011;353,00;0;0;0;0;0
2011;323,00;0;0;0;0;0
2011;620,00;21240;3548;219;22;25029
2011;384,00;0;0;0;0;0
2011;484,00;2774;683;0;0;3457
2011;554,00;62038;9948;372;101;72459
2011;209,00;12195;78;193;0;12466
2011;707,00;127191;25571;1102;113;153977
2011;395,00;4647;51;0;0;4698
2011;969,00;24287;465;127;1;24880
2011;1052,00;0;0;0;0;0
2011;739,00;168416;22906;4416;76;195814
2011;613,00;121668;18995;449;110;141222
2011;593,00;62096;9421;823;82;72422
2011;704,00;144029;14286;1030;115;159460
2011;493,00;0;0;0;0;0
2011;686,00;128650;15817;988;114;145569
2011;257,00;58703;3552;0;3;62258
2011;494,00;161;0;6;0;167
2011;681,00;5115;1478;0;6;6599
2011;286,00;32163;2129;459;0;34751
2011;255,00;55949;2217;30;0;58196
2011;79,00;0;0;0;0;0
2011;81,00;0;0;0;0;0
2011;688,00;58890;9722;668;69;69349
2011;531,00;51300;7991;525;82;59898
2011;514,00;25470;1777;350;27;27624
2011;499,00;7445;1637;0;0;9082
2011;532,00;52040;7510;802;50;60402
2011;190,00;0;0;0;0;0
2011;598,00;23547;2527;475;47;26596
2011;260,00;98978;8538;133;2;107651
2011;838,00;17856;531;212;0;18599
2011;839,00;6634;34;22;0;6690
2011;851,00;0;0;0;0;0
2011;852,00;93789;13701;205;107;107802
2011;988,00;0;0;0;0;0
2011;1056,00;73559;9615;323;48;83545
2011;1044,00;0;0;0;0;0
2011;644,00;108019;14824;305;38;123186
2011;752,00;84121;13711;332;63;98227
2011;238,00;19751;714;84;0;20549
2011;325,00;0;0;0;0;0
2011;622,00;22891;3348;434;15;26688
2011;879,00;8545;280;10;2;8837
2011;906,00;50111;496;10;2;50619
2011;370,00;1338;4416;44;41;5839
2011;418,00;6870;692;14;0;7576
2011;574,00;11269;127;0;0;11396
2011;399,00;0;0;0;0;0
2011;195,00;3499;0;0;0;3499
2011;783,00;108926;22542;0;0;131468
2011;188,00;42214;3888;627;0;46729
2011;263,00;15174;1422;187;1;16784
2011;194,00;5924;17;0;0;5941
2011;214,00;3305;48;0;0;3353
2011;785,00;178072;26355;2944;362;207733
2011;780,00;31158;2931;426;25;34540
2011;83,00;0;0;0;0;0
2011;782,00;67323;10904;820;159;79206
2011;369,00;0;0;0;0;0
2011;84,00;0;0;0;0;0
2011;713,00;37694;87;119;10;37910
2011;85,00;0;0;0;0;0
2011;86,00;0;0;0;0;0
2011;941,00;398;190;10;0;598
2011;1045,00;15977;891;7;0;16875
2011;937,00;63706;14008;385;59;78158
2011;1004,00;5750;353;114;1;6218
2011;737,00;107010;15841;308;103;123262
2011;765,00;163858;26433;1407;222;191920
2011;329,00;61509;5814;840;59;68222
2011;87,00;0;0;0;0;0
2011;527,00;12640;595;445;8;13688
2011;562,00;23776;1135;2;57;24970
2011;251,00;24868;1398;0;0;26266
2011;129,00;0;0;0;0;0
2011;154,00;0;0;0;0;0
2011;516,00;47745;4827;0;0;52572
2011;184,00;12148;12;0;0;12160
2011;652,00;6401;1704;51;0;8156
2011;637,00;20480;2799;234;15;23528
2011;88,00;0;0;0;0;0
2011;907,00;0;0;0;0;0
2011;970,00;0;0;0;0;0
2011;1019,00;1026;435;256;4;1721
2011;1016,00;28418;796;0;0;29214
2011;1047,00;51004;5747;19;32;56802
2011;635,00;54985;5338;15;31;60369
