"año";"NCODI";"inver_iIntangible";"inver_IMaterial";"inver_IMterrenos";"inver_IMresto";"inver_Otras";"inver_Total"
2011;781,00;241635;6292890;0;6292890;0;6534525
2011;779,00;7632;1067671;0;1067671;0;1075303
2011;113,00;0;199998;0;199998;0;199998
2011;619,00;60708;1155436;166227;989209;0;1216144
2011;163,00;0;125583;0;125583;0;125583
2011;131,00;1116;39265;0;39265;0;40381
2011;375,00;0;95724;0;95724;0;95724
2011;764,00;119353;45039;0;45039;0;164392
2011;14,00;16630;83752;;83752;0;100382
2011;657,00;0;34459;0;34459;0;34459
2011;362,00;0;953529;0;953529;0;953529
2011;989,00;;0;;;11573;11573
2011;990,00;0;17322;0;17322;0;17322
2011;680,00;0;1129755;0;1129755;0;1129755
2011;411,00;0;7831261;0;7831261;0;7831261
2011;241,00;71039;445540;0;445540;0;516579
2011;558,00;0;758530;0;758530;0;758530
2011;167,00;0;0;0;0;0;0
2011;248,00;1168979;2855792;1458013;1397779;78774;4103545
2011;224,00;66720;9326523;230073;9096450;0;9393243
2011;591,00;442312;5153089;0;5153089;0;5595401
2011;586,00;0;574210;0;574210;0;574210
2011;453,00;0;120000;79803;40197;0;120000
2011;145,00;0;0;0;0;0;0
2011;511,00;0;209446;0;209446;0;209446
2011;530,00;0;171360;0;171360;383769;555129
2011;6,00;20707;601985;0;601985;9945744;10568436
2011;161,00;0;3307;0;3307;0;3307
2011;623,00;0;458552;166075;292477;0;458552
2011;489,00;0;2600;0;2600;0;2600
2011;875,00;30110;746678;0;746678;0;776788
2011;908,00;0;1725;0;1725;0;1725
2011;940,00;0;1000;0;1000;0;1000
2011;946,00;95092;498869;0;498869;25641;619602
2011;1023,00;250379;1488866;0;1488866;0;1739245
2011;1054,00;272775;1276927;309762;967165;0;1549702
2011;1057,00;0;190624;0;190624;0;190624
2011;1031,00;3448;44792;0;44792;0;48240
2011;1032,00;659702;7619859;0;7619859;0;8279561
2011;1064,00;0;30091630;3030909;27060721;0;30091630
2011;226,00;108705;1649892;0;1649892;0;1758597
2011;687,00;0;0;0;0;0;0
2011;745,00;0;3221768;0;3221768;0;3221768
2011;109,00;9543;378526;0;378526;0;388069
2011;808,00;2072;1080763;0;1080763;;1082835
2011;971,00;0;83670;0;83670;;83670
2011;128,00;0;183156;0;183156;0;183156
2011;919,00;0;212098;0;212098;0;212098
2011;725,00;7302;1209100;0;1209100;0;1216402
2011;3,00;0;30644;0;30644;0;30644
2011;386,00;0;98968;0;98968;0;98968
2011;306,00;0;0;0;0;0;0
2011;15,00;0;31281;0;31281;0;31281
2011;264,00;0;924807;0;924807;0;924807
2011;867,00;0;0;0;0;35763;35763
2011;910,00;0;108131;0;108131;0;108131
2011;1053,00;0;233499;0;233499;0;233499
2011;1055,00;0;885046;0;885046;0;885046
2011;529,00;34725;7593;0;7593;0;42318
2011;345,00;39180;8907;0;8907;0;48087
2011;515,00;57458;362914;128726;234188;0;420372
2011;174,00;0;73122;0;73122;0;73122
2011;523,00;74267;163932;0;163932;2338871;2577070
2011;697,00;6005;287345;0;287345;0;293350
2011;239,00;0;2096046;0;2096046;0;2096046
2011;287,00;31985;277848;0;277848;9287624;9597457
2011;377,00;30274;4627;0;4627;0;34901
2011;692,00;0;0;0;0;0;0
2011;335,00;0;0;0;0;63632;63632
2011;435,00;;380541;380541;;;380541
2011;423,00;10203;4729127;0;4729127;0;4739330
2011;351,00;0;986126;0;986126;41489;1027615
2011;810,00;73009;1826473;0;1826473;;1899482
2011;830,00;1269;121458;0;121458;0;122727
2011;892,00;0;336495;0;336495;0;336495
2011;921,00;38554;1230982;0;1230982;2547731;3817267
2011;991,00;0;76950;0;76950;0;76950
2011;992,00;1726;116443;0;116443;0;118169
2011;993,00;0;43915;0;43915;0;43915
2011;1071,00;0;613249;0;613249;0;613249
2011;473,00;0;0;0;0;1;1
2011;663,00;142840;5228462;0;5228462;0;5371302
2011;552,00;0;57224;0;57224;0;57224
2011;772,00;1933055;6198939;0;6198939;15333358;23465352
2011;568,00;0;711654;0;711654;0;711654
2011;398,00;0;456923;0;456923;0;456923
2011;394,00;0;501619;0;501619;0;501619
2011;614,00;0;6722;0;6722;0;6722
2011;235,00;20986;1662403;0;1662403;0;1683389
2011;616,00;0;132414;0;132414;82231;214645
2011;267,00;6189;759329;0;759329;0;765518
2011;565,00;207990;279878;0;279878;0;487868
2011;220,00;13983;229410;0;229410;0;243393
2011;278,00;4675;1107410;0;1107410;691807;1803892
2011;107,00;21269;153487;0;153487;2649;177405
2011;141,00;0;438796;0;438796;0;438796
2011;711,00;124930;7236277;0;7236277;36445;7397652
2011;204,00;-4076;378121;0;378121;0;374045
2011;579,00;0;166167;21649;144518;0;166167
2011;348,00;149291;270501;0;270501;0;419792
2011;766,00;12974;1068223;0;1068223;0;1081197
2011;761,00;2194;26679;0;26679;0;28873
2011;728,00;0;90953;0;90953;0;90953
2011;280,00;658;4257843;144809;4113034;0;4258501
2011;222,00;16707;87182;0;87182;0;103889
2011;276,00;15234;964343;8393;955950;566830;1546407
2011;11,00;0;12795;0;12795;0;12795
2011;302,00;7453;415168;0;415168;0;422621
2011;682,00;159799;465560;0;465560;95968;721327
2011;279,00;0;1005207;0;1005207;0;1005207
2011;282,00;0;0;0;0;1;1
2011;281,00;0;1501532;0;1501532;25419;1526951
2011;183,00;0;14300;0;14300;13600;27900
2011;610,00;2544;539565;0;539565;0;542109
2011;116,00;0;35028;3671;31357;46543;81571
2011;115,00;0;25411;0;25411;0;25411
2011;114,00;0;4045;0;4045;0;4045
2011;126,00;34055;518549;0;518549;0;552604
2011;119,00;3090;246050;0;246050;0;249140
2011;770,00;0;788487;0;788487;0;788487
2011;583,00;198342;1605000;0;1605000;0;1803342
2011;136,00;19332;19143;0;19143;0;38475
2011;469,00;1270;58500;0;58500;452814;512584
2011;642,00;0;0;0;0;1;1
2011;674,00;333610;7525602;0;7525602;5360;7864572
2011;193,00;0;124623;0;124623;0;124623
2011;526,00;112050;680133;0;680133;0;792183
2011;698,00;0;931063;0;931063;0;931063
2011;630,00;325638;521113;0;521113;280336;1127087
2011;124,00;11944;20975;0;20975;0;32919
2011;364,00;0;1;0;1;0;1
2011;604,00;412475;3679971;0;3679971;271;4092717
2011;123,00;0;333002;0;333002;0;333002
2011;310,00;15028;679344;0;679344;0;694372
2011;571,00;8858;607837;0;607837;2774430;3391125
2011;296,00;0;2926;0;2926;0;2926
2011;566,00;0;1420168;0;1420168;0;1420168
2011;784,00;349827;12703418;0;12703418;0;13053245
2011;102,00;264145;1627977;0;1627977;303529;2195651
2011;379,00;0;1526600;0;1526600;0;1526600
2011;639,00;0;1695058;0;1695058;0;1695058
2011;457,00;30691;37850;0;37850;249202;317743
2011;609,00;100588;3407207;0;3407207;353667;3861462
2011;101,00;0;41054;0;41054;0;41054
2011;454,00;81221;565807;0;565807;0;647028
2011;318,00;92500;314;0;314;0;92814
2011;600,00;121770;102329;0;102329;0;224099
2011;545,00;543978;5551645;0;5551645;0;6095623
2011;100,00;0;57776;0;57776;0;57776
2011;702,00;46446;4718963;0;4718963;0;4765409
2011;778,00;170225;3326961;0;3326961;0;3497186
2011;341,00;0;121832;0;121832;21000;142832
2011;99,00;23953;190319;0;190319;200030;414302
2011;767,00;0;3935014;0;3935014;0;3935014
2011;359,00;40934;285158;0;285158;0;326092
2011;98,00;367;22815;0;22815;0;23182
2011;132,00;0;330255;0;330255;0;330255
2011;97,00;0;9470;0;9470;0;9470
2011;103,00;7672;9462;0;9462;62300;79434
2011;110,00;0;131241;0;131241;0;131241
2011;94,00;0;220902;0;220902;0;220902
2011;91,00;0;22601;0;22601;0;22601
2011;664,00;526506;1770021;0;1770021;0;2296527
2011;918,00;54021;33064137;0;33064137;0;33118158
2011;92,00;0;1744;0;1744;0;1744
2011;93,00;0;8561;0;8561;0;8561
2011;95,00;0;83527;0;83527;0;83527
2011;96,00;0;3000;0;3000;0;3000
2011;301,00;1372;355010;0;355010;0;356382
2011;492,00;46786;314000;0;314000;1452156;1812942
2011;811,00;2156;30622;0;30622;0;32778
2011;812,00;1211268;5588484;0;5588484;0;6799752
2011;832,00;0;6263;0;6263;0;6263
2011;841,00;2300;33060;0;33060;0;35360
2011;856,00;0;3923;0;3923;0;3923
2011;859,00;7018;0;0;0;0;7018
2011;861,00;0;1;0;1;0;1
2011;880,00;0;79663;0;79663;0;79663
2011;883,00;0;1425;0;1425;0;1425
2011;884,00;1179;56083;0;56083;0;57262
2011;877,00;24104;540940;0;540940;0;565044
2011;911,00;88145;982458;0;982458;74171;1144774
2011;913,00;0;0;0;0;1;1
2011;922,00;32938;528620;0;528620;0;561558
2011;923,00;0;3198;0;3198;0;3198
2011;924,00;1327;45760;0;45760;0;47087
2011;947,00;0;638;0;638;0;638
2011;951,00;0;4018;0;4018;0;4018
2011;972,00;0;3397;0;3397;0;3397
2011;973,00;0;70978;0;70978;0;70978
2011;974,00;0;6628;0;6628;0;6628
2011;975,00;5470;27513;0;27513;0;32983
2011;960,00;0;114854;0;114854;0;114854
2011;1027,00;0;18264;0;18264;0;18264
2011;1028,00;0;1155;0;1155;0;1155
2011;976,00;0;115162;0;115162;0;115162
2011;977,00;34055;14594;0;14594;0;48649
2011;1020,00;0;1;0;1;0;1
2011;994,00;51278;1235917;0;1235917;0;1287195
2011;995,00;0;182;0;182;0;182
2011;1060,00;0;900;0;900;23604;24504
2011;1005,00;178952;3223;0;3223;0;182175
2011;1061,00;0;387714;0;387714;0;387714
2011;1006,00;0;1;0;1;0;1
2011;1088,00;0;55000;0;55000;0;55000
2011;1089,00;-25897;14013564;0;14013564;0;13987667
2011;1076,00;0;12612;0;12612;0;12612
2011;1078,00;0;50000;0;50000;0;50000
2011;1033,00;720433;224476;0;224476;430544;1375453
2011;1036,00;26417;17256;0;17256;0;43673
2011;1037,00;0;0;0;0;1;1
2011;1039,00;16375;9281;0;9281;0;25656
2011;1065,00;1935;4180448;0;4180448;0;4182383
2011;1066,00;741622;3837905;0;3837905;187083;4766610
2011;207,00;65595;127350;0;127350;0;192945
2011;431,00;0;3006328;0;3006328;0;3006328
2011;387,00;;89932;;89932;;89932
2011;179,00;;0;;;;0
2011;606,00;;292201;;292201;;292201
2011;925,00;0;115409;0;115409;107480;222889
2011;541,00;;154530;;154530;;154530
2011;797,00;0;82711;0;82711;0;82711
2011;627,00;0;599502;0;599502;0;599502
2011;173,00;0;568704;0;568704;0;568704
2011;636,00;0;476009;43000;433009;0;476009
2011;205,00;37467;168941;0;168941;0;206408
2011;814,00;;0;;;3772;3772
2011;881,00;0;117539;12921;104618;0;117539
2011;771,00;0;0;0;0;0;0
2011;533,00;;39878;;39878;;39878
2011;447,00;0;29457;0;29457;0;29457
2011;815,00;9229;0;0;0;0;9229
2011;801,00;0;0;0;0;736798;736798
2011;800,00;0;478458;0;478458;0;478458
2011;389,00;7828;92693;0;92693;0;100521
2011;759,00;0;116763;0;116763;482131;598894
2011;695,00;0;0;0;0;0;0
2011;816,00;11768;92093;0;92093;0;103861
2011;833,00;0;115991;0;115991;0;115991
2011;870,00;0;0;0;0;384837;384837
2011;927,00;0;926412;0;926412;0;926412
2011;961,00;0;0;0;0;0;0
2011;962,00;2976;1687550;0;1687550;0;1690526
2011;1079,00;0;430503;0;430503;0;430503
2011;666,00;0;1992614;431390;1561224;72832;2065446
2011;392,00;0;0;0;0;0;0
2011;790,00;0;3911710;0;3911710;102900;4014610
2011;650,00;0;663497;0;663497;0;663497
2011;876,00;0;599939;0;599939;0;599939
2011;944,00;11087;87363;0;87363;0;98450
2011;952,00;18546;792000;0;792000;0;810546
2011;54,00;;0;;;;0
2011;538,00;0;328627;0;328627;0;328627
2011;557,00;0;19908;0;19908;0;19908
2011;653,00;0;77387;0;77387;0;77387
2011;647,00;0;330036;0;330036;0;330036
2011;208,00;3517;156110;;156110;;159627
2011;978,00;0;643323;0;643323;0;643323
2011;996,00;0;11573;0;11573;816;12389
2011;729,00;0;65330;0;65330;0;65330
2011;182,00;0;458001;10964;447037;0;458001
2011;633,00;2353;2983081;0;2983081;0;2985434
2011;685,00;0;1158952;0;1158952;0;1158952
2011;683,00;0;0;0;0;0;0
2011;945,00;0;650358;0;650358;0;650358
2011;953,00;;51495;;51495;;51495
2011;1022,00;17948;59482;0;59482;0;77430
2011;1049,00;0;117057;0;117057;0;117057
2011;794,00;0;4320;0;4320;0;4320
2011;415,00;0;3229471;0;3229471;0;3229471
2011;592,00;9029;1557394;0;1557394;0;1566423
2011;497,00;142888;623391;;623391;;766279
2011;726,00;0;0;0;0;80018;80018
2011;272,00;34610;272855;0;272855;0;307465
2011;805,00;109927;611902;0;611902;0;721829
2011;5,00;0;930539;0;930539;0;930539
2011;234,00;32336;388693;;388693;;421029
2011;64,00;0;0;0;0;0;0
2011;842,00;0;1517;0;1517;0;1517
2011;843,00;0;0;0;0;0;0
2011;1025,00;139165;0;;;1412053;1551218
2011;803,00;0;135430;0;135430;0;135430
2011;211,00;0;3029;0;3029;0;3029
2011;773,00;0;3229;0;3229;0;3229
2011;424,00;29496;133886;0;133886;0;163382
2011;298,00;0;151344;0;151344;2912;154256
2011;594,00;337677;0;0;0;0;337677
2011;237,00;22542;117316;0;117316;0;139858
2011;16,00;0;0;0;0;1;1
2011;768,00;120891;49907;0;49907;0;170798
2011;617,00;50049;1697602;0;1697602;2148241;3895892
2011;297,00;0;201132;0;201132;0;201132
2011;105,00;0;0;0;0;1;1
2011;544,00;4786;472896;0;472896;0;477682
2011;804,00;3513;1095043;0;1095043;0;1098556
2011;470,00;0;32988;3000;29988;0;32988
2011;104,00;6069;28289;0;28289;3992;38350
2011;20,00;0;1;0;1;0;1
2011;550,00;5346;2132958;0;2132958;0;2138304
2011;112,00;0;973955;0;973955;0;973955
2011;818,00;0;95386;0;95386;0;95386
2011;914,00;0;10906;0;10906;0;10906
2011;928,00;185477;2448369;0;2448369;0;2633846
2011;964,00;92906;405674;0;405674;49717;548297
2011;1026,00;0;2810;0;2810;0;2810
2011;1068,00;21706;24572;0;24572;11509;57787
2011;738,00;0;0;0;0;0;0
2011;404,00;50154;1663862;0;1663862;0;1714016
2011;274,00;41519;3203138;37746;3165392;0;3244657
2011;270,00;459;1920145;;1920145;;1920604
2011;676,00;;0;;;;0
2011;709,00;0;99100;0;99100;0;99100
2011;754,00;0;183321;0;183321;0;183321
2011;997,00;;199187;;199187;;199187
2011;734,00;0;1855751;0;1855751;0;1855751
2011;299,00;7749;210605;;210605;;218354
2011;645,00;0;26246;0;26246;0;26246
2011;17,00;0;2077;0;2077;0;2077
2011;1046,00;0;3998;0;3998;0;3998
2011;420,00;28048;143048;0;143048;0;171096
2011;802,00;17019;153057;0;153057;0;170076
2011;266,00;48415;470769;0;470769;0;519184
2011;580,00;0;140433;0;140433;0;140433
2011;137,00;0;282282;0;282282;0;282282
2011;769,00;89968;244965;0;244965;0;334933
2011;776,00;0;1703249;1703249;0;0;1703249
2011;640,00;57315;1095572;9030;1086542;4459468;5612355
2011;315,00;0;615349;0;615349;0;615349
2011;40,00;6583;120086;0;120086;0;126669
2011;508,00;0;311919;0;311919;0;311919
2011;46,00;0;16190;0;16190;0;16190
2011;590,00;0;340630;0;340630;401474;742104
2011;777,00;0;777975;0;777975;0;777975
2011;897,00;686276;12195723;0;12195723;0;12881999
2011;965,00;1292;158166;0;158166;0;159458
2011;671,00;0;0;0;0;0;0
2011;461,00;7878;77900;0;77900;0;85778
2011;376,00;;665913;;665913;;665913
2011;621,00;;802399;;802399;;802399
2011;793,00;;505595;;505595;;505595
2011;324,00;0;0;0;0;0;0
2011;712,00;0;221;0;221;0;221
2011;32,00;;2972;;2972;;2972
2011;361,00;0;7665;0;7665;0;7665
2011;486,00;0;181731;0;181731;0;181731
2011;595,00;0;165024;0;165024;0;165024
2011;433,00;0;761119;0;761119;0;761119
2011;1058,00;0;7337;0;7337;0;7337
2011;261,00;0;16124;0;16124;0;16124
2011;730,00;0;0;0;0;0;0
2011;577,00;0;1000;0;1000;0;1000
2011;788,00;;0;;;29000;29000
2011;865,00;29205;962195;0;962195;0;991400
2011;979,00;0;64183;0;64183;0;64183
2011;998,00;0;10055;0;10055;0;10055
2011;221,00;0;230868;0;230868;0;230868
2011;462,00;;57620;;57620;;57620
2011;506,00;13165873;16086607;;16086607;198027;29450507
2011;727,00;13240;233320;0;233320;0;246560
2011;355,00;1966;294289;61404;232885;0;296255
2011;487,00;3637;4129742;0;4129742;0;4133379
2011;938,00;0;3038098;0;3038098;334365;3372463
2011;886,00;4382;103982;;103982;;108364
2011;835,00;18373;86944;;86944;;105317
2011;999,00;0;12594;0;12594;0;12594
2011;798,00;0;1185413;0;1185413;0;1185413
2011;504,00;329616;2022825;0;2022825;0;2352441
2011;247,00;25984;156490;0;156490;0;182474
2011;216,00;0;167092;0;167092;1167;168259
2011;654,00;0;0;0;0;72286;72286
2011;65,00;0;191475;0;191475;0;191475
2011;472,00;313627;123266;0;123266;0;436893
2011;427,00;0;133178;0;133178;0;133178
2011;491,00;440840;360384;0;360384;0;801224
2011;551,00;75330;137196;0;137196;0;212526
2011;106,00;0;0;0;0;11588;11588
2011;819,00;0;57714;0;57714;0;57714
2011;836,00;9314;124927;0;124927;0;134241
2011;915,00;0;179231;0;179231;0;179231
2011;942,00;0;0;0;0;1872559;1872559
2011;748,00;3430266;8979820;0;8979820;0;12410086
2011;198,00;0;6815;0;6815;0;6815
2011;871,00;15972;1099729;0;1099729;1651334;2767035
2011;948,00;0;325832;0;325832;0;325832
2011;1051,00;0;0;0;0;0;0
2011;1083,00;0;12408;0;12408;0;12408
2011;679,00;27513;361176;0;361176;0;388689
2011;176,00;15273;108715;0;108715;0;123988
2011;537,00;0;2207949;0;2207949;93;2208042
2011;608,00;0;145;0;145;0;145
2011;596,00;0;0;0;0;0;0
2011;749,00;0;2577186;0;2577186;0;2577186
2011;758,00;1768922;9107465;0;9107465;0;10876387
2011;724,00;0;3484141;0;3484141;0;3484141
2011;436,00;0;287722;0;287722;0;287722
2011;567,00;;158318;;158318;;158318
2011;677,00;0;525306;0;525306;0;525306
2011;670,00;;78751;;78751;;78751
2011;588,00;0;395374;0;395374;0;395374
2011;446,00;0;295224;0;295224;0;295224
2011;753,00;0;458764;0;458764;1808050;2266814
2011;887,00;0;265490;0;265490;0;265490
2011;388,00;0;48719;0;48719;0;48719
2011;585,00;0;203950;0;203950;816;204766
2011;245,00;0;586234;0;586234;0;586234
2011;603,00;12675;1732997;0;1732997;0;1745672
2011;426,00;5229;1703865;0;1703865;0;1709094
2011;232,00;7862;882532;;882532;;890394
2011;288,00;0;622310;0;622310;0;622310
2011;246,00;2638;631071;0;631071;0;633709
2011;284,00;6132;2086314;0;2086314;0;2092446
2011;18,00;0;953680;0;953680;0;953680
2011;356,00;0;68252;0;68252;0;68252
2011;401,00;26084;1197311;0;1197311;0;1223395
2011;733,00;272904;10378598;;10378598;1097580;11749082
2011;243,00;2684;130694;;130694;11575;144953
2011;380,00;;727544;;727544;;727544
2011;716,00;;2343144;;2343144;;2343144
2011;534,00;92239;1029697;0;1029697;0;1121936
2011;185,00;55691;547384;547384;0;0;603075
2011;258,00;;412565;;412565;;412565
2011;505,00;20139;11338;0;11338;13567;45044
2011;268,00;149781;823988;;823988;1790542;2764311
2011;602,00;0;1341357;0;1341357;0;1341357
2011;254,00;;970987;;970987;;970987
2011;705,00;17747;4837966;0;4837966;0;4855713
2011;133,00;44764;980797;;980797;;1025561
2011;33,00;0;0;0;0;0;0
2011;143,00;671159;821964;0;821964;60425;1553548
2011;36,00;;75923;;75923;;75923
2011;756,00;0;3377816;0;3377816;0;3377816
2011;662,00;201026;3714994;0;3714994;0;3916020
2011;192,00;0;139997;0;139997;0;139997
2011;382,00;13012;8678831;5540279;3138552;;8691843
2011;322,00;2273;3145007;0;3145007;0;3147280
2011;478,00;0;4837565;0;4837565;0;4837565
2011;352,00;;30884;;30884;;30884
2011;628,00;0;733791;0;733791;0;733791
2011;291,00;;114701;;114701;;114701
2011;495,00;0;912080;0;912080;0;912080
2011;845,00;0;880409;259759;620650;0;880409
2011;498,00;0;611298;0;611298;0;611298
2011;314,00;0;84403;0;84403;0;84403
2011;720,00;58982;1205068;1016600;188468;;1264050
2011;721,00;0;752256;0;752256;0;752256
2011;485,00;;30786;;30786;-1486;29300
2011;273,00;0;1174649;0;1174649;132400;1307049
2011;846,00;10112;1209881;;1209881;;1219993
2011;847,00;107980;1485619;0;1485619;0;1593599
2011;848,00;66702;1704127;907317;796810;;1770829
2011;864,00;;0;;;;0
2011;916,00;558319;616872;;616872;;1175191
2011;930,00;11698;831672;0;831672;0;843370
2011;954,00;450958;2943903;0;2943903;1819809;5214670
2011;943,00;79117;351317;;351317;0;430434
2011;949,00;0;783590;0;783590;0;783590
2011;980,00;26867;1881741;;1881741;;1908608
2011;981,00;0;0;0;0;0;0
2011;1024,00;0;582794;0;582794;2369301;2952095
2011;1017,00;10259;31396;0;31396;;41655
2011;1000,00;62742;2661083;1159332;1501751;1584100;4307925
2011;1018,00;428;419051;;419051;;419479
2011;1001,00;13722;1444996;0;1444996;0;1458718
2011;1007,00;;214443;;214443;;214443
2011;1008,00;0;274231;274231;;;274231
2011;1009,00;18342;355929;0;355929;0;374271
2011;1010,00;;70777;;70777;;70777
2011;1011,00;27706;4266201;;4266201;90660;4384567
2011;1012,00;4679;242295;0;242295;0;246974
2011;1013,00;0;0;0;0;0;0
2011;1041,00;0;11485;0;11485;0;11485
2011;1073,00;1421996;59102206;0;59102206;0;60524202
2011;789,00;1672;6217886;0;6217886;0;6219558
2011;326,00;2108;218842;0;218842;0;220950
2011;442,00;53723;2815242;;2815242;;2868965
2011;294,00;5135;2285429;;2285429;;2290564
2011;378,00;53855;1391169;;1391169;;1445024
2011;402,00;180347;35885;0;35885;0;216232
2011;29,00;0;23370;0;23370;0;23370
2011;450,00;0;35208;0;35208;79879;115087
2011;656,00;0;0;0;0;0;0
2011;333,00;20945;681444;;681444;;702389
2011;668,00;0;2395;0;2395;0;2395
2011;684,00;0;57683;0;57683;0;57683
2011;422,00;3398;112239;0;112239;0;115637
2011;763,00;0;44958;0;44958;0;44958
2011;741,00;;308965;;308965;;308965
2011;553,00;0;739801;0;739801;0;739801
2011;357,00;13955;74293;0;74293;0;88248
2011;899,00;;53745;;53745;;53745
2011;900,00;0;0;0;0;0;0
2011;932,00;3785;5216;0;5216;0;9001
2011;950,00;0;325000;0;325000;0;325000
2011;966,00;;0;;;;0
2011;967,00;12457;-348537;0;-348537;48957;-287123
2011;982,00;24625;121403;0;121403;0;146028
2011;1014,00;0;54571;0;54571;0;54571
2011;1048,00;0;707;0;707;0;707
2011;1080,00;266729;9273858;;9273858;;9540587
2011;722,00;43622;10505641;0;10505641;0;10549263
2011;660,00;8142;1337500;;1337500;;1345642
2011;75,00;0;10645;0;10645;0;10645
2011;249,00;27696;802668;0;802668;0;830364
2011;275,00;0;34674;0;34674;0;34674
2011;227,00;;2845404;46217;2799187;16433;2861837
2011;150,00;82955;22186;0;22186;0;105141
2011;47,00;410;31688;0;31688;0;32098
2011;172,00;0;277910;0;277910;0;277910
2011;581,00;0;1057157;0;1057157;0;1057157
2011;120,00;;12945;;12945;;12945
2011;445,00;0;361520;0;361520;0;361520
2011;471,00;;311974;;311974;;311974
2011;53,00;;31475;3079;28396;;31475
2011;199,00;9243;217460;;217460;;226703
2011;575,00;677432;20545244;186294;20358950;0;21222676
2011;528,00;;5188922;;5188922;;5188922
2011;631,00;;2482287;;2482287;;2482287
2011;699,00;505117;2032198;;2032198;;2537315
2011;823,00;0;70713;0;70713;32137;102850
2011;849,00;;151371;;151371;;151371
2011;869,00;0;221794;0;221794;0;221794
2011;955,00;;0;;;;0
2011;983,00;0;40844;0;40844;0;40844
2011;1002,00;3449;264228;;264228;;267677
2011;1015,00;0;50692278;0;50692278;0;50692278
2011;51,00;0;0;0;0;0;0
2011;441,00;0;80967;0;80967;1305731;1386698
2011;327,00;3733;223439;0;223439;0;227172
2011;690,00;96574;7735904;0;7735904;0;7832478
2011;262,00;42278;537366;0;537366;0;579644
2011;403,00;0;0;0;0;0;0
2011;312,00;2555;202714;202714;0;0;205269
2011;589,00;0;693421;0;693421;0;693421
2011;665,00;0;7680678;7325745;354933;0;7680678
2011;334,00;0;0;0;0;0;0
2011;1075,00;0;40881921;0;40881921;0;40881921
2011;751,00;28966;0;0;0;357322;386288
2011;186,00;0;8420;0;8420;0;8420
2011;646,00;0;0;0;0;0;0
2011;536,00;0;0;0;0;0;0
2011;242,00;29908;70197;0;70197;0;100105
2011;490,00;0;0;0;0;0;0
2011;500,00;69133;3617082;0;3617082;;3686215
2011;206,00;10490;133285;-812;134097;;143775
2011;58,00;0;4510;0;4510;0;4510
2011;572,00;0;0;0;0;288039;288039
2011;180,00;0;195593;0;195593;;195593
2011;549,00;0;32029;0;32029;0;32029
2011;582,00;0;0;0;0;0;0
2011;743,00;117857;9104089;0;9104089;0;9221946
2011;795,00;6307;116532;0;116532;0;122839
2011;269,00;150;35285;0;35285;0;35435
2011;634,00;82416;630570;0;630570;0;712986
2011;1,00;;23454;;23454;;23454
2011;717,00;0;2544316;0;2544316;0;2544316
2011;373,00;0;112319;0;112319;0;112319
2011;535,00;0;0;0;0;0;0
2011;824,00;0;1833604;0;1833604;0;1833604
2011;888,00;2970;433315;;433315;;436285
2011;902,00;;3635;;3635;;3635
2011;968,00;123;74261;0;74261;0;74384
2011;346,00;0;261393;0;261393;;261393
2011;27,00;13341;1733991;0;1733991;0;1747332
2011;165,00;9070;17499;0;17499;;26569
2011;956,00;0;243084;93536;149548;0;243084
2011;413,00;0;95165;0;95165;0;95165
2011;149,00;0;67988;12521;55467;0;67988
2011;612,00;37154;1359846;;1359846;;1397000
2011;559,00;3232;3083224;0;3083224;105617;3192073
2011;7,00;173;93315;0;93315;0;93488
2011;283,00;0;4949794;0;4949794;0;4949794
2011;37,00;1725;297769;85956;211813;0;299494
2011;153,00;1276;1359961;179499;1180462;0;1361237
2011;547,00;0;0;0;0;0;0
2011;397,00;;123762;;123762;;123762
2011;556,00;0;0;0;0;0;0
2011;42,00;0;32890;0;32890;0;32890
2011;31,00;29302;80136;;80136;;109438
2011;740,00;0;861160;0;861160;0;861160
2011;217,00;15978;695909;0;695909;0;711887
2011;863,00;3509;317819;0;317819;0;321328
2011;889,00;0;0;0;0;0;0
2011;984,00;291597;978675;0;978675;79894;1350166
2011;34,00;0;0;0;0;0;0
2011;791,00;90405;1010551;0;1010551;0;1100956
2011;181,00;90405;1010551;0;1010551;0;1100956
2011;430,00;0;0;0;0;0;0
2011;715,00;481000;815000;0;815000;130000;1426000
2011;521,00;16336;764348;0;764348;0;780684
2011;524,00;134494;160930;0;160930;0;295424
2011;432,00;1604;394874;226513;168361;3000;399478
2011;19,00;13776;31075;0;31075;0;44851
2011;25,00;0;14185;0;14185;0;14185
2011;26,00;0;0;0;0;0;0
2011;890,00;0;302472;0;302472;30400;332872
2011;904,00;0;0;0;0;149839;149839
2011;957,00;29986;31;0;31;0;30017
2011;939,00;1811181;728564;;728564;;2539745
2011;236,00;8646;159435;51078;108357;0;168081
2011;735,00;0;0;0;0;0;0
2011;146,00;0;0;0;0;0;0
2011;363,00;6986;2818191;0;2818191;0;2825177
2011;187,00;0;495584;0;495584;0;495584
2011;265,00;6315;98444;;98444;;104759
2011;295,00;15625;153867;0;153867;0;169492
2011;496,00;10484;504026;0;504026;0;514510
2011;77,00;0;0;0;0;0;0
2011;391,00;0;6196;0;6196;0;6196
2011;240,00;0;359151;0;359151;0;359151
2011;448,00;0;0;0;0;0;0
2011;151,00;0;19740;0;19740;0;19740
2011;425,00;;136373;;136373;;136373
2011;300,00;0;312500;0;312500;0;312500
2011;339,00;1121;596220;0;596220;0;597341
2011;826,00;0;0;0;0;0;0
2011;874,00;0;0;0;0;0;0
2011;905,00;48507;13975;0;13975;0;62482
2011;736,00;0;647879;0;647879;0;647879
2011;459,00;0;412216;0;412216;0;412216
2011;320,00;15812;447847;0;447847;0;463659
2011;45,00;0;1923272;0;1923272;240775;2164047
2011;292,00;;0;;;43442;43442
2011;618,00;0;292882;0;292882;0;292882
2011;463,00;;302968;0;302968;;302968
2011;891,00;0;328443;0;328443;0;328443
2011;958,00;28423;167298;;167298;;195721
2011;244,00;24274;1151561;0;1151561;0;1175835
2011;28,00;0;6750;0;6750;0;6750
2011;444,00;0;179590;27425;152165;0;179590
2011;479,00;0;88356;10658;77698;0;88356
2011;285,00;823;294443;0;294443;0;295266
2011;253,00;601;911589;0;911589;42433;954623
2011;481,00;7631;374762;0;374762;1945866;2328259
2011;540,00;;1227477;785131;442346;;1227477
2011;332,00;0;57861;0;57861;0;57861
2011;41,00;;0;;;;0
2011;510,00;0;97448;0;97448;;97448
2011;305,00;0;27552;0;27552;0;27552
2011;708,00;0;0;0;0;0;0
2011;755,00;0;39000;0;39000;0;39000
2011;750,00;0;899819;0;899819;0;899819
2011;696,00;0;0;0;0;0;0
2011;434,00;0;321293;0;321293;0;321293
2011;421,00;0;412910;0;412910;144785;557695
2011;827,00;0;0;0;0;0;0
2011;933,00;594430;462407;;462407;;1056837
2011;1030,00;13530;916547;0;916547;0;930077
2011;1003,00;0;179815;0;179815;0;179815
2011;1050,00;0;63613;0;63613;0;63613
2011;1043,00;0;0;0;0;0;0
2011;934,00;0;1149805;0;1149805;0;1149805
2011;629,00;0;496768;0;496768;0;496768
2011;21,00;23942;464332;0;464332;0;488274
2011;615,00;18932;119082;0;119082;0;138014
2011;626,00;0;53491;0;53491;0;53491
2011;417,00;1256;195555;0;195555;0;196811
2011;597,00;0;347784;0;347784;0;347784
2011;539,00;6044;2711762;0;2711762;0;2717806
2011;343,00;23057;213783;0;213783;0;236840
2011;135,00;0;847636;0;847636;54387;902023
2011;158,00;103671;3144909;0;3144909;0;3248580
2011;775,00;188450;26917395;48081;26869314;0;27105845
2011;177,00;0;0;0;0;1;1
2011;578,00;0;273682;0;273682;0;273682
2011;416,00;0;392664;89030;303634;0;392664
2011;561,00;0;1;0;1;0;1
2011;828,00;0;5668;0;5668;0;5668
2011;860,00;5396;348397;0;348397;961542;1315335
2011;935,00;8562;2312;0;2312;0;10874
2011;936,00;0;3962;0;3962;0;3962
2011;986,00;0;50140;0;50140;0;50140
2011;987,00;15001;70592;0;70592;0;85593
2011;1021,00;0;2131;0;2131;0;2131
2011;658,00;0;106643;0;106643;0;106643
2011;353,00;0;0;0;0;11000;11000
2011;323,00;0;10993;0;10993;0;10993
2011;620,00;8856;145848;0;145848;0;154704
2011;384,00;0;519317;0;519317;0;519317
2011;484,00;0;70597;0;70597;0;70597
2011;554,00;0;414527;0;414527;0;414527
2011;209,00;0;31045;0;31045;0;31045
2011;707,00;0;2139018;0;2139018;0;2139018
2011;395,00;68165;164680;0;164680;0;232845
2011;969,00;1759;81789;0;81789;0;83548
2011;1052,00;0;0;0;0;0;0
2011;739,00;0;0;0;0;97384;97384
2011;613,00;0;1099998;0;1099998;0;1099998
2011;593,00;0;567883;0;567883;0;567883
2011;704,00;0;1287300;0;1287300;102075;1389375
2011;493,00;0;0;0;0;0;0
2011;686,00;0;9179410;0;9179410;0;9179410
2011;257,00;231317;3721275;0;3721275;0;3952592
2011;494,00;8015;154314;0;154314;0;162329
2011;681,00;180863;5259935;0;5259935;0;5440798
2011;286,00;751810;46217262;1590639;44626623;13560;46982632
2011;255,00;72645;580529;71622;508907;0;653174
2011;79,00;383;0;0;0;0;383
2011;81,00;0;0;0;0;0;0
2011;688,00;0;50000;0;50000;192619;242619
2011;531,00;0;486119;0;486119;0;486119
2011;514,00;0;1304513;0;1304513;0;1304513
2011;499,00;36194;452966;0;452966;0;489160
2011;532,00;0;313178;0;313178;0;313178
2011;190,00;0;0;0;0;0;0
2011;598,00;0;276500;126500;150000;0;276500
2011;260,00;96171;2568709;0;2568709;0;2664880
2011;838,00;3788;415090;;415090;;418878
2011;839,00;9350;525733;30816;494917;1615;536698
2011;851,00;0;24660;0;24660;0;24660
2011;852,00;390376;1340783;0;1340783;0;1731159
2011;988,00;0;119839;0;119839;0;119839
2011;1056,00;200985;2091345;0;2091345;0;2292330
2011;1044,00;0;0;0;0;0;0
2011;644,00;;122000;;122000;;122000
2011;752,00;851678;1232326;0;1232326;0;2084004
2011;238,00;129450;376800;130000;246800;25600;531850
2011;325,00;9592;2813064;0;2813064;0;2822656
2011;622,00;;413238;96878;316360;;413238
2011;879,00;3035;33610;;33610;;36645
2011;906,00;6035;66544;;66544;;72579
2011;370,00;0;631895;0;631895;0;631895
2011;418,00;0;235859;0;235859;0;235859
2011;574,00;130830;227202;0;227202;10115;368147
2011;399,00;139937;1447617;0;1447617;0;1587554
2011;195,00;3186;44204;0;44204;0;47390
2011;783,00;0;2103636;0;2103636;10798471;12902107
2011;188,00;1328206;772028;0;772028;0;2100234
2011;263,00;266143;518769;518769;0;4749170;5534082
2011;194,00;0;55921;0;55921;0;55921
2011;214,00;0;78617;0;78617;0;78617
2011;785,00;0;10821881;0;10821881;0;10821881
2011;780,00;310340;604083;0;604083;-14298;900125
2011;83,00;0;108878;0;108878;0;108878
2011;782,00;16411;5716888;0;5716888;0;5733299
2011;369,00;0;328284;0;328284;0;328284
2011;84,00;0;0;0;0;26750;26750
2011;713,00;0;2227989;0;2227989;0;2227989
2011;85,00;0;104760;0;104760;0;104760
2011;86,00;0;73787;0;73787;0;73787
2011;941,00;27882;229417;0;229417;0;257299
2011;1045,00;0;439281;0;439281;0;439281
2011;937,00;16984;255385;0;255385;0;272369
2011;1004,00;17702;78064;;78064;;95766
2011;737,00;0;523131;0;523131;0;523131
2011;765,00;0;1076815;0;1076815;0;1076815
2011;329,00;0;36906;0;36906;0;36906
2011;87,00;0;13545;0;13545;0;13545
2011;527,00;0;53572;0;53572;0;53572
2011;562,00;194255;1199224;;1199224;;1393479
2011;251,00;0;286934;0;286934;;286934
2011;129,00;18167;2115355;0;2115355;0;2133522
2011;154,00;126433;112119;0;112119;0;238552
2011;516,00;107658;584013;0;584013;0;691671
2011;184,00;2215;541323;0;541323;0;543538
2011;652,00;0;26425;0;26425;0;26425
2011;637,00;0;199997;0;199997;0;199997
2011;88,00;0;0;0;0;103927;103927
2011;907,00;0;2459;0;2459;0;2459
2011;970,00;15723;74748;0;74748;0;90471
2011;1019,00;974;8115;0;8115;;9089
2011;1016,00;0;226148;0;226148;0;226148
2011;1047,00;0;706362;0;706362;0;706362
2011;635,00;0;210116;0;210116;0;210116
