"año";"NCODI";"Camas instaladas";"incubadoras_instalada";"paritorios_instalada";"quirofanos_instalada";"salasHemo_instalada";"camas_funcionamiento";"incubadoras_funcionamiento";"paritorios_funcionamiento";"quirofanos_funcionamiento";"salasHemo_funcionamiento";"salas_rx_Hospital";"salas_rx_CEP";"puesto_HDia_medico";"puesto_HDia_psiquiatrico";"puesto_HDia_geriatrico";"integradasPuestos_HDia_CMA";"propiasPuestos_HDia_CMA";"propiasQuirofanos_HDia_CMA"
2012;113,00;"200 - 500 camas";0;0;0;0;226;0;0;0;0;0;0;0;0;0;0;0;0
2012;619,00;"Menos de 200 camas";0;0;5;1;73;0;0;5;1;3;0;4;0;0;4;0;1
2012;163,00;"Menos de 200 camas";0;0;4;0;20;0;0;4;0;5;0;0;0;0;0;7;2
2012;131,00;"Menos de 200 camas";0;0;0;0;62;0;0;0;0;0;0;0;0;0;0;0;0
2012;375,00;"Menos de 200 camas";0;0;0;0;63;0;0;0;0;1;0;0;0;0;0;0;0
2012;1090,00;"501 - 1000 camas";23;3;23;2;696;23;3;23;2;11;5;44;4;0;40;0;2
2012;764,00;"501 - 1000 camas";13;2;15;1;644;13;2;15;1;17;0;16;56;8;32;0;0
2012;14,00;"Menos de 200 camas";3;2;3;0;42;3;2;3;0;1;0;0;0;0;0;0;0
2012;657,00;"Menos de 200 camas";3;1;4;0;75;1;1;3;0;2;0;1;0;0;3;1;1
2012;362,00;"Menos de 200 camas";1;1;3;1;65;1;1;3;1;7;0;0;0;0;8;0;0
2012;989,00;"Menos de 200 camas";0;1;4;0;55;0;1;3;0;4;0;5;0;0;0;0;0
2012;990,00;"Menos de 200 camas";1;1;4;0;91;1;1;4;0;2;0;10;0;0;0;8;0
2012;680,00;"501 - 1000 camas";24;3;27;2;772;24;3;27;1;12;3;36;0;0;3;0;0
2012;411,00;"Menos de 200 camas";4;2;7;2;104;4;2;7;2;3;0;6;0;0;1;1;1
2012;241,00;"Menos de 200 camas";3;2;7;1;96;3;2;7;1;2;0;6;0;0;2;0;0
2012;558,00;"200 - 500 camas";5;3;7;0;243;5;3;5;0;9;0;21;0;0;5;12;2
2012;167,00;"Menos de 200 camas";0;1;2;0;16;0;1;2;0;1;0;0;0;0;0;0;0
2012;248,00;"Menos de 200 camas";0;0;4;1;74;0;0;4;1;2;0;10;0;0;0;0;0
2012;224,00;"Menos de 200 camas";1;1;2;0;23;1;1;2;0;2;0;0;0;0;2;0;0
2012;591,00;"200 - 500 camas";26;2;14;1;397;26;2;14;1;10;0;57;0;0;0;0;4
2012;586,00;"501 - 1000 camas";14;2;12;0;377;14;2;12;0;4;4;26;0;0;0;0;0
2012;453,00;"Menos de 200 camas";0;0;0;0;137;0;0;0;0;1;0;6;0;0;0;0;0
2012;145,00;"Menos de 200 camas";0;0;0;0;96;0;0;0;0;0;0;0;0;0;0;0;0
2012;511,00;"200 - 500 camas";11;2;9;0;246;11;2;9;0;6;3;10;0;0;0;14;0
2012;530,00;"200 - 500 camas";8;2;9;0;331;8;2;9;0;6;3;25;0;0;0;2;2
2012;6,00;"Menos de 200 camas";2;1;7;0;56;2;1;7;0;1;0;0;0;0;10;0;0
2012;161,00;"200 - 500 camas";0;0;0;0;360;0;0;0;0;0;0;0;0;0;0;0;0
2012;623,00;"200 - 500 camas";14;2;10;1;350;14;2;10;1;8;2;18;0;0;0;0;0
2012;489,00;"Menos de 200 camas";1;1;1;0;10;0;1;1;0;1;0;0;0;0;0;0;0
2012;875,00;"Menos de 200 camas";0;0;6;1;82;0;0;6;1;2;0;6;0;0;2;0;0
2012;940,00;"Menos de 200 camas";0;0;0;0;6;0;0;0;0;0;0;0;0;0;0;0;0
2012;946,00;"Menos de 200 camas";3;1;4;1;88;1;1;4;1;3;0;0;0;0;0;0;0
2012;1023,00;"200 - 500 camas";8;2;11;1;207;8;2;11;1;4;0;38;0;0;13;0;0
2012;1054,00;"200 - 500 camas";12;2;15;1;209;6;2;13;1;6;0;16;0;0;0;24;2
2012;1057,00;"Menos de 200 camas";0;0;0;0;76;0;0;0;0;4;0;0;0;0;0;0;0
2012;1031,00;"Menos de 200 camas";0;0;0;0;45;0;0;0;0;0;0;0;0;0;0;0;0
2012;1032,00;"200 - 500 camas";8;8;12;1;196;8;8;12;1;4;0;25;0;0;14;0;0
2012;1064,00;"Menos de 200 camas";2;2;6;1;37;2;2;6;1;1;0;0;0;0;0;0;0
2012;226,00;"Menos de 200 camas";2;1;5;1;95;2;1;5;1;2;0;0;0;0;0;0;0
2012;687,00;"Menos de 200 camas";8;2;6;0;174;8;2;6;0;7;0;4;20;0;0;10;1
2012;745,00;"501 - 1000 camas";37;3;16;2;727;37;3;16;1;22;10;71;42;0;0;19;2
2012;109,00;"Menos de 200 camas";2;1;6;1;82;2;1;6;1;4;0;0;0;0;0;0;0
2012;808,00;"200 - 500 camas";8;8;9;0;280;6;8;9;0;6;0;0;22;0;16;0;0
2012;971,00;"Menos de 200 camas";0;0;6;0;5;0;0;2;0;2;0;2;0;0;12;0;0
2012;128,00;"Menos de 200 camas";1;1;3;0;33;0;0;3;0;1;0;3;0;0;2;2;1
2012;919,00;"200 - 500 camas";8;2;8;0;383;8;2;8;0;5;3;24;8;0;0;0;0
2012;725,00;"501 - 1000 camas";32;3;32;2;820;32;3;31;2;16;0;91;0;0;0;20;2
2012;3,00;"Menos de 200 camas";0;0;0;0;92;0;0;0;0;0;0;0;0;0;0;0;0
2012;386,00;"Menos de 200 camas";0;0;2;0;74;0;0;2;0;1;0;0;0;0;0;0;0
2012;306,00;"200 - 500 camas";0;0;0;0;438;0;0;0;0;0;0;0;0;0;0;0;0
2012;15,00;"Menos de 200 camas";0;0;3;0;29;0;0;3;0;1;0;4;0;0;5;0;0
2012;264,00;"Menos de 200 camas";3;4;4;0;77;3;4;4;0;2;0;0;0;0;0;0;0
2012;867,00;"Menos de 200 camas";0;0;2;0;15;0;0;2;0;2;0;0;0;0;0;0;0
2012;910,00;"200 - 500 camas";2;1;10;0;221;2;1;7;0;5;0;16;0;0;0;0;0
2012;1053,00;"200 - 500 camas";7;2;8;0;310;7;2;8;0;6;1;10;1;1;0;14;3
2012;1055,00;"200 - 500 camas";8;3;14;1;376;8;3;11;1;18;0;30;0;0;0;39;6
2012;529,00;"Menos de 200 camas";0;0;0;0;79;0;0;0;0;1;0;0;0;0;0;0;0
2012;345,00;"Menos de 200 camas";0;0;0;0;166;0;0;0;0;0;0;0;0;0;0;0;0
2012;515,00;"Menos de 200 camas";0;0;3;0;40;0;0;3;0;2;0;0;0;0;0;0;0
2012;174,00;"Menos de 200 camas";0;0;3;0;28;0;0;2;0;0;0;0;0;1;0;0;0
2012;523,00;"Menos de 200 camas";0;0;3;0;130;0;0;3;0;2;0;0;0;25;3;0;0
2012;697,00;"Menos de 200 camas";9;3;6;1;193;9;3;6;1;5;0;1;1;1;1;1;1
2012;239,00;"Menos de 200 camas";0;0;5;1;86;0;0;4;1;3;0;10;0;0;0;0;0
2012;287,00;"200 - 500 camas";4;3;11;1;206;4;3;11;1;6;0;0;0;0;0;0;0
2012;377,00;"Menos de 200 camas";0;0;0;0;81;0;0;0;0;1;0;0;0;0;0;0;0
2012;692,00;"200 - 500 camas";4;2;6;0;189;4;2;6;0;3;0;8;15;0;0;0;0
2012;335,00;"Menos de 200 camas";0;0;0;0;160;0;0;0;0;0;0;0;0;0;0;0;0
2012;435,00;"Menos de 200 camas";2;1;5;1;68;1;1;5;1;1;0;0;0;0;5;5;5
2012;423,00;"Menos de 200 camas";3;1;2;0;31;3;1;2;0;2;0;1;0;0;2;3;2
2012;351,00;"Menos de 200 camas";0;0;3;0;52;0;0;2;0;2;0;0;0;0;0;2;1
2012;830,00;"200 - 500 camas";0;2;8;0;224;0;2;8;0;0;0;7;0;0;0;0;0
2012;892,00;"200 - 500 camas";19;5;13;0;356;10;5;13;0;5;0;30;24;1;0;34;0
2012;921,00;"Menos de 200 camas";4;6;8;1;158;3;4;8;1;5;0;0;0;0;0;0;0
2012;991,00;"Menos de 200 camas";1;1;1;0;12;1;1;1;0;1;0;1;0;0;0;0;0
2012;992,00;"Menos de 200 camas";6;1;6;0;165;6;1;6;0;4;0;7;15;0;8;12;1
2012;993,00;"Menos de 200 camas";5;3;5;0;142;5;3;5;0;2;2;21;16;0;0;6;1
2012;1071,00;"501 - 1000 camas";32;6;27;3;720;32;6;23;3;7;0;41;24;0;0;0;0
2012;473,00;"Menos de 200 camas";33;6;6;0;84;33;6;6;0;2;0;1;0;0;0;0;4
2012;663,00;"200 - 500 camas";9;2;11;1;364;9;2;11;1;4;2;53;0;0;7;0;0
2012;552,00;"Menos de 200 camas";0;0;6;0;107;0;0;6;0;4;0;16;0;0;14;0;0
2012;772,00;"501 - 1000 camas";0;0;26;2;610;0;0;26;2;8;0;70;56;50;0;0;6
2012;568,00;"Menos de 200 camas";0;0;2;0;37;0;0;2;0;2;0;0;0;0;0;0;0
2012;398,00;"Menos de 200 camas";0;0;5;0;100;0;0;5;0;2;0;0;0;0;0;0;0
2012;394,00;"Menos de 200 camas";0;0;2;0;55;0;0;2;0;2;0;0;0;0;0;0;0
2012;614,00;"Menos de 200 camas";0;0;2;0;22;0;0;2;0;0;0;0;0;0;0;7;0
2012;235,00;"Menos de 200 camas";0;0;3;0;40;0;0;3;0;2;0;0;0;0;0;0;0
2012;616,00;"Menos de 200 camas";0;0;6;0;60;0;0;5;0;0;0;19;0;0;0;15;0
2012;267,00;"Menos de 200 camas";6;2;9;1;163;6;2;9;1;0;0;0;0;0;0;0;0
2012;565,00;"200 - 500 camas";0;0;5;0;178;0;0;5;0;2;0;4;0;0;0;7;0
2012;220,00;"Menos de 200 camas";4;3;9;0;138;4;3;9;0;3;0;17;0;0;0;0;8
2012;278,00;"Menos de 200 camas";6;3;8;0;154;6;3;8;0;0;0;0;0;0;0;8;2
2012;107,00;"Menos de 200 camas";0;0;0;0;112;0;0;0;0;0;0;0;15;55;0;0;0
2012;141,00;"Menos de 200 camas";0;0;0;0;39;0;0;0;0;1;0;0;0;0;0;0;0
2012;711,00;"501 - 1000 camas";17;3;22;3;538;17;3;19;3;6;0;75;25;0;16;0;0
2012;204,00;"Menos de 200 camas";0;0;0;0;116;0;0;0;0;1;0;0;0;24;0;0;0
2012;579,00;"Menos de 200 camas";0;0;2;0;30;0;0;2;0;4;0;0;0;0;0;0;0
2012;348,00;"Menos de 200 camas";0;0;2;0;140;0;0;2;0;1;0;70;0;0;0;0;0
2012;766,00;"Menos de 200 camas";0;0;8;0;111;0;0;8;0;5;0;8;0;0;0;0;0
2012;761,00;"200 - 500 camas";0;0;0;0;271;0;0;0;0;0;0;0;0;60;0;0;0
2012;728,00;"200 - 500 camas";4;1;18;1;177;1;1;18;1;6;0;4;0;0;0;14;4
2012;280,00;"Menos de 200 camas";12;3;9;0;150;12;3;9;0;0;0;10;0;0;0;6;0
2012;222,00;"Menos de 200 camas";0;0;6;0;58;0;0;6;0;2;0;0;0;0;0;0;0
2012;276,00;"Menos de 200 camas";10;3;14;1;184;10;3;14;1;8;0;13;0;0;18;0;0
2012;11,00;"200 - 500 camas";2;2;8;1;188;0;2;8;1;3;0;0;0;0;0;0;0
2012;302,00;"Menos de 200 camas";2;2;3;0;60;2;2;3;0;0;0;0;0;0;1;1;1
2012;682,00;"Menos de 200 camas";0;0;8;0;161;0;0;8;0;1;0;11;0;0;0;0;0
2012;279,00;"Menos de 200 camas";20;5;9;1;181;20;5;9;1;4;0;10;0;0;0;10;3
2012;282,00;"200 - 500 camas";10;3;18;1;257;10;3;18;1;8;0;10;0;0;0;37;4
2012;281,00;"200 - 500 camas";8;5;10;1;273;8;4;10;1;3;0;10;0;0;0;15;0
2012;183,00;"Menos de 200 camas";0;0;3;0;30;0;0;3;0;1;0;0;0;0;0;0;0
2012;610,00;"Menos de 200 camas";0;0;5;0;43;0;0;5;0;1;0;0;0;0;0;19;0
2012;116,00;"200 - 500 camas";0;0;0;0;428;0;0;0;0;0;0;0;0;20;0;0;0
2012;115,00;"Menos de 200 camas";0;0;0;0;50;0;0;0;0;1;0;0;0;0;0;0;0
2012;114,00;"Menos de 200 camas";0;0;0;0;67;0;0;0;0;0;0;0;0;0;0;0;0
2012;126,00;"Menos de 200 camas";0;0;0;0;145;0;0;0;0;0;0;0;0;10;0;0;0
2012;119,00;"Menos de 200 camas";0;0;4;0;30;0;0;4;0;1;0;0;0;0;0;0;0
2012;770,00;"501 - 1000 camas";10;3;19;2;448;10;3;19;2;7;0;42;20;0;0;8;3
2012;583,00;"Menos de 200 camas";0;0;6;0;108;0;0;6;0;4;0;21;0;0;0;15;4
2012;136,00;"200 - 500 camas";0;0;0;0;209;0;0;0;0;1;0;0;0;50;0;0;0
2012;469,00;"Menos de 200 camas";2;1;3;0;99;2;1;3;0;2;0;9;0;15;9;9;1
2012;642,00;"200 - 500 camas";2;3;5;0;210;2;3;5;0;5;0;7;0;20;0;0;0
2012;674,00;"200 - 500 camas";37;6;13;1;321;37;6;13;1;10;0;13;29;0;7;12;2
2012;193,00;"Menos de 200 camas";0;0;0;0;146;0;0;0;0;1;0;0;0;17;0;0;0
2012;526,00;"200 - 500 camas";12;3;6;0;333;12;3;6;0;4;0;34;0;68;0;10;0
2012;698,00;"501 - 1000 camas";0;0;29;2;620;0;0;29;2;10;0;19;10;0;0;24;0
2012;630,00;"200 - 500 camas";3;2;11;0;267;3;2;11;0;3;0;8;0;30;0;0;0
2012;124,00;"Menos de 200 camas";0;0;0;0;140;0;0;0;0;0;0;0;0;30;0;0;0
2012;364,00;"Menos de 200 camas";0;0;0;0;67;0;0;0;0;0;0;0;0;33;0;0;0
2012;604,00;"501 - 1000 camas";8;6;19;0;503;8;6;19;0;9;0;60;31;0;0;30;4
2012;123,00;"Menos de 200 camas";0;0;0;0;166;0;0;0;0;0;0;0;0;58;0;0;0
2012;310,00;"200 - 500 camas";0;0;0;0;397;0;0;0;0;0;0;0;55;57;0;0;0
2012;571,00;"Menos de 200 camas";2;2;5;0;127;2;2;5;0;3;0;8;0;0;0;1;1
2012;296,00;"Menos de 200 camas";0;0;0;0;177;0;0;0;0;1;0;0;0;22;0;0;0
2012;566,00;"Menos de 200 camas";4;3;6;0;160;0;3;5;0;4;0;20;20;15;11;0;0
2012;784,00;"501 - 1000 camas";18;6;16;0;714;18;6;16;0;6;0;109;60;39;0;17;4
2012;102,00;"501 - 1000 camas";0;0;0;0;747;0;0;0;0;1;0;0;15;20;0;0;0
2012;379,00;"501 - 1000 camas";0;0;0;0;609;0;0;0;0;0;0;0;90;0;0;0;0
2012;639,00;"Menos de 200 camas";1;4;5;0;143;1;4;5;0;5;0;6;0;0;0;8;0
2012;457,00;"Menos de 200 camas";0;0;2;0;70;0;0;2;0;2;0;2;0;0;10;0;0
2012;609,00;"200 - 500 camas";10;2;13;2;288;10;2;13;2;8;0;9;10;0;9;0;0
2012;101,00;"Menos de 200 camas";0;0;0;0;82;0;0;0;0;0;0;0;0;20;0;0;0
2012;454,00;"200 - 500 camas";2;1;4;0;269;2;1;4;0;3;0;16;0;0;0;4;1
2012;318,00;"200 - 500 camas";0;0;0;0;370;0;0;0;0;0;0;0;20;25;0;0;0
2012;600,00;"Menos de 200 camas";2;5;8;0;128;2;5;8;0;5;0;20;0;0;0;16;0
2012;545,00;"200 - 500 camas";19;3;14;15;327;13;3;14;15;5;0;38;30;36;0;0;0
2012;100,00;"Menos de 200 camas";0;0;0;0;83;0;0;0;0;0;0;0;0;35;0;0;0
2012;702,00;"200 - 500 camas";9;3;15;1;433;9;3;15;1;5;0;22;35;0;0;21;4
2012;778,00;"200 - 500 camas";3;5;9;0;214;3;5;9;0;4;0;58;22;0;0;14;2
2012;341,00;"Menos de 200 camas";1;1;2;0;65;0;0;2;0;2;0;0;0;0;0;0;0
2012;99,00;"Menos de 200 camas";0;0;0;0;105;0;0;0;0;0;0;0;0;50;0;0;0
2012;767,00;"Menos de 200 camas";0;0;5;0;90;0;0;5;0;6;0;8;0;0;0;0;0
2012;359,00;"Menos de 200 camas";0;0;2;0;110;0;0;2;0;2;0;0;0;30;4;8;2
2012;98,00;"Menos de 200 camas";0;0;0;0;119;0;0;0;0;0;0;0;0;25;0;0;0
2012;132,00;"Menos de 200 camas";0;0;0;0;87;0;0;0;0;0;0;0;0;0;0;0;0
2012;97,00;"Menos de 200 camas";0;0;0;0;120;0;0;0;0;0;0;0;0;30;0;0;0
2012;103,00;"Menos de 200 camas";0;0;0;0;36;0;0;0;0;0;0;0;0;20;0;0;0
2012;110,00;"Menos de 200 camas";0;0;0;0;60;0;0;0;0;0;0;0;0;0;0;0;0
2012;94,00;"Menos de 200 camas";0;0;0;0;30;0;0;0;0;0;0;0;0;0;0;0;0
2012;91,00;"Menos de 200 camas";0;0;0;0;61;0;0;0;0;0;0;0;0;18;0;0;0
2012;664,00;"200 - 500 camas";4;2;12;0;336;4;2;12;0;8;0;55;25;0;8;8;2
2012;918,00;"Más de 1.000 camas";45;6;39;3;1072;43;6;39;3;11;0;137;0;0;0;0;6
2012;92,00;"Menos de 200 camas";0;0;0;0;56;0;0;0;0;0;0;0;0;0;0;0;0
2012;95,00;"Menos de 200 camas";0;0;0;0;152;0;0;0;0;0;0;0;0;23;0;0;0
2012;96,00;"Menos de 200 camas";0;0;0;0;77;0;0;0;0;0;0;0;0;0;0;0;0
2012;301,00;"Menos de 200 camas";0;0;4;0;16;0;0;4;0;1;0;0;0;0;0;0;0
2012;492,00;"Menos de 200 camas";2;1;5;0;123;2;1;5;0;3;0;17;0;0;0;11;1
2012;811,00;"Menos de 200 camas";0;1;1;0;37;0;1;1;0;1;0;0;0;0;0;0;0
2012;812,00;"Menos de 200 camas";0;0;1;0;89;0;0;1;0;0;0;38;0;0;0;0;0
2012;832,00;"Menos de 200 camas";0;0;0;0;20;0;0;0;0;0;0;0;0;0;0;0;0
2012;841,00;"Menos de 200 camas";0;0;0;0;12;0;0;0;0;0;0;0;0;0;0;0;0
2012;856,00;"Menos de 200 camas";0;0;0;0;72;0;0;0;0;0;0;0;0;20;0;0;0
2012;859,00;"Menos de 200 camas";0;0;0;0;79;0;0;0;0;0;0;0;25;0;0;0;0
2012;861,00;"Menos de 200 camas";0;0;0;0;40;0;0;0;0;0;0;0;0;0;0;0;0
2012;880,00;"Menos de 200 camas";0;0;0;0;97;0;0;0;0;0;0;0;0;40;0;0;0
2012;883,00;"Menos de 200 camas";0;0;0;0;39;0;0;0;0;0;0;0;21;0;0;0;0
2012;884,00;"Menos de 200 camas";0;0;0;0;104;0;0;0;0;0;0;0;0;30;0;0;0
2012;877,00;"Menos de 200 camas";0;0;0;0;38;0;0;0;0;0;0;0;0;0;0;0;0
2012;911,00;"200 - 500 camas";0;0;0;0;354;0;0;0;0;0;0;0;0;27;0;0;0
2012;913,00;"Menos de 200 camas";0;0;0;0;28;0;0;0;0;0;0;0;20;0;0;0;0
2012;922,00;"Menos de 200 camas";0;0;6;0;53;0;0;6;0;2;0;0;0;0;0;0;0
2012;923,00;"Menos de 200 camas";0;0;0;0;84;0;0;0;0;0;0;0;0;0;0;0;0
2012;924,00;"Menos de 200 camas";0;0;0;0;48;0;0;0;0;0;0;28;0;0;0;0;0
2012;947,00;"Menos de 200 camas";0;0;0;0;26;0;0;0;0;0;0;0;0;0;0;0;0
2012;951,00;"Menos de 200 camas";0;0;0;0;50;0;0;0;0;0;0;0;0;22;0;0;0
2012;972,00;"Menos de 200 camas";0;0;0;0;30;0;0;0;0;0;0;0;0;0;0;0;0
2012;973,00;"Menos de 200 camas";0;0;2;0;30;0;0;2;0;2;0;0;0;0;10;5;2
2012;974,00;"Menos de 200 camas";0;0;0;0;140;0;0;0;0;0;0;0;0;0;0;0;0
2012;975,00;"Menos de 200 camas";0;0;0;0;101;0;0;0;0;0;0;0;0;25;0;0;0
2012;960,00;"200 - 500 camas";0;0;0;0;223;0;0;0;0;0;0;0;0;40;0;0;0
2012;1027,00;"Menos de 200 camas";0;0;0;0;48;0;0;0;0;0;0;0;0;0;0;0;0
2012;1028,00;"Menos de 200 camas";0;0;0;0;18;0;0;0;0;0;0;0;0;0;0;0;0
2012;976,00;"200 - 500 camas";0;0;0;0;278;0;0;0;0;0;0;0;12;35;0;0;0
2012;977,00;"Menos de 200 camas";0;0;0;0;174;0;0;0;0;0;0;0;0;0;0;0;0
2012;1020,00;"Menos de 200 camas";0;0;0;0;22;0;0;0;0;0;0;0;15;0;0;0;0
2012;994,00;"200 - 500 camas";6;3;5;0;245;6;3;5;0;6;0;23;0;0;0;30;0
2012;995,00;"Menos de 200 camas";0;0;0;0;76;0;0;0;0;0;0;0;0;30;0;0;0
2012;1060,00;"Menos de 200 camas";0;0;0;0;25;0;0;0;0;0;0;0;35;0;0;0;0
2012;1005,00;"Menos de 200 camas";0;0;0;0;75;0;0;0;0;0;0;0;0;0;0;0;0
2012;1061,00;"Menos de 200 camas";0;0;0;0;10;0;0;0;0;0;0;0;0;0;0;0;0
2012;1006,00;"Menos de 200 camas";0;0;0;0;52;0;0;0;0;0;0;0;20;0;0;0;0
2012;1088,00;"Menos de 200 camas";0;0;5;0;10;0;0;3;0;0;0;0;0;0;0;3;3
2012;1089,00;"Menos de 200 camas";4;2;7;0;54;0;0;3;0;3;0;0;0;0;8;0;0
2012;1076,00;"Menos de 200 camas";0;0;0;0;10;0;0;0;0;0;0;0;0;0;0;0;0
2012;1078,00;"Menos de 200 camas";0;0;0;0;49;0;0;0;0;0;0;0;0;0;0;0;0
2012;1033,00;"200 - 500 camas";0;0;12;0;363;0;0;12;0;3;0;47;0;0;0;0;0
2012;1036,00;"Menos de 200 camas";0;0;0;0;104;0;0;0;0;0;0;0;0;0;0;0;0
2012;1037,00;"Menos de 200 camas";0;0;0;0;35;0;0;0;0;0;0;0;30;0;0;0;0
2012;1039,00;"Menos de 200 camas";0;0;0;0;50;0;0;0;0;0;0;0;40;0;0;0;0
2012;1067,00;"200 - 500 camas";0;0;0;0;205;0;0;0;0;0;0;0;0;50;0;0;0
2012;1065,00;"200 - 500 camas";0;0;0;0;228;0;0;0;0;1;0;0;0;0;0;0;0
2012;1066,00;"Menos de 200 camas";4;3;6;0;83;4;3;6;0;2;0;3;0;0;0;0;0
2012;207,00;"Menos de 200 camas";1;1;7;0;116;1;1;7;0;4;0;8;0;0;0;0;0
2012;431,00;"Menos de 200 camas";0;0;1;0;156;0;0;1;0;1;0;0;0;0;0;0;0
2012;387,00;"Menos de 200 camas";4;2;3;0;110;2;2;3;0;3;0;6;0;0;1;0;0
2012;179,00;"Menos de 200 camas";0;0;0;0;75;0;0;0;0;1;0;0;0;0;0;0;0
2012;606,00;"Menos de 200 camas";3;2;3;0;105;3;2;3;0;4;1;16;0;0;0;0;0
2012;925,00;"501 - 1000 camas";16;8;24;1;886;15;5;17;1;15;0;46;49;0;35;0;0
2012;541,00;"Menos de 200 camas";6;2;4;0;103;6;2;4;0;3;0;1;0;0;0;0;0
2012;797,00;"Menos de 200 camas";2;2;5;0;102;2;2;5;0;4;0;4;0;0;0;9;0
2012;627,00;"200 - 500 camas";6;2;6;0;231;5;2;6;0;3;3;16;0;0;0;6;0
2012;173,00;"200 - 500 camas";0;0;0;0;330;0;0;0;0;0;0;0;4;0;0;0;0
2012;636,00;"501 - 1000 camas";20;3;17;1;463;20;3;17;1;11;0;22;0;18;0;17;3
2012;205,00;"Menos de 200 camas";0;0;3;0;30;0;0;3;0;1;0;0;0;0;0;0;0
2012;814,00;"Menos de 200 camas";0;0;1;0;20;0;0;1;0;1;0;0;0;0;1;0;1
2012;881,00;"Menos de 200 camas";2;1;3;1;31;2;1;3;1;1;0;0;0;0;0;0;0
2012;771,00;"501 - 1000 camas";53;2;18;2;597;53;2;18;2;11;3;10;0;0;20;0;0
2012;533,00;"Menos de 200 camas";5;1;1;1;115;5;1;1;1;1;0;0;0;0;0;0;0
2012;447,00;"200 - 500 camas";4;1;7;0;190;4;1;7;0;2;0;8;0;0;0;0;1
2012;815,00;"Menos de 200 camas";0;1;3;0;15;0;0;3;0;1;0;0;0;0;0;0;0
2012;801,00;"200 - 500 camas";24;2;10;1;490;24;2;10;1;5;1;25;0;0;3;20;10
2012;800,00;"Menos de 200 camas";0;0;3;0;100;0;0;3;0;2;0;0;0;0;0;0;0
2012;389,00;"200 - 500 camas";3;2;4;0;290;3;2;4;0;2;0;0;0;0;0;8;1
2012;759,00;"200 - 500 camas";4;0;80;0;50;0;0;5;0;80;0;0;0;0;0;0;0
2012;695,00;"200 - 500 camas";10;3;8;1;275;10;3;8;1;7;2;29;0;0;4;12;3
2012;816,00;"Menos de 200 camas";2;1;4;0;94;2;1;4;0;1;0;7;0;0;0;10;2
2012;833,00;"Menos de 200 camas";2;1;5;0;110;2;1;5;0;1;0;0;0;0;0;9;1
2012;870,00;"Menos de 200 camas";2;2;6;1;60;1;2;6;1;2;0;1;0;0;0;0;0
2012;927,00;"Menos de 200 camas";1;1;2;0;44;0;1;2;0;1;0;1;0;0;0;0;1
2012;961,00;"200 - 500 camas";12;3;12;0;464;12;3;12;0;9;4;33;0;0;8;16;0
2012;962,00;"Menos de 200 camas";1;1;2;1;34;0;1;2;1;1;0;2;0;0;2;0;2
2012;1079,00;"Menos de 200 camas";2;1;3;1;44;2;1;3;1;2;0;0;0;0;0;0;0
2012;666,00;"501 - 1000 camas";25;2;15;1;558;25;2;15;1;5;5;12;0;0;0;22;0
2012;392,00;"200 - 500 camas";0;0;0;0;117;0;0;0;0;2;0;0;0;0;0;0;0
2012;790,00;"200 - 500 camas";0;0;7;0;253;0;0;7;0;4;0;36;80;0;6;0;0
2012;650,00;"Menos de 200 camas";2;2;3;0;131;2;2;3;0;3;0;11;0;0;0;8;0
2012;876,00;"200 - 500 camas";9;2;10;0;243;9;2;10;0;5;0;17;0;0;0;0;0
2012;944,00;"Menos de 200 camas";0;0;4;0;15;0;0;4;0;2;0;0;0;0;0;0;0
2012;952,00;"Menos de 200 camas";11;2;10;0;84;11;2;10;0;3;0;5;0;0;0;0;1
2012;54,00;"Menos de 200 camas";0;0;0;0;95;0;0;0;0;0;0;0;30;0;0;0;0
2012;367,00;"Menos de 200 camas";0;0;4;0;8;0;0;2;0;2;0;5;0;0;0;6;0
2012;538,00;"200 - 500 camas";8;2;10;0;259;8;2;10;0;6;1;22;12;0;0;19;3
2012;557,00;"Menos de 200 camas";3;2;5;0;89;3;2;4;0;2;0;13;0;0;0;6;0
2012;653,00;"Menos de 200 camas";5;2;5;0;143;2;2;5;0;5;2;14;0;0;6;0;0
2012;647,00;"Menos de 200 camas";2;2;5;0;85;2;2;4;0;5;0;2;0;0;0;6;0
2012;978,00;"501 - 1000 camas";23;2;12;1;502;22;2;12;1;15;1;18;20;0;0;23;0
2012;996,00;"Menos de 200 camas";4;1;4;0;61;1;1;4;0;3;0;9;0;0;0;12;0
2012;729,00;"Más de 1.000 camas";40;8;33;4;1051;40;8;33;4;19;2;72;80;0;31;0;5
2012;182,00;"Menos de 200 camas";5;1;7;0;138;5;1;7;0;3;0;0;0;0;0;9;1
2012;633,00;"Menos de 200 camas";0;0;5;0;140;0;0;5;0;2;0;0;0;0;0;23;0
2012;685,00;"200 - 500 camas";9;3;6;0;224;9;3;6;0;3;0;12;20;0;0;0;0
2012;683,00;"Menos de 200 camas";4;3;5;0;124;4;3;5;0;3;0;4;0;0;4;0;0
2012;945,00;"Menos de 200 camas";3;2;4;0;36;3;2;4;0;3;0;0;0;0;0;10;0
2012;953,00;"Menos de 200 camas";0;0;4;0;2;0;0;2;0;0;0;0;0;0;6;0;0
2012;1022,00;"Menos de 200 camas";0;0;2;0;18;0;0;2;0;2;0;0;0;0;0;0;2
2012;1049,00;"Menos de 200 camas";0;0;2;0;4;0;0;1;0;1;0;0;0;0;0;0;0
2012;794,00;"Más de 1.000 camas";21;3;30;3;1389;21;3;30;3;13;5;85;25;0;30;0;0
2012;415,00;"Menos de 200 camas";0;0;4;0;56;0;0;4;0;1;0;24;0;0;0;0;0
2012;592,00;"Menos de 200 camas";0;1;6;0;96;0;1;6;0;2;0;0;0;0;0;0;0
2012;497,00;"Menos de 200 camas";0;0;5;1;152;0;0;5;1;2;0;0;0;0;0;0;0
2012;726,00;"200 - 500 camas";16;2;12;0;402;16;2;12;0;9;1;28;15;0;0;8;4
2012;272,00;"200 - 500 camas";0;0;4;0;221;0;0;4;0;3;0;0;0;0;0;0;0
2012;805,00;"Más de 1.000 camas";33;3;30;2;1355;33;3;30;2;16;1;35;50;0;0;0;4
2012;5,00;"Menos de 200 camas";0;0;8;0;39;0;0;8;0;2;0;5;0;0;10;0;0
2012;234,00;"Menos de 200 camas";6;1;6;0;91;2;1;6;0;1;0;5;0;0;0;0;0
2012;64,00;"Menos de 200 camas";0;0;0;0;98;0;0;0;0;0;0;0;0;0;0;0;0
2012;842,00;"Menos de 200 camas";0;1;4;0;80;0;1;4;0;3;0;0;0;0;9;0;0
2012;843,00;"Menos de 200 camas";2;1;3;0;78;2;1;3;0;4;0;4;0;0;3;4;0
2012;1025,00;"Menos de 200 camas";9;2;9;1;144;9;2;9;1;4;0;0;0;0;0;0;0
2012;803,00;"200 - 500 camas";10;2;10;0;343;7;2;8;0;6;2;23;0;0;14;0;0
2012;211,00;"Menos de 200 camas";0;0;3;0;60;0;0;3;0;2;0;0;0;0;0;0;0
2012;773,00;"200 - 500 camas";18;3;11;1;321;18;3;11;1;3;0;21;0;0;0;0;1
2012;424,00;"Menos de 200 camas";2;1;3;0;44;2;1;3;0;1;0;4;0;0;6;4;1
2012;298,00;"Menos de 200 camas";4;1;7;1;114;4;1;7;1;6;0;0;0;0;10;0;0
2012;594,00;"Menos de 200 camas";1;0;3;0;18;0;0;3;0;1;0;0;0;0;14;14;1
2012;237,00;"Menos de 200 camas";0;0;3;0;99;0;0;3;0;2;0;0;0;25;0;0;0
2012;16,00;"Menos de 200 camas";0;0;0;0;24;0;0;0;0;0;0;0;0;0;0;0;0
2012;768,00;"Menos de 200 camas";1;1;2;0;72;1;1;2;0;2;0;6;0;25;5;0;0
2012;617,00;"Menos de 200 camas";3;5;6;0;145;3;5;5;0;3;0;10;0;0;0;15;0
2012;297,00;"Menos de 200 camas";1;1;3;0;42;1;1;3;0;1;0;0;0;0;0;0;0
2012;544,00;"Menos de 200 camas";2;1;4;0;142;2;1;4;0;4;0;2;0;17;0;0;0
2012;804,00;"Menos de 200 camas";2;4;5;0;124;2;4;5;0;3;0;11;0;0;15;0;0
2012;470,00;"Menos de 200 camas";4;1;2;1;87;4;1;2;1;2;0;2;0;60;0;0;0
2012;104,00;"Menos de 200 camas";0;0;0;0;110;0;0;0;0;0;0;0;50;0;0;0;0
2012;20,00;"Menos de 200 camas";0;0;0;0;42;0;0;0;0;0;0;0;0;0;0;0;0
2012;550,00;"Menos de 200 camas";0;0;4;0;82;0;0;4;0;6;0;4;0;0;0;6;0
2012;112,00;"Menos de 200 camas";0;0;0;0;24;0;0;0;0;0;0;0;0;25;0;0;0
2012;818,00;"Menos de 200 camas";0;0;0;0;105;0;0;0;0;0;0;0;0;19;0;0;0
2012;914,00;"Menos de 200 camas";0;0;0;0;123;0;0;0;0;0;0;0;0;40;0;0;0
2012;928,00;"Menos de 200 camas";0;0;0;0;36;0;0;0;0;0;0;25;0;0;0;0;0
2012;964,00;"200 - 500 camas";4;3;5;0;219;4;3;5;0;3;0;12;0;0;6;0;0
2012;1026,00;"Menos de 200 camas";0;0;0;0;92;0;0;0;0;0;0;0;0;20;0;0;0
2012;1068,00;"Menos de 200 camas";0;0;0;0;120;0;0;0;0;0;0;0;0;32;0;0;0
2012;738,00;"501 - 1000 camas";18;6;18;0;481;18;6;18;0;13;3;89;0;0;46;0;4
2012;404,00;"Menos de 200 camas";0;0;2;0;149;0;0;2;0;1;0;0;0;0;0;0;0
2012;274,00;"Menos de 200 camas";1;1;6;1;77;1;1;6;1;5;0;5;10;0;0;0;0
2012;270,00;"Menos de 200 camas";1;2;6;1;92;1;2;6;1;2;0;7;0;0;0;0;0
2012;676,00;"Menos de 200 camas";5;2;5;0;117;5;2;5;0;7;0;11;0;0;15;0;1
2012;709,00;"200 - 500 camas";3;4;7;0;162;3;4;7;0;4;0;18;11;0;11;11;7
2012;754,00;"501 - 1000 camas";18;4;50;2;883;18;4;50;2;12;0;122;85;0;0;60;19
2012;997,00;"Menos de 200 camas";2;2;2;0;24;2;2;2;0;2;0;2;0;0;8;0;0
2012;734,00;"200 - 500 camas";8;1;12;2;340;8;1;12;2;6;2;30;15;12;0;26;0
2012;299,00;"Menos de 200 camas";0;0;2;0;57;0;0;2;0;2;0;1;0;0;0;3;2
2012;645,00;"Menos de 200 camas";1;1;1;0;51;1;1;1;0;1;0;0;0;0;0;0;0
2012;17,00;"Menos de 200 camas";0;0;0;0;131;0;0;0;0;0;0;0;0;0;0;0;0
2012;1046,00;"Menos de 200 camas";0;0;0;0;99;0;0;0;0;0;0;0;0;18;0;0;0
2012;420,00;"Menos de 200 camas";0;0;3;0;29;0;0;3;0;4;0;0;0;0;0;0;0
2012;802,00;"Menos de 200 camas";0;0;0;0;102;0;0;0;0;1;0;0;0;0;0;0;0
2012;266,00;"Menos de 200 camas";2;2;9;2;148;2;2;9;1;3;0;18;0;0;18;18;9
2012;580,00;"Menos de 200 camas";2;1;5;0;60;2;1;5;0;3;0;0;0;0;6;0;3
2012;137,00;"Menos de 200 camas";0;1;4;0;38;0;1;4;0;2;0;0;0;0;0;0;1
2012;769,00;"Menos de 200 camas";0;0;4;0;75;0;0;4;0;2;0;16;0;0;0;0;0
2012;776,00;"Menos de 200 camas";0;0;4;0;97;0;0;4;0;5;1;5;0;0;0;3;1
2012;640,00;"Menos de 200 camas";1;3;6;0;68;1;3;6;0;3;0;9;0;0;0;0;0
2012;315,00;"200 - 500 camas";0;0;0;0;458;0;0;0;0;0;0;0;30;0;0;0;0
2012;40,00;"200 - 500 camas";0;0;0;0;299;0;0;0;0;0;0;0;0;0;0;0;0
2012;508,00;"Menos de 200 camas";0;0;5;0;78;0;0;5;0;2;2;0;0;0;0;9;2
2012;46,00;"Menos de 200 camas";0;0;0;0;80;0;0;0;0;0;0;0;0;0;0;0;0
2012;590,00;"Menos de 200 camas";2;4;5;0;130;2;4;4;0;2;2;9;0;0;0;0;0
2012;777,00;"Menos de 200 camas";2;2;5;0;121;2;2;5;0;2;1;6;0;0;14;12;5
2012;897,00;"Más de 1.000 camas";20;6;29;1;1134;10;6;29;1;12;12;86;1;0;60;0;4
2012;965,00;"Menos de 200 camas";0;0;0;0;81;0;0;0;0;0;0;0;0;0;0;0;0
2012;671,00;"200 - 500 camas";12;2;7;0;243;9;2;7;0;6;0;10;0;0;7;0;0
2012;461,00;"200 - 500 camas";1;1;5;0;202;1;1;5;0;2;0;1;0;0;0;0;0
2012;376,00;"Menos de 200 camas";1;1;2;0;20;1;1;2;0;2;0;0;0;0;0;0;0
2012;621,00;"Menos de 200 camas";2;2;4;0;109;2;2;4;0;4;0;8;0;0;12;0;0
2012;793,00;"501 - 1000 camas";24;3;20;2;554;24;3;18;2;6;5;34;16;0;25;23;8
2012;324,00;"Menos de 200 camas";0;0;1;0;4;0;0;1;0;2;0;0;0;0;0;0;0
2012;712,00;"200 - 500 camas";3;2;8;0;236;3;2;6;0;5;0;20;1;1;8;0;0
2012;32,00;"Menos de 200 camas";0;0;0;0;96;0;0;0;0;0;0;0;0;0;0;0;0
2012;361,00;"Menos de 200 camas";0;0;0;0;70;0;0;0;0;1;0;0;0;12;0;0;0
2012;486,00;"Menos de 200 camas";1;1;3;0;30;0;1;3;0;1;0;0;0;0;0;0;0
2012;595,00;"Menos de 200 camas";4;2;5;0;152;4;2;4;0;3;1;12;0;0;8;0;0
2012;433,00;"Menos de 200 camas";2;2;2;0;45;2;2;2;0;2;0;0;0;0;0;0;0
2012;1058,00;"Menos de 200 camas";0;0;2;0;20;0;0;2;0;1;0;0;0;0;0;0;0
2012;261,00;"Menos de 200 camas";1;1;3;0;42;1;1;3;0;1;0;0;0;0;0;0;0
2012;730,00;"200 - 500 camas";10;2;7;0;182;6;2;4;0;6;0;12;20;0;22;0;0
2012;577,00;"200 - 500 camas";6;2;7;0;233;6;2;7;0;5;0;6;0;0;0;22;0
2012;788,00;"501 - 1000 camas";27;4;25;1;742;27;4;25;1;24;0;35;0;0;1;1;5
2012;865,00;"Menos de 200 camas";2;3;4;0;54;2;1;1;0;2;0;0;0;0;0;0;0
2012;979,00;"Menos de 200 camas";0;0;2;0;16;0;0;2;0;2;0;0;0;0;0;0;0
2012;998,00;"Menos de 200 camas";0;0;1;0;8;0;0;1;0;1;0;0;0;0;0;0;0
2012;221,00;"Menos de 200 camas";0;0;3;0;104;0;0;3;0;4;0;0;0;0;3;1;3
2012;462,00;"Menos de 200 camas";0;0;1;0;45;0;0;1;0;2;0;0;0;0;0;0;0
2012;506,00;"Menos de 200 camas";3;2;5;0;75;3;2;5;0;2;0;0;0;0;0;0;3
2012;727,00;"200 - 500 camas";9;3;8;0;378;9;3;8;0;8;0;22;0;0;0;0;0
2012;355,00;"Menos de 200 camas";0;0;2;0;87;0;0;2;0;3;0;0;0;0;0;0;0
2012;487,00;"200 - 500 camas";0;0;6;0;285;0;0;6;0;2;0;0;0;0;0;0;0
2012;938,00;"Más de 1.000 camas";20;5;19;2;861;20;5;19;2;9;12;20;10;0;0;0;2
2012;886,00;"Menos de 200 camas";0;0;3;0;113;0;0;2;0;1;0;3;0;0;0;6;1
2012;835,00;"Menos de 200 camas";1;1;2;0;46;1;1;2;0;4;0;1;0;0;0;0;0
2012;999,00;"Menos de 200 camas";0;0;0;0;11;0;0;0;0;1;0;0;0;0;0;0;0
2012;798,00;"200 - 500 camas";16;3;14;1;405;16;3;14;1;9;0;53;0;0;11;10;2
2012;504,00;"Menos de 200 camas";0;0;5;0;194;0;0;5;0;5;0;15;30;20;0;8;0
2012;247,00;"Menos de 200 camas";0;0;3;0;36;0;0;3;0;6;0;4;0;0;0;4;2
2012;216,00;"Menos de 200 camas";2;1;3;0;55;2;1;3;0;2;0;1;0;0;3;3;1
2012;654,00;"Menos de 200 camas";1;2;5;0;47;1;2;4;0;1;0;0;0;0;5;0;0
2012;65,00;"Menos de 200 camas";0;0;0;0;75;0;0;0;0;0;0;0;20;0;0;0;0
2012;472,00;"Menos de 200 camas";2;1;3;0;58;2;1;2;0;2;0;4;0;10;0;0;1
2012;427,00;"Menos de 200 camas";0;0;0;0;36;0;0;0;0;1;0;0;0;10;0;0;0
2012;491,00;"Menos de 200 camas";2;1;2;0;66;2;1;2;0;2;0;2;0;0;8;0;0
2012;551,00;"Menos de 200 camas";1;1;1;0;30;1;1;1;0;1;0;15;0;0;15;0;0
2012;106,00;"Menos de 200 camas";0;0;0;0;104;0;0;0;0;0;0;0;0;0;0;0;0
2012;819,00;"Menos de 200 camas";0;0;0;0;126;0;0;0;0;0;0;0;0;0;0;0;0
2012;836,00;"Menos de 200 camas";0;0;0;0;20;0;0;0;0;0;0;0;0;0;0;0;0
2012;915,00;"Menos de 200 camas";0;0;0;0;119;0;0;0;0;0;0;0;0;25;0;0;0
2012;942,00;"Menos de 200 camas";0;0;0;0;60;0;0;0;0;0;0;0;0;0;0;0;0
2012;748,00;"501 - 1000 camas";12;4;23;1;548;12;4;17;1;13;4;25;1;0;0;22;4
2012;198,00;"Menos de 200 camas";0;0;0;0;75;0;0;0;0;1;0;0;0;0;0;0;0
2012;871,00;"Menos de 200 camas";1;3;4;0;85;1;3;4;0;3;0;13;0;0;11;0;0
2012;948,00;"Menos de 200 camas";1;1;3;1;48;1;1;3;1;1;0;0;0;0;0;0;0
2012;1051,00;"Menos de 200 camas";0;0;0;0;137;0;0;0;0;0;0;0;0;0;0;0;0
2012;1083,00;"Menos de 200 camas";0;0;0;0;26;0;0;0;0;0;0;0;0;0;0;0;0
2012;679,00;"501 - 1000 camas";19;1;18;0;787;18;1;18;0;22;0;46;15;12;0;0;0
2012;176,00;"Menos de 200 camas";0;0;5;0;64;0;0;5;0;1;0;1;0;0;0;0;0
2012;537,00;"Menos de 200 camas";0;0;6;0;42;0;0;5;0;1;0;0;0;0;3;2;1
2012;608,00;"Menos de 200 camas";8;2;6;0;134;8;2;5;0;7;0;1;0;0;0;4;0
2012;596,00;"Menos de 200 camas";5;1;5;0;135;5;1;4;0;5;0;10;0;0;0;0;0
2012;749,00;"Más de 1.000 camas";0;0;46;3;975;0;0;37;3;33;6;50;15;0;23;0;0
2012;758,00;"Más de 1.000 camas";50;5;40;4;1256;50;5;40;4;13;9;77;40;0;0;36;5
2012;724,00;"501 - 1000 camas";20;2;31;3;785;17;2;25;3;17;7;36;55;14;15;18;8
2012;436,00;"Menos de 200 camas";0;0;0;0;83;0;0;0;0;2;4;4;0;0;0;0;0
2012;567,00;"Menos de 200 camas";0;0;11;0;89;0;0;7;0;2;0;0;50;0;0;30;3
2012;677,00;"501 - 1000 camas";0;0;14;1;424;0;0;13;1;6;2;64;10;0;18;0;0
2012;670,00;"Menos de 200 camas";2;0;6;0;154;2;0;6;0;3;0;12;15;0;13;0;0
2012;588,00;"Menos de 200 camas";0;0;9;0;122;0;0;7;0;2;0;11;0;22;8;0;0
2012;446,00;"Menos de 200 camas";0;0;3;0;75;0;0;3;0;1;0;19;0;0;11;0;0
2012;753,00;"Más de 1.000 camas";66;9;45;5;1284;50;9;30;5;17;3;96;24;0;0;41;9
2012;887,00;"200 - 500 camas";0;0;0;0;315;0;0;0;0;1;0;0;0;0;0;0;0
2012;585,00;"Menos de 200 camas";0;0;3;0;61;0;0;3;0;3;0;0;0;0;0;0;0
2012;245,00;"Menos de 200 camas";5;2;9;1;191;5;2;9;1;4;0;0;0;0;0;0;0
2012;603,00;"Menos de 200 camas";0;0;6;1;171;0;0;6;1;3;0;5;0;0;8;4;1
2012;426,00;"Menos de 200 camas";0;0;3;0;80;0;0;3;0;4;0;0;0;0;0;0;0
2012;232,00;"Menos de 200 camas";10;2;7;0;89;10;2;7;0;2;0;0;0;0;6;0;2
2012;288,00;"Menos de 200 camas";0;0;7;0;151;0;0;7;0;4;0;9;0;0;0;9;2
2012;246,00;"Menos de 200 camas";6;2;8;0;84;5;2;8;0;3;0;0;0;0;0;0;0
2012;284,00;"Menos de 200 camas";12;1;10;1;136;8;1;10;1;4;0;0;0;0;0;0;0
2012;18,00;"Menos de 200 camas";0;0;0;0;66;0;0;0;0;0;0;0;0;0;0;0;0
2012;356,00;"Menos de 200 camas";0;0;0;0;96;0;0;0;0;0;0;0;60;0;0;0;0
2012;401,00;"200 - 500 camas";0;0;0;0;388;0;0;0;0;0;0;0;0;0;0;0;0
2012;733,00;"501 - 1000 camas";15;5;15;2;586;11;5;15;2;10;4;20;3;0;0;0;3
2012;243,00;"Menos de 200 camas";0;0;4;0;80;0;0;4;0;3;0;0;0;0;0;0;0
2012;380,00;"200 - 500 camas";0;0;3;0;257;0;0;0;0;1;0;0;0;0;0;0;0
2012;716,00;"Menos de 200 camas";0;0;9;0;97;0;0;9;0;3;0;10;0;0;0;0;0
2012;534,00;"Menos de 200 camas";0;0;7;1;100;0;0;7;1;4;0;7;0;0;0;0;0
2012;185,00;"Menos de 200 camas";0;0;11;1;68;0;0;11;1;2;0;0;0;0;8;0;0
2012;258,00;"Menos de 200 camas";0;0;10;1;110;0;0;10;1;3;0;9;0;0;4;4;3
2012;505,00;"Menos de 200 camas";0;0;3;0;32;0;0;3;0;1;0;4;0;0;0;0;3
2012;268,00;"Menos de 200 camas";0;0;11;1;132;0;0;10;1;6;0;8;0;0;8;0;0
2012;602,00;"Menos de 200 camas";7;2;9;1;149;7;2;9;1;2;0;3;0;0;4;0;0
2012;254,00;"Menos de 200 camas";8;9;10;1;172;8;9;10;1;2;0;5;0;0;0;0;0
2012;705,00;"Menos de 200 camas";12;3;7;1;114;12;3;7;1;3;0;7;0;0;3;0;0
2012;133,00;"Menos de 200 camas";10;2;3;0;46;8;2;3;0;1;0;0;0;0;0;0;0
2012;33,00;"Menos de 200 camas";0;0;0;0;96;0;0;0;0;0;0;0;20;0;0;0;0
2012;143,00;"Menos de 200 camas";0;0;0;0;42;0;0;0;0;0;0;0;3;0;0;0;0
2012;36,00;"Menos de 200 camas";0;0;0;0;99;0;0;0;0;0;0;0;30;0;0;0;0
2012;756,00;"501 - 1000 camas";3;2;16;2;495;3;2;16;2;6;0;24;0;0;0;0;0
2012;662,00;"501 - 1000 camas";10;3;15;1;435;10;3;15;1;10;4;19;30;0;18;0;0
2012;192,00;"200 - 500 camas";0;0;0;0;188;0;0;0;0;1;0;0;0;0;0;0;0
2012;382,00;"200 - 500 camas";0;0;0;0;300;0;0;0;0;1;0;0;0;0;0;0;0
2012;322,00;"501 - 1000 camas";0;0;0;0;542;0;0;0;0;1;0;0;0;0;0;0;0
2012;478,00;"Menos de 200 camas";0;0;5;0;106;0;0;5;0;4;0;0;0;0;0;0;0
2012;352,00;"Menos de 200 camas";0;0;0;0;138;0;0;0;0;1;0;0;0;17;0;0;0
2012;628,00;"200 - 500 camas";10;2;12;1;354;10;2;9;1;10;5;40;0;0;0;0;0
2012;291,00;"Menos de 200 camas";0;0;0;0;194;0;0;0;0;0;0;0;150;0;0;0;0
2012;495,00;"Menos de 200 camas";0;0;6;0;86;0;0;6;0;3;0;0;0;0;0;6;0
2012;845,00;"200 - 500 camas";17;2;12;0;353;17;2;11;0;10;4;12;30;0;0;0;0
2012;498,00;"Menos de 200 camas";3;1;4;0;70;3;1;3;0;2;1;3;0;0;6;0;0
2012;314,00;"200 - 500 camas";0;0;0;0;176;0;0;0;0;2;0;0;0;0;0;0;0
2012;720,00;"Menos de 200 camas";0;0;5;0;92;0;0;5;0;4;0;5;0;0;5;0;0
2012;721,00;"501 - 1000 camas";14;2;18;1;416;14;2;14;1;11;3;25;30;15;13;0;0
2012;485,00;"Menos de 200 camas";0;1;3;0;19;0;1;3;0;1;0;5;1;0;0;4;3
2012;273,00;"200 - 500 camas";3;1;12;1;236;3;1;11;1;3;0;1;0;0;13;0;0
2012;846,00;"200 - 500 camas";10;2;15;1;383;10;2;15;1;11;1;18;1;0;21;0;0
2012;847,00;"Menos de 200 camas";0;0;9;0;80;0;0;9;0;3;0;0;0;0;0;23;3
2012;848,00;"Menos de 200 camas";25;3;8;2;179;25;3;8;2;7;0;11;0;0;5;0;0
2012;864,00;"Menos de 200 camas";0;0;0;0;59;0;0;0;0;0;0;0;0;0;0;0;0
2012;916,00;"Menos de 200 camas";0;0;4;0;70;0;0;3;0;2;0;16;0;0;6;0;0
2012;930,00;"Menos de 200 camas";3;2;4;1;80;3;2;4;1;1;0;8;0;0;0;4;0
2012;954,00;"200 - 500 camas";14;3;11;0;288;14;3;10;0;5;2;20;0;0;12;0;0
2012;943,00;"Menos de 200 camas";5;1;5;0;90;5;1;5;0;3;0;8;0;0;8;0;0
2012;949,00;"Más de 1.000 camas";46;9;48;3;1209;44;9;43;3;12;9;94;0;8;46;0;0
2012;980,00;"Menos de 200 camas";14;2;6;1;116;14;2;6;1;3;0;7;0;0;6;0;0
2012;981,00;"Menos de 200 camas";0;0;5;0;39;0;0;5;0;1;0;1;0;0;12;8;2
2012;1024,00;"200 - 500 camas";14;2;16;1;186;9;2;14;1;2;0;26;0;0;0;14;0
2012;1017,00;"Menos de 200 camas";0;0;0;0;43;0;0;0;0;1;0;0;0;0;0;0;0
2012;1000,00;"Menos de 200 camas";0;0;12;1;155;0;0;9;1;3;0;34;0;0;7;0;0
2012;1018,00;"Menos de 200 camas";4;4;6;0;86;4;4;6;0;2;0;25;1;1;0;0;0
2012;1001,00;"Menos de 200 camas";7;2;10;1;54;5;2;9;1;2;0;0;0;0;0;0;0
2012;1007,00;"200 - 500 camas";12;7;12;0;256;10;6;10;0;10;2;18;30;0;0;20;4
2012;1008,00;"200 - 500 camas";8;3;7;0;188;8;3;7;0;8;0;18;0;0;0;20;0
2012;1009,00;"200 - 500 camas";11;8;13;0;216;10;5;12;0;6;0;39;16;0;21;9;0
2012;1010,00;"Menos de 200 camas";5;3;5;0;108;5;3;5;0;4;0;11;0;0;0;15;0
2012;1011,00;"Menos de 200 camas";4;2;5;0;87;4;2;4;0;3;0;9;0;0;18;0;0
2012;1012,00;"200 - 500 camas";8;8;9;0;175;6;6;8;0;5;0;24;0;0;0;13;0
2012;1013,00;"501 - 1000 camas";24;12;19;2;549;24;12;15;2;11;0;37;30;0;34;0;0
2012;1041,00;"Menos de 200 camas";0;0;0;0;119;0;0;0;0;0;0;0;0;0;0;0;0
2012;1073,00;"200 - 500 camas";14;6;10;1;147;7;6;10;1;3;1;21;14;0;12;26;0
2012;1087,00;"200 - 500 camas";6;6;12;1;105;2;6;12;1;4;0;40;0;0;0;0;0
2012;789,00;"200 - 500 camas";0;0;0;0;341;0;0;0;0;0;0;0;0;0;0;0;0
2012;326,00;"Menos de 200 camas";0;0;0;0;126;0;0;0;0;0;0;0;0;0;0;0;0
2012;442,00;"Menos de 200 camas";4;3;9;1;89;4;3;9;1;2;0;6;0;0;7;7;0
2012;294,00;"Menos de 200 camas";2;1;5;1;118;2;1;5;1;1;0;6;0;0;1;0;0
2012;378,00;"Menos de 200 camas";3;2;5;0;59;3;2;5;0;1;0;1;0;0;0;3;0
2012;402,00;"Menos de 200 camas";0;0;7;1;48;0;0;7;1;3;0;0;0;0;0;0;0
2012;29,00;"Menos de 200 camas";0;0;0;0;174;0;0;0;0;0;0;0;0;0;0;0;0
2012;450,00;"Menos de 200 camas";0;0;4;0;12;0;0;4;0;1;0;0;0;0;5;0;0
2012;656,00;"Menos de 200 camas";4;2;6;0;137;4;2;6;0;4;0;20;12;0;0;12;6
2012;333,00;"Menos de 200 camas";1;1;5;1;60;1;1;5;1;1;0;6;0;0;0;0;0
2012;668,00;"Menos de 200 camas";5;2;6;0;135;5;2;6;0;5;0;7;0;0;0;8;2
2012;684,00;"Menos de 200 camas";6;2;8;0;193;6;2;8;0;6;0;7;4;0;7;0;0
2012;549,00;"Menos de 200 camas";4;2;3;0;103;4;2;3;0;6;0;4;0;0;0;0;0
2012;582,00;"Menos de 200 camas";3;3;3;1;104;3;3;3;1;3;0;4;0;0;2;0;0
2012;743,00;"200 - 500 camas";15;2;14;1;460;15;2;12;1;5;3;41;0;0;20;0;0
2012;795,00;"Menos de 200 camas";0;0;5;0;108;0;0;5;0;1;0;0;0;0;7;8;0
2012;269,00;"Menos de 200 camas";0;0;3;0;24;0;0;3;0;1;0;0;0;0;0;0;0
2012;634,00;"200 - 500 camas";0;0;6;0;198;0;0;6;0;3;0;6;0;0;6;0;0
2012;1,00;"Menos de 200 camas";2;1;4;0;46;2;1;4;0;1;0;0;0;0;0;0;0
2012;717,00;"200 - 500 camas";8;2;5;0;201;8;2;4;0;4;0;7;15;0;8;0;0
2012;373,00;"Menos de 200 camas";0;0;0;0;138;0;0;0;0;1;0;0;0;0;0;0;0
2012;535,00;"Menos de 200 camas";2;2;5;0;156;2;2;5;0;5;2;3;20;0;0;15;0
2012;824,00;"Más de 1.000 camas";17;4;30;2;1075;17;4;26;2;50;7;113;12;0;46;0;0
2012;888,00;"Menos de 200 camas";2;1;3;0;90;2;1;3;0;2;0;0;0;0;0;0;0
2012;902,00;"Menos de 200 camas";0;0;1;0;19;0;0;1;0;1;0;0;0;0;0;0;0
2012;968,00;"Menos de 200 camas";0;0;0;0;35;0;0;0;0;0;0;0;0;0;0;0;0
2012;346,00;"200 - 500 camas";0;0;0;0;284;0;0;0;0;0;0;0;0;0;0;0;0
2012;27,00;"Menos de 200 camas";0;0;0;0;97;0;0;0;0;0;0;0;0;0;0;0;0
2012;165,00;"Menos de 200 camas";2;1;2;0;44;2;1;2;0;1;0;2;0;0;0;0;0
2012;956,00;"200 - 500 camas";11;2;12;0;469;11;2;9;0;10;0;17;10;0;0;24;0
2012;413,00;"Menos de 200 camas";0;0;0;0;53;0;0;0;0;0;0;0;0;0;0;0;0
2012;149,00;"Menos de 200 camas";0;0;3;0;66;0;0;3;0;1;0;0;0;0;16;0;0
2012;612,00;"Menos de 200 camas";1;3;7;1;163;1;3;7;1;9;0;0;0;0;0;0;0
2012;559,00;"Menos de 200 camas";0;0;4;0;89;0;0;4;0;3;0;0;0;0;0;0;0
2012;7,00;"Menos de 200 camas";0;0;5;0;113;0;0;5;0;1;0;0;0;0;0;0;0
2012;283,00;"Menos de 200 camas";0;0;8;1;167;0;0;8;1;6;0;0;0;0;0;0;0
2012;37,00;"Menos de 200 camas";0;0;0;0;47;0;0;0;0;0;0;0;0;0;0;0;0
2012;153,00;"Menos de 200 camas";0;0;8;0;177;0;0;8;0;7;0;0;0;0;0;0;0
2012;547,00;"200 - 500 camas";4;5;9;0;230;4;5;7;0;8;0;19;0;0;1;2;1
2012;397,00;"Menos de 200 camas";0;0;0;0;80;0;0;0;0;2;0;0;0;18;0;0;0
2012;556,00;"Menos de 200 camas";6;4;4;0;120;6;4;4;0;4;0;7;0;0;0;0;0
2012;42,00;"Menos de 200 camas";0;0;0;0;80;0;0;0;0;0;0;0;0;0;0;0;0
2012;31,00;"200 - 500 camas";0;0;0;0;241;0;0;0;0;0;0;0;0;40;0;0;0
2012;740,00;"501 - 1000 camas";40;8;26;1;810;40;8;22;1;14;4;38;37;0;32;0;0
2012;1086,00;"Menos de 200 camas";4;2;8;1;142;3;2;8;1;1;0;18;0;0;0;18;2
2012;937,00;"501 - 1000 camas";4;3;14;0;468;4;3;10;0;13;0;27;8;0;0;34;0
2012;1004,00;"Menos de 200 camas";3;1;3;0;44;3;1;2;0;0;0;1;0;0;0;0;0
2012;737,00;"501 - 1000 camas";8;3;18;1;753;8;3;15;1;8;4;14;25;0;17;0;0
2012;765,00;"Más de 1.000 camas";29;3;36;2;1124;29;3;33;2;19;9;53;0;0;0;0;0
2012;329,00;"200 - 500 camas";0;0;7;0;224;0;0;6;0;3;5;6;6;0;12;0;0
2012;87,00;"200 - 500 camas";0;0;0;0;204;0;0;0;0;0;0;0;0;0;0;0;0
2012;527,00;"Menos de 200 camas";0;0;8;0;136;0;0;6;0;2;0;0;0;24;0;0;0
2012;562,00;"Menos de 200 camas";0;0;7;1;93;0;0;7;1;3;0;0;0;0;0;0;0
2012;251,00;"Menos de 200 camas";2;3;5;1;90;2;3;5;1;3;0;0;0;0;0;0;0
2012;129,00;"200 - 500 camas";0;0;0;0;280;0;0;0;0;0;0;0;0;0;0;0;0
2012;154,00;"Menos de 200 camas";0;0;0;0;146;0;0;0;0;1;0;0;0;25;0;0;0
2012;516,00;"Menos de 200 camas";4;1;8;1;113;4;1;8;1;2;0;7;0;0;0;0;0
2012;184,00;"Menos de 200 camas";2;1;4;0;42;2;1;4;0;1;0;0;0;0;0;0;0
2012;652,00;"200 - 500 camas";0;0;5;0;116;0;0;5;0;3;0;0;0;0;0;0;0
2012;637,00;"Menos de 200 camas";2;2;5;0;118;2;2;2;0;4;0;12;0;0;0;0;0
2012;88,00;"Menos de 200 camas";0;0;0;0;43;0;0;0;0;0;0;0;0;0;0;0;0
2012;907,00;"Menos de 200 camas";0;0;0;0;39;0;0;0;0;0;0;0;0;0;0;0;0
2012;970,00;"Menos de 200 camas";0;0;0;0;43;0;0;0;0;0;0;0;50;0;0;0;0
2012;1019,00;"Menos de 200 camas";0;0;2;0;17;0;0;2;0;2;0;0;0;0;0;0;0
2012;1016,00;"Menos de 200 camas";2;2;5;1;68;2;2;5;1;1;0;0;0;0;0;0;0
2012;1047,00;"200 - 500 camas";10;3;7;0;182;10;3;5;0;3;0;10;1;1;0;10;0
2012;635,00;"Menos de 200 camas";12;2;4;0;165;12;2;4;0;5;0;4;2;0;0;0;0
2012;422,00;"Menos de 200 camas";0;0;4;1;50;0;0;3;1;1;0;1;0;0;0;0;1
2012;763,00;"Más de 1.000 camas";46;13;33;2;1011;46;13;32;2;22;2;48;0;0;60;3;3
2012;741,00;"501 - 1000 camas";8;5;20;2;486;8;5;20;2;20;9;49;9;0;66;0;0
2012;553,00;"200 - 500 camas";14;6;11;1;350;14;6;11;1;6;1;22;0;0;0;6;0
2012;357,00;"Menos de 200 camas";0;0;6;0;160;0;0;6;0;2;0;0;0;0;0;12;1
2012;899,00;"Menos de 200 camas";0;0;0;0;70;0;0;0;0;0;0;0;0;0;0;0;0
2012;900,00;"Menos de 200 camas";0;0;2;0;8;0;0;2;0;1;0;0;0;0;2;0;0
2012;932,00;"Menos de 200 camas";0;0;2;0;15;0;0;2;0;0;0;0;0;0;0;0;0
2012;950,00;"Menos de 200 camas";0;0;1;0;6;0;0;1;0;1;0;0;0;0;0;0;0
2012;966,00;"Menos de 200 camas";2;4;1;1;72;2;4;1;1;2;0;0;0;0;0;0;0
2012;967,00;"Menos de 200 camas";0;0;0;0;10;0;0;0;0;0;0;20;0;0;0;0;0
2012;982,00;"Menos de 200 camas";3;1;5;1;81;1;1;4;1;4;0;11;0;0;4;0;2
2012;1014,00;"Menos de 200 camas";0;0;3;0;19;0;0;3;0;3;0;1;0;0;0;0;0
2012;1048,00;"Menos de 200 camas";0;0;1;0;1;0;0;1;0;0;0;0;0;0;0;0;0
2012;1080,00;"Menos de 200 camas";8;2;7;1;105;8;2;6;1;2;0;7;0;0;0;6;1
2012;1074,00;"Menos de 200 camas";0;0;2;0;12;0;0;2;0;1;0;1;0;0;0;3;2
2012;722,00;"501 - 1000 camas";72;3;27;3;863;70;3;27;3;13;2;69;0;0;12;13;2
2012;660,00;"200 - 500 camas";0;0;12;0;320;0;0;9;0;3;0;10;0;0;21;0;0
2012;75,00;"Menos de 200 camas";0;0;0;0;100;0;0;0;0;0;0;0;40;0;0;0;0
2012;249,00;"Menos de 200 camas";3;2;7;1;124;2;2;7;1;3;0;0;0;0;7;0;0
2012;275,00;"Menos de 200 camas";0;0;5;0;94;0;0;5;0;1;0;0;0;0;6;0;0
2012;227,00;"Menos de 200 camas";6;2;6;1;98;6;2;6;1;2;0;0;0;0;0;0;0
2012;150,00;"Menos de 200 camas";0;0;4;0;82;0;0;4;0;2;0;0;0;0;4;0;0
2012;47,00;"Menos de 200 camas";0;0;0;0;44;0;0;0;0;0;0;0;0;0;0;0;0
2012;172,00;"Menos de 200 camas";0;0;5;0;148;0;0;5;0;1;0;6;0;0;6;0;1
2012;581,00;"Menos de 200 camas";3;2;4;0;103;3;2;4;0;3;0;1;0;0;1;0;0
2012;120,00;"Menos de 200 camas";0;0;1;0;39;0;0;1;0;1;0;0;0;0;0;1;1
2012;445,00;"Menos de 200 camas";0;0;2;0;140;0;0;2;0;0;0;0;0;0;0;0;0
2012;471,00;"200 - 500 camas";0;0;5;0;202;0;0;5;0;2;0;0;0;0;0;0;0
2012;53,00;"Menos de 200 camas";0;0;0;0;80;0;0;0;0;0;0;0;0;0;0;0;0
2012;199,00;"Menos de 200 camas";0;0;3;0;175;0;0;3;0;1;0;0;0;0;4;0;0
2012;575,00;"Menos de 200 camas";6;5;10;0;164;6;5;10;0;4;0;9;0;0;9;0;0
2012;528,00;"Menos de 200 camas";6;2;4;0;98;6;2;3;0;3;1;2;0;0;0;5;0
2012;631,00;"200 - 500 camas";10;2;6;0;283;10;2;6;0;12;3;12;0;0;0;6;0
2012;699,00;"200 - 500 camas";0;0;10;0;363;0;0;9;0;9;2;30;0;0;37;0;0
2012;823,00;"Menos de 200 camas";0;0;3;0;30;0;0;3;0;2;0;0;0;0;3;0;0
2012;849,00;"Menos de 200 camas";0;0;5;0;105;0;0;5;0;2;0;0;0;0;6;0;0
2012;869,00;"Menos de 200 camas";0;0;4;0;90;0;0;4;0;3;0;0;0;0;0;0;0
2012;955,00;"Menos de 200 camas";0;0;0;0;47;0;0;0;0;0;0;0;0;0;0;0;0
2012;983,00;"200 - 500 camas";0;0;0;0;222;0;0;0;0;0;0;0;0;0;0;0;0
2012;1002,00;"Menos de 200 camas";0;0;0;0;60;0;0;0;0;0;0;0;0;0;0;0;0
2012;1015,00;"501 - 1000 camas";18;8;25;2;586;18;8;25;2;22;0;69;0;0;43;0;0
2012;51,00;"Menos de 200 camas";0;0;0;0;16;0;0;0;0;0;0;0;34;0;0;0;0
2012;441,00;"Menos de 200 camas";0;0;7;0;193;0;0;7;0;3;0;0;0;0;0;0;0
2012;327,00;"Menos de 200 camas";0;0;0;0;195;0;0;0;0;0;0;0;0;38;0;0;0
2012;690,00;"200 - 500 camas";4;2;15;2;232;4;2;15;2;3;0;24;0;0;2;0;0
2012;262,00;"Menos de 200 camas";2;2;7;0;90;2;2;7;0;2;0;3;0;0;0;7;0
2012;403,00;"Menos de 200 camas";0;0;3;0;13;0;0;3;0;1;0;0;0;0;0;0;0
2012;312,00;"Menos de 200 camas";0;0;0;0;155;0;0;0;0;0;0;0;15;0;0;0;0
2012;589,00;"Menos de 200 camas";2;1;4;0;93;2;1;4;0;6;0;6;0;0;6;0;0
2012;665,00;"Menos de 200 camas";3;2;4;0;176;3;2;4;0;4;0;3;0;0;0;0;0
2012;334,00;"Menos de 200 camas";0;0;0;0;21;0;0;0;0;0;0;0;0;0;0;0;0
2012;1075,00;"Más de 1.000 camas";29;4;29;1;1024;29;4;29;1;8;6;62;122;0;0;30;0
2012;751,00;"501 - 1000 camas";11;3;19;1;841;11;3;18;1;11;3;79;20;0;0;26;4
2012;186,00;"Menos de 200 camas";1;0;3;1;49;1;0;3;1;3;0;0;0;0;0;0;0
2012;646,00;"Menos de 200 camas";2;1;2;0;101;2;1;2;0;3;0;10;0;0;2;1;2
2012;536,00;"Menos de 200 camas";1;1;3;0;79;1;1;3;0;5;0;0;0;0;3;1;1
2012;242,00;"Menos de 200 camas";2;1;2;0;49;1;1;2;0;2;0;0;0;0;0;0;0
2012;490,00;"200 - 500 camas";0;0;5;0;172;0;0;4;0;2;0;0;0;15;0;16;0
2012;500,00;"200 - 500 camas";3;2;5;1;126;3;2;5;1;4;0;9;0;0;0;0;0
2012;206,00;"Menos de 200 camas";0;0;3;0;48;0;0;3;0;1;0;0;0;0;0;0;0
2012;58,00;"Menos de 200 camas";0;0;0;0;27;0;0;0;0;0;0;0;0;0;0;0;0
2012;572,00;"200 - 500 camas";12;4;11;0;351;12;4;9;0;10;0;17;50;0;12;0;0
2012;180,00;"Menos de 200 camas";0;0;2;0;80;0;0;2;0;1;0;0;0;0;0;0;0
2012;217,00;"Menos de 200 camas";0;0;3;0;43;0;0;3;0;1;0;0;0;0;0;0;0
2012;863,00;"Menos de 200 camas";2;1;3;0;26;1;1;2;0;1;0;0;0;0;0;0;0
2012;889,00;"501 - 1000 camas";0;0;22;3;708;0;0;13;3;14;7;64;0;0;0;23;4
2012;984,00;"Menos de 200 camas";0;0;5;0;127;0;0;5;0;3;0;0;0;0;0;0;0
2012;34,00;"Menos de 200 camas";0;0;0;0;68;0;0;0;0;0;0;0;0;0;0;0;0
2012;791,00;"Menos de 200 camas";2;1;5;0;120;0;1;5;0;3;0;0;0;0;0;0;0
2012;181,00;"Menos de 200 camas";0;0;0;0;77;0;0;0;0;1;0;0;0;0;0;0;0
2012;430,00;"Menos de 200 camas";0;0;1;0;14;0;0;1;0;1;0;0;0;0;0;0;0
2012;715,00;"501 - 1000 camas";0;2;12;1;404;0;2;12;1;10;0;13;0;0;0;0;0
2012;521,00;"Menos de 200 camas";0;0;3;0;72;0;0;3;0;4;0;0;0;0;0;0;0
2012;524,00;"Menos de 200 camas";2;1;9;1;192;2;1;9;1;2;0;5;0;0;0;6;2
2012;432,00;"Menos de 200 camas";0;0;2;0;18;0;0;2;0;1;0;0;0;0;0;0;0
2012;19,00;"Menos de 200 camas";3;1;2;0;24;3;1;2;0;0;0;0;0;0;0;0;0
2012;25,00;"Menos de 200 camas";0;0;0;0;47;0;0;0;0;0;0;0;0;0;0;0;0
2012;26,00;"Menos de 200 camas";0;0;0;0;56;0;0;0;0;0;0;0;0;0;0;0;0
2012;890,00;"501 - 1000 camas";18;2;17;1;595;18;2;17;1;21;4;48;20;0;0;15;0
2012;904,00;"Menos de 200 camas";0;1;3;0;90;0;1;3;0;3;0;2;0;0;0;0;0
2012;957,00;"Más de 1.000 camas";21;3;33;4;1207;21;3;32;4;22;4;83;20;0;33;20;2
2012;939,00;"501 - 1000 camas";18;3;26;2;938;18;3;26;2;19;1;20;27;0;0;37;5
2012;236,00;"Menos de 200 camas";1;1;5;0;99;1;1;5;0;0;0;15;0;0;15;0;0
2012;735,00;"501 - 1000 camas";38;3;22;1;770;38;3;22;1;8;6;62;45;0;0;10;2
2012;146,00;"200 - 500 camas";0;0;0;0;267;0;0;0;0;1;0;0;0;0;0;0;0
2012;363,00;"Menos de 200 camas";0;0;6;1;179;0;0;6;1;1;0;0;0;0;0;0;0
2012;187,00;"Menos de 200 camas";0;0;4;0;187;0;0;4;0;2;0;0;0;0;0;0;0
2012;265,00;"Menos de 200 camas";0;0;2;0;72;0;0;2;0;5;0;0;0;0;0;0;0
2012;295,00;"Menos de 200 camas";0;0;5;0;13;0;0;4;0;2;0;0;0;0;0;0;0
2012;496,00;"200 - 500 camas";4;2;5;1;162;2;2;3;1;3;0;0;0;0;0;0;0
2012;77,00;"Menos de 200 camas";0;0;0;0;99;0;0;0;0;0;0;0;0;0;0;0;0
2012;391,00;"Menos de 200 camas";0;0;2;0;32;0;0;2;0;1;0;0;0;0;0;0;0
2012;240,00;"Menos de 200 camas";2;1;4;0;161;2;1;4;0;2;0;0;0;0;0;1;1
2012;448,00;"Menos de 200 camas";0;1;2;0;38;0;1;2;0;1;0;0;0;0;0;0;0
2012;151,00;"Menos de 200 camas";0;0;0;0;144;0;0;0;0;1;0;0;0;0;0;0;0
2012;425,00;"Menos de 200 camas";3;1;2;0;25;0;1;2;0;1;0;0;0;0;0;0;0
2012;300,00;"Menos de 200 camas";0;0;2;0;49;0;0;2;0;2;0;0;0;0;0;0;0
2012;339,00;"Menos de 200 camas";1;1;5;1;55;0;1;5;1;3;0;0;0;0;0;0;0
2012;826,00;"Menos de 200 camas";0;0;0;0;87;0;0;0;0;0;0;0;0;0;0;0;0
2012;874,00;"Menos de 200 camas";3;2;5;0;198;3;2;5;0;6;1;2;0;0;0;0;0
2012;905,00;"501 - 1000 camas";18;4;20;2;735;18;4;18;2;7;3;37;0;0;0;24;6
2012;736,00;"501 - 1000 camas";22;3;32;2;840;22;3;24;2;16;0;39;40;0;58;0;0
2012;459,00;"Menos de 200 camas";0;0;2;0;30;0;0;2;0;1;0;0;0;0;0;0;0
2012;320,00;"Menos de 200 camas";0;0;3;0;120;0;0;3;0;1;0;0;0;1;0;8;3
2012;45,00;"200 - 500 camas";0;0;0;0;390;0;0;0;0;0;0;0;140;57;0;0;0
2012;292,00;"Menos de 200 camas";0;0;0;0;72;0;0;0;0;0;0;0;30;0;0;0;0
2012;618,00;"Menos de 200 camas";2;1;4;0;111;2;1;4;0;6;1;12;0;0;20;0;0
2012;463,00;"200 - 500 camas";0;2;10;0;232;0;0;7;0;6;3;39;15;0;22;0;0
2012;891,00;"Menos de 200 camas";0;3;7;0;93;0;3;7;0;3;0;0;0;0;0;0;0
2012;958,00;"200 - 500 camas";10;2;9;0;333;10;2;9;0;10;0;22;0;10;6;0;0
2012;244,00;"Menos de 200 camas";1;1;2;0;50;1;1;2;0;0;0;0;0;0;0;0;0
2012;28,00;"Menos de 200 camas";0;0;0;0;53;0;0;0;0;0;0;0;0;0;0;0;0
2012;444,00;"Menos de 200 camas";0;0;5;0;41;0;0;5;0;3;0;2;0;0;4;0;0
2012;479,00;"Menos de 200 camas";0;0;2;0;51;0;0;2;0;1;0;0;0;0;0;36;2
2012;285,00;"Menos de 200 camas";2;2;4;1;91;2;2;4;1;2;0;7;0;0;0;0;0
2012;253,00;"Menos de 200 camas";10;5;10;1;121;10;5;10;1;3;0;0;0;0;2;10;3
2012;481,00;"Menos de 200 camas";3;2;4;1;53;3;2;4;1;3;0;0;0;0;0;0;4
2012;540,00;"Menos de 200 camas";5;3;8;1;128;5;3;8;1;5;0;0;0;0;0;0;0
2012;332,00;"Menos de 200 camas";0;0;2;0;10;0;0;2;0;0;0;0;0;0;0;0;0
2012;41,00;"Menos de 200 camas";0;0;0;0;55;0;0;0;0;0;0;0;0;0;0;0;0
2012;510,00;"Menos de 200 camas";0;0;5;0;42;0;0;5;0;4;0;1;0;0;1;1;1
2012;305,00;"Menos de 200 camas";0;0;2;0;12;0;0;0;0;1;0;2;0;0;0;0;0
2012;708,00;"Menos de 200 camas";8;2;7;0;179;8;2;7;0;6;0;14;0;0;20;0;0
2012;755,00;"Más de 1.000 camas";58;4;51;3;1165;53;4;51;3;22;6;145;30;0;0;201;10
2012;750,00;"501 - 1000 camas";26;3;25;3;793;19;3;24;3;10;5;56;25;0;0;29;8
2012;696,00;"501 - 1000 camas";24;2;15;1;543;18;2;15;1;9;7;40;0;0;5;22;4
2012;434,00;"Menos de 200 camas";3;1;2;0;23;3;1;2;0;3;0;2;0;0;36;0;0
2012;421,00;"Menos de 200 camas";0;0;4;0;102;0;0;3;0;3;0;0;0;0;0;0;0
2012;827,00;"Menos de 200 camas";0;0;0;0;182;0;0;0;0;0;0;0;0;0;0;0;0
2012;933,00;"200 - 500 camas";0;0;8;0;173;0;0;7;0;8;0;2;0;0;38;0;2
2012;1030,00;"Menos de 200 camas";7;5;18;1;96;7;2;10;1;1;0;5;0;0;0;0;0
2012;1003,00;"Menos de 200 camas";0;0;2;0;16;0;0;2;0;1;0;4;0;0;0;6;2
2012;1050,00;"Menos de 200 camas";0;0;1;0;8;0;0;1;0;3;0;6;0;0;0;2;1
2012;1043,00;"Menos de 200 camas";8;5;8;0;104;8;5;8;0;1;0;0;0;0;0;6;0
2012;934,00;"200 - 500 camas";6;4;8;0;334;5;4;5;0;7;0;15;0;0;0;16;0
2012;629,00;"200 - 500 camas";15;2;12;1;304;15;2;10;1;6;0;15;7;0;7;15;3
2012;21,00;"Menos de 200 camas";0;0;0;0;156;0;0;0;0;0;0;0;0;45;0;0;0
2012;615,00;"Menos de 200 camas";2;6;6;0;184;2;6;6;0;0;0;0;0;0;0;0;0
2012;626,00;"Menos de 200 camas";1;1;5;0;52;1;1;5;0;3;0;0;0;0;0;0;0
2012;417,00;"Menos de 200 camas";0;0;2;0;24;0;0;2;0;2;0;4;0;0;0;0;0
2012;597,00;"Menos de 200 camas";4;1;3;0;104;4;1;3;0;3;0;0;0;10;0;6;0
2012;539,00;"200 - 500 camas";9;7;10;0;310;9;7;6;0;20;0;68;0;20;22;22;0
2012;343,00;"Menos de 200 camas";1;1;3;0;47;1;1;3;0;4;0;0;0;0;0;0;0
2012;135,00;"200 - 500 camas";0;0;0;0;336;0;0;0;0;0;0;0;0;0;0;0;0
2012;158,00;"501 - 1000 camas";0;0;0;0;662;0;0;0;0;1;0;0;24;20;0;0;0
2012;775,00;"200 - 500 camas";6;6;6;0;166;6;6;6;0;4;0;14;0;0;0;4;0
2012;177,00;"200 - 500 camas";0;0;0;0;250;0;0;0;0;1;0;0;0;40;0;0;0
2012;578,00;"Menos de 200 camas";2;1;3;0;38;2;1;3;0;2;0;0;0;0;0;0;0
2012;416,00;"Menos de 200 camas";0;0;2;0;112;0;0;2;0;5;0;0;0;20;0;0;0
2012;561,00;"Menos de 200 camas";2;1;3;0;150;2;1;3;0;4;0;8;0;34;0;12;1
2012;828,00;"Menos de 200 camas";0;0;0;0;85;0;0;0;0;0;0;0;0;25;0;0;0
2012;860,00;"Menos de 200 camas";3;1;3;0;61;3;1;3;0;3;0;0;0;0;0;0;0
2012;935,00;"Menos de 200 camas";0;0;0;0;70;0;0;0;0;0;0;0;0;20;0;0;0
2012;936,00;"Menos de 200 camas";0;0;0;0;25;0;0;0;0;0;0;0;0;0;0;0;0
2012;986,00;"Menos de 200 camas";0;0;0;0;45;0;0;0;0;0;0;0;40;0;0;0;0
2012;987,00;"Menos de 200 camas";2;2;4;0;98;0;2;4;0;5;0;0;0;0;0;0;0
2012;1021,00;"Menos de 200 camas";0;0;0;0;30;0;0;0;0;0;0;0;0;0;0;0;0
2012;1085,00;"Menos de 200 camas";0;0;0;0;55;0;0;0;0;0;0;0;0;0;0;0;0
2012;658,00;"200 - 500 camas";4;2;5;0;207;4;2;5;0;4;0;1;0;0;0;7;0
2012;353,00;"Menos de 200 camas";0;0;0;0;46;0;0;0;0;2;0;0;0;15;0;0;0
2012;323,00;"Menos de 200 camas";0;0;0;0;160;0;0;0;0;0;0;0;20;0;0;0;0
2012;620,00;"Menos de 200 camas";3;2;3;0;123;3;2;3;0;3;0;0;0;0;0;0;0
2012;384,00;"200 - 500 camas";0;0;1;0;178;0;0;1;0;1;0;3;0;0;0;0;0
2012;484,00;"Menos de 200 camas";0;0;3;0;135;0;0;3;0;1;0;3;25;0;0;0;0
2012;554,00;"200 - 500 camas";12;2;9;1;267;11;2;9;1;9;0;16;15;0;0;0;0
2012;209,00;"Menos de 200 camas";0;0;2;0;17;0;0;2;0;2;0;0;0;0;0;0;0
2012;707,00;"501 - 1000 camas";39;3;17;2;733;39;3;17;2;7;6;29;0;12;0;0;0
2012;395,00;"Menos de 200 camas";0;0;1;0;10;0;0;1;0;1;0;0;0;0;0;0;0
2012;969,00;"Menos de 200 camas";0;0;4;0;57;0;0;4;0;2;0;5;0;0;0;0;0
2012;1052,00;"Menos de 200 camas";0;0;0;0;25;0;0;0;0;0;0;0;0;0;0;0;0
2012;739,00;"Más de 1.000 camas";54;8;40;3;980;54;8;40;3;46;4;79;0;0;0;53;0
2012;613,00;"501 - 1000 camas";6;2;18;1;509;6;2;18;1;9;5;19;0;0;0;18;3
2012;593,00;"200 - 500 camas";0;0;10;0;285;0;0;10;0;6;4;17;0;0;19;0;0
2012;704,00;"501 - 1000 camas";22;3;16;1;537;22;3;16;1;9;4;41;0;0;24;0;0
2012;493,00;"Menos de 200 camas";0;0;6;0;33;0;0;6;0;2;0;0;0;0;0;30;0
2012;686,00;"501 - 1000 camas";8;1;26;2;482;8;1;26;2;5;0;46;0;0;12;10;3
2012;257,00;"Menos de 200 camas";12;3;12;1;184;12;3;12;1;2;0;0;0;0;0;0;0
2012;494,00;"Menos de 200 camas";0;0;5;0;36;0;0;4;0;1;0;0;0;0;0;0;0
2012;681,00;"Menos de 200 camas";0;0;8;0;119;0;0;8;0;2;0;33;0;0;0;0;0
2012;286,00;"Menos de 200 camas";10;2;11;1;100;5;2;11;1;3;0;0;0;0;0;0;0
2012;255,00;"Menos de 200 camas";2;1;7;1;73;2;1;7;1;3;0;9;0;0;11;3;0
2012;79,00;"Menos de 200 camas";0;0;0;0;80;0;0;0;0;0;0;0;0;0;0;0;0
2012;81,00;"Menos de 200 camas";0;0;0;0;75;0;0;0;0;0;0;0;0;0;0;0;0
2012;688,00;"200 - 500 camas";6;2;6;0;236;6;2;6;0;6;1;11;0;0;0;6;1
2012;531,00;"200 - 500 camas";7;2;8;0;233;7;2;8;0;6;2;23;0;0;8;0;0
2012;514,00;"Menos de 200 camas";0;1;3;0;44;0;1;3;0;3;0;2;0;0;0;14;0
2012;499,00;"200 - 500 camas";0;0;8;0;111;0;0;7;0;5;0;0;0;0;0;0;0
2012;532,00;"200 - 500 camas";4;2;11;0;242;4;2;11;0;7;1;15;0;0;0;23;1
2012;190,00;"Menos de 200 camas";0;0;0;0;145;0;0;0;0;3;0;0;0;0;0;0;0
2012;598,00;"Menos de 200 camas";4;1;3;0;83;4;1;3;0;5;0;5;0;0;6;0;0
2012;260,00;"200 - 500 camas";15;5;21;1;230;15;5;21;1;4;0;0;0;0;0;0;0
2012;838,00;"Menos de 200 camas";0;0;1;0;11;0;0;1;0;1;0;0;0;0;0;0;0
2012;839,00;"Menos de 200 camas";2;1;4;0;33;0;1;4;0;1;0;16;0;0;0;0;0
2012;851,00;"Menos de 200 camas";0;0;2;0;7;0;0;2;0;0;0;0;0;0;2;0;0
2012;852,00;"200 - 500 camas";4;5;14;1;301;4;5;14;1;10;4;15;1;0;0;30;3
2012;988,00;"Menos de 200 camas";0;0;0;0;125;0;0;0;0;1;0;12;20;0;0;0;0
2012;1056,00;"200 - 500 camas";7;2;10;1;230;7;2;10;1;4;4;24;0;0;5;0;0
2012;1044,00;"Menos de 200 camas";0;0;0;0;57;0;0;0;0;0;0;0;0;0;0;0;0
2012;644,00;"501 - 1000 camas";17;6;19;0;610;17;6;19;0;9;2;26;0;0;23;0;2
2012;752,00;"501 - 1000 camas";8;2;19;2;690;8;2;19;2;16;8;34;30;0;0;0;0
2012;238,00;"Menos de 200 camas";0;0;9;0;80;0;0;9;0;3;0;5;0;0;18;1;9
2012;325,00;"Menos de 200 camas";0;0;0;0;182;0;0;0;0;0;0;0;0;0;0;0;0
2012;622,00;"Menos de 200 camas";3;2;3;0;106;3;2;2;0;2;0;2;0;0;0;0;0
2012;879,00;"Menos de 200 camas";2;1;4;0;92;2;1;4;0;1;0;0;0;0;0;0;0
2012;906,00;"Menos de 200 camas";4;1;4;1;95;4;1;4;1;1;0;6;0;0;0;0;0
2012;370,00;"200 - 500 camas";0;0;0;0;179;0;0;0;0;2;0;0;0;0;0;0;0
2012;418,00;"Menos de 200 camas";0;0;3;0;44;0;0;3;0;2;0;0;0;0;0;0;0
2012;574,00;"Menos de 200 camas";0;0;2;0;23;0;0;2;0;3;0;0;0;0;0;0;0
2012;399,00;"Menos de 200 camas";0;0;5;0;70;0;0;5;0;1;0;2;0;0;2;2;1
2012;195,00;"Menos de 200 camas";0;0;3;0;40;0;0;3;0;1;0;0;0;0;0;0;0
2012;783,00;"501 - 1000 camas";12;3;18;4;680;12;3;18;4;10;20;51;4;0;0;36;2
2012;263,00;"Menos de 200 camas";1;2;4;0;82;1;2;4;0;1;0;11;0;0;1;0;1
2012;194,00;"Menos de 200 camas";0;0;3;0;30;0;0;2;0;1;0;0;0;0;0;0;0
2012;214,00;"Menos de 200 camas";0;0;3;0;30;0;0;3;0;1;0;0;0;0;0;0;0
2012;785,00;"501 - 1000 camas";27;8;35;2;865;27;8;35;2;21;11;101;10;0;21;0;0
2012;780,00;"Menos de 200 camas";0;0;6;0;107;0;0;6;0;2;2;15;0;0;15;0;1
2012;782,00;"200 - 500 camas";0;0;14;1;365;0;0;14;1;3;7;32;10;0;1;30;1
2012;369,00;"Menos de 200 camas";0;0;0;0;149;0;0;0;0;1;0;0;0;0;0;0;0
2012;84,00;"Menos de 200 camas";0;0;0;0;27;0;0;0;0;0;0;0;0;0;0;0;0
2012;713,00;"Menos de 200 camas";0;0;4;1;94;0;0;4;0;4;0;0;0;0;0;11;2
2012;941,00;"Menos de 200 camas";0;0;0;0;24;0;0;0;0;0;0;0;3;0;0;0;0
2012;1091,00;"200 - 500 camas";0;0;0;0;428;0;0;0;0;0;0;0;363;0;0;0;0
2012;1045,00;"Menos de 200 camas";6;2;11;1;110;6;1;11;1;2;0;1;0;0;1;6;1
