"año";"NCODI";"pacienteTot_hospDom";"visitaTot_hospDom"
2012;113,00;0;0
2012;619,00;0;0
2012;163,00;0;0
2012;131,00;0;0
2012;375,00;0;0
2012;1090,00;1210;13142
2012;764,00;0;0
2012;14,00;0;0
2012;657,00;0;0
2012;362,00;0;0
2012;989,00;0;0
2012;990,00;0;0
2012;680,00;4119;26481
2012;411,00;0;0
2012;241,00;0;0
2012;558,00;1353;14702
2012;167,00;0;0
2012;248,00;0;0
2012;224,00;0;0
2012;591,00;474;13500
2012;586,00;2070;10178
2012;453,00;0;0
2012;145,00;0;0
2012;511,00;2188;8345
2012;530,00;960;6877
2012;6,00;0;0
2012;161,00;0;0
2012;623,00;915;10728
2012;489,00;0;0
2012;875,00;0;0
2012;940,00;0;0
2012;946,00;0;0
2012;1023,00;801;8101
2012;1054,00;1312;10437
2012;1057,00;0;0
2012;1031,00;0;0
2012;1032,00;772;81211
2012;1064,00;0;0
2012;226,00;0;0
2012;687,00;0;0
2012;745,00;184;411
2012;109,00;0;0
2012;808,00;0;0
2012;971,00;0;0
2012;128,00;0;0
2012;919,00;151;1552
2012;725,00;0;0
2012;3,00;0;0
2012;386,00;0;0
2012;306,00;0;0
2012;15,00;0;0
2012;264,00;0;0
2012;867,00;0;0
2012;910,00;0;0
2012;1053,00;0;0
2012;1055,00;0;0
2012;529,00;0;0
2012;345,00;0;0
2012;515,00;0;0
2012;174,00;0;0
2012;523,00;0;0
2012;697,00;0;0
2012;239,00;0;0
2012;287,00;0;0
2012;377,00;0;0
2012;692,00;350;5395
2012;335,00;0;0
2012;435,00;0;0
2012;423,00;0;0
2012;351,00;0;0
2012;830,00;0;0
2012;892,00;0;0
2012;921,00;0;0
2012;991,00;0;0
2012;992,00;0;0
2012;993,00;0;0
2012;1071,00;394;3009
2012;473,00;0;0
2012;663,00;192;217
2012;552,00;0;0
2012;772,00;443;5316
2012;568,00;0;0
2012;398,00;0;0
2012;394,00;0;0
2012;614,00;0;0
2012;235,00;0;0
2012;616,00;435;4735
2012;267,00;0;0
2012;565,00;0;0
2012;220,00;0;0
2012;278,00;0;0
2012;107,00;364;4029
2012;141,00;0;0
2012;711,00;0;0
2012;204,00;0;0
2012;579,00;0;0
2012;348,00;0;0
2012;766,00;0;0
2012;761,00;0;0
2012;728,00;0;0
2012;280,00;0;0
2012;222,00;0;0
2012;276,00;0;0
2012;11,00;0;0
2012;302,00;0;0
2012;682,00;0;0
2012;279,00;0;0
2012;282,00;0;0
2012;281,00;0;0
2012;183,00;0;0
2012;610,00;0;0
2012;116,00;0;0
2012;115,00;0;0
2012;114,00;199;1077
2012;126,00;0;0
2012;119,00;0;0
2012;770,00;954;9494
2012;583,00;470;4611
2012;136,00;0;0
2012;469,00;98;1376
2012;642,00;402;4475
2012;674,00;155;420
2012;193,00;0;0
2012;526,00;0;0
2012;698,00;589;7068
2012;630,00;0;0
2012;124,00;0;0
2012;364,00;0;0
2012;604,00;536;6422
2012;123,00;0;0
2012;310,00;209;3119
2012;571,00;0;0
2012;296,00;0;0
2012;566,00;285;4270
2012;784,00;879;11029
2012;102,00;0;0
2012;379,00;0;0
2012;639,00;434;3160
2012;457,00;123;123
2012;609,00;0;0
2012;101,00;0;0
2012;454,00;0;0
2012;318,00;0;0
2012;600,00;248;1141
2012;545,00;0;0
2012;100,00;0;0
2012;702,00;428;4451
2012;778,00;312;1487
2012;341,00;0;0
2012;99,00;837;6773
2012;767,00;509;3695
2012;359,00;0;0
2012;98,00;0;0
2012;132,00;0;0
2012;97,00;0;0
2012;103,00;0;0
2012;110,00;0;0
2012;94,00;0;0
2012;91,00;0;0
2012;664,00;0;0
2012;918,00;734;7538
2012;92,00;0;0
2012;95,00;0;0
2012;96,00;0;0
2012;301,00;0;0
2012;492,00;0;0
2012;811,00;0;0
2012;812,00;0;0
2012;832,00;0;0
2012;841,00;0;0
2012;856,00;0;0
2012;859,00;0;0
2012;861,00;0;0
2012;880,00;0;0
2012;883,00;0;0
2012;884,00;0;0
2012;877,00;0;0
2012;911,00;0;0
2012;913,00;0;0
2012;922,00;0;0
2012;923,00;0;0
2012;924,00;0;0
2012;947,00;0;0
2012;951,00;0;0
2012;972,00;0;0
2012;973,00;0;0
2012;974,00;0;0
2012;975,00;0;0
2012;960,00;0;0
2012;1027,00;0;0
2012;1028,00;0;0
2012;976,00;0;0
2012;977,00;0;0
2012;1020,00;0;0
2012;994,00;0;0
2012;995,00;0;0
2012;1060,00;0;0
2012;1005,00;0;0
2012;1061,00;0;0
2012;1006,00;0;0
2012;1088,00;0;0
2012;1089,00;0;0
2012;1076,00;0;0
2012;1078,00;0;0
2012;1033,00;298;327
2012;1036,00;0;0
2012;1037,00;0;0
2012;1039,00;0;0
2012;1067,00;0;0
2012;1065,00;0;0
2012;1066,00;0;0
2012;207,00;0;0
2012;431,00;4;8
2012;387,00;0;0
2012;179,00;0;0
2012;606,00;0;0
2012;925,00;377;18419
2012;541,00;0;0
2012;797,00;0;0
2012;627,00;0;0
2012;173,00;0;0
2012;636,00;0;0
2012;205,00;0;0
2012;814,00;0;0
2012;881,00;0;0
2012;771,00;158;933
2012;533,00;10;20
2012;447,00;0;0
2012;815,00;0;0
2012;801,00;0;0
2012;800,00;0;0
2012;389,00;0;0
2012;759,00;16;1280
2012;695,00;382;797
2012;816,00;0;0
2012;833,00;0;0
2012;870,00;0;0
2012;927,00;0;0
2012;961,00;205;1232
2012;962,00;0;0
2012;1079,00;0;0
2012;666,00;1020;11441
2012;392,00;0;0
2012;790,00;325;11085
2012;650,00;1306;10939
2012;876,00;1100;11098
2012;944,00;0;0
2012;952,00;0;0
2012;54,00;0;0
2012;367,00;0;0
2012;538,00;0;0
2012;557,00;0;0
2012;653,00;0;0
2012;647,00;0;0
2012;978,00;0;0
2012;996,00;0;0
2012;729,00;0;0
2012;182,00;0;0
2012;633,00;0;0
2012;685,00;0;0
2012;683,00;0;0
2012;945,00;0;0
2012;953,00;0;0
2012;1022,00;0;0
2012;1049,00;0;0
2012;794,00;664;9196
2012;415,00;43;265
2012;592,00;0;0
2012;497,00;0;0
2012;726,00;165;4069
2012;272,00;0;0
2012;805,00;611;5162
2012;5,00;0;0
2012;234,00;0;0
2012;64,00;0;0
2012;842,00;402;5267
2012;843,00;238;4008
2012;1025,00;31;1841
2012;803,00;0;0
2012;211,00;0;0
2012;773,00;0;0
2012;424,00;0;0
2012;298,00;0;0
2012;594,00;0;0
2012;237,00;0;0
2012;16,00;0;0
2012;768,00;0;0
2012;617,00;0;0
2012;297,00;0;0
2012;544,00;0;0
2012;804,00;0;0
2012;470,00;107;1075
2012;104,00;0;0
2012;20,00;0;0
2012;550,00;0;0
2012;112,00;0;0
2012;818,00;0;0
2012;914,00;0;0
2012;928,00;0;0
2012;964,00;0;0
2012;1026,00;0;0
2012;1068,00;0;0
2012;738,00;0;0
2012;404,00;372;11239
2012;274,00;0;0
2012;270,00;0;0
2012;676,00;0;0
2012;709,00;0;0
2012;754,00;0;0
2012;997,00;0;0
2012;734,00;189;2644
2012;299,00;0;0
2012;645,00;0;0
2012;17,00;0;0
2012;1046,00;0;0
2012;420,00;0;0
2012;802,00;0;0
2012;266,00;0;0
2012;580,00;0;0
2012;137,00;0;0
2012;769,00;0;0
2012;776,00;766;4271
2012;640,00;659;5004
2012;315,00;0;0
2012;40,00;0;0
2012;508,00;257;3345
2012;46,00;0;0
2012;590,00;447;6574
2012;777,00;754;10372
2012;897,00;2261;29243
2012;965,00;0;0
2012;671,00;0;0
2012;461,00;0;0
2012;376,00;0;0
2012;621,00;0;0
2012;793,00;255;534
2012;324,00;0;0
2012;712,00;0;0
2012;32,00;0;0
2012;361,00;0;0
2012;486,00;0;0
2012;595,00;0;0
2012;433,00;0;0
2012;1058,00;0;0
2012;261,00;0;0
2012;730,00;0;0
2012;577,00;0;0
2012;788,00;0;0
2012;865,00;0;0
2012;979,00;0;0
2012;998,00;0;0
2012;221,00;0;0
2012;462,00;0;0
2012;506,00;0;0
2012;727,00;194;2413
2012;355,00;0;0
2012;487,00;0;0
2012;938,00;0;0
2012;886,00;0;0
2012;835,00;0;0
2012;999,00;0;0
2012;798,00;841;7428
2012;504,00;0;0
2012;247,00;0;0
2012;216,00;0;0
2012;654,00;270;796
2012;65,00;0;0
2012;472,00;0;0
2012;427,00;0;0
2012;491,00;0;0
2012;551,00;0;0
2012;106,00;0;0
2012;819,00;0;0
2012;836,00;0;0
2012;915,00;0;0
2012;942,00;0;0
2012;748,00;1401;24934
2012;198,00;0;0
2012;871,00;477;477
2012;948,00;0;0
2012;1051,00;0;0
2012;1083,00;0;0
2012;679,00;633;12779
2012;176,00;0;0
2012;537,00;0;0
2012;608,00;0;0
2012;596,00;0;0
2012;749,00;0;0
2012;758,00;254;639
2012;724,00;1529;18373
2012;436,00;0;0
2012;567,00;0;0
2012;677,00;182;8296
2012;670,00;153;1577
2012;588,00;643;5030
2012;446,00;0;0
2012;753,00;398;3720
2012;887,00;0;0
2012;585,00;0;0
2012;245,00;0;0
2012;603,00;0;0
2012;426,00;0;0
2012;232,00;0;0
2012;288,00;0;0
2012;246,00;0;0
2012;284,00;0;0
2012;18,00;0;0
2012;356,00;0;0
2012;401,00;3;116
2012;733,00;0;0
2012;243,00;0;0
2012;380,00;0;0
2012;716,00;0;0
2012;534,00;0;0
2012;185,00;0;0
2012;258,00;0;0
2012;505,00;0;0
2012;268,00;0;0
2012;602,00;0;0
2012;254,00;0;0
2012;705,00;0;0
2012;133,00;0;0
2012;33,00;0;0
2012;143,00;0;0
2012;36,00;0;0
2012;756,00;0;0
2012;662,00;0;0
2012;192,00;0;0
2012;382,00;0;0
2012;322,00;0;0
2012;478,00;0;0
2012;352,00;0;0
2012;628,00;0;0
2012;291,00;0;0
2012;495,00;0;0
2012;845,00;409;4295
2012;498,00;0;0
2012;314,00;0;0
2012;720,00;0;0
2012;721,00;0;0
2012;485,00;0;0
2012;273,00;0;0
2012;846,00;0;0
2012;847,00;0;0
2012;848,00;5;93
2012;864,00;0;0
2012;916,00;0;0
2012;930,00;0;0
2012;954,00;0;0
2012;943,00;0;0
2012;949,00;327;3228
2012;980,00;0;0
2012;981,00;0;0
2012;1024,00;0;0
2012;1017,00;61;271
2012;1000,00;0;0
2012;1018,00;0;0
2012;1001,00;0;0
2012;1007,00;0;0
2012;1008,00;0;0
2012;1009,00;0;0
2012;1010,00;0;0
2012;1011,00;0;0
2012;1012,00;0;0
2012;1013,00;0;0
2012;1041,00;0;0
2012;1073,00;439;563
2012;1087,00;0;0
2012;789,00;0;0
2012;326,00;0;0
2012;442,00;0;0
2012;294,00;0;0
2012;378,00;0;0
2012;402,00;0;0
2012;29,00;0;0
2012;450,00;0;0
2012;656,00;0;0
2012;333,00;0;0
2012;668,00;0;0
2012;684,00;0;0
2012;422,00;0;0
2012;763,00;256;5811
2012;741,00;0;0
2012;553,00;0;0
2012;357,00;0;0
2012;899,00;0;0
2012;900,00;0;0
2012;932,00;0;0
2012;950,00;0;0
2012;966,00;0;0
2012;967,00;740;3548
2012;982,00;0;0
2012;1014,00;0;0
2012;1048,00;0;0
2012;1080,00;0;0
2012;1074,00;0;0
2012;722,00;278;9308
2012;660,00;258;1601
2012;75,00;43;1875
2012;249,00;0;0
2012;275,00;0;0
2012;227,00;0;0
2012;150,00;0;0
2012;47,00;0;0
2012;172,00;0;0
2012;581,00;0;0
2012;120,00;0;0
2012;445,00;0;0
2012;471,00;0;0
2012;53,00;0;0
2012;199,00;0;0
2012;575,00;0;0
2012;528,00;0;0
2012;631,00;0;0
2012;699,00;0;0
2012;823,00;0;0
2012;849,00;0;0
2012;869,00;0;0
2012;955,00;0;0
2012;983,00;0;0
2012;1002,00;0;0
2012;1015,00;0;0
2012;51,00;0;0
2012;441,00;0;0
2012;327,00;0;0
2012;690,00;0;0
2012;262,00;0;0
2012;403,00;0;0
2012;312,00;0;0
2012;589,00;265;0
2012;665,00;461;4914
2012;334,00;0;0
2012;1075,00;592;7548
2012;751,00;1108;14433
2012;186,00;0;0
2012;646,00;0;0
2012;536,00;0;0
2012;242,00;0;0
2012;490,00;0;0
2012;500,00;0;0
2012;206,00;0;0
2012;58,00;0;0
2012;572,00;367;18052
2012;180,00;0;0
2012;549,00;0;0
2012;582,00;0;0
2012;743,00;466;7890
2012;795,00;0;0
2012;269,00;0;0
2012;634,00;0;0
2012;1,00;0;0
2012;717,00;0;0
2012;373,00;0;0
2012;535,00;0;0
2012;824,00;0;0
2012;888,00;0;0
2012;902,00;0;0
2012;968,00;0;0
2012;346,00;0;0
2012;27,00;0;0
2012;165,00;0;0
2012;956,00;139;2028
2012;413,00;0;0
2012;149,00;0;0
2012;612,00;0;0
2012;559,00;0;0
2012;7,00;0;0
2012;283,00;0;0
2012;37,00;0;0
2012;153,00;0;0
2012;547,00;432;4828
2012;397,00;0;0
2012;556,00;0;0
2012;42,00;0;0
2012;31,00;0;0
2012;740,00;77;2484
2012;217,00;0;0
2012;863,00;0;0
2012;889,00;453;10058
2012;984,00;0;0
2012;34,00;0;0
2012;791,00;0;0
2012;181,00;0;0
2012;430,00;0;0
2012;715,00;390;3183
2012;521,00;0;0
2012;524,00;0;0
2012;432,00;0;0
2012;19,00;0;0
2012;25,00;0;0
2012;26,00;0;0
2012;890,00;754;6640
2012;904,00;237;1864
2012;957,00;874;14405
2012;939,00;0;0
2012;236,00;0;0
2012;735,00;150;1011
2012;146,00;0;0
2012;363,00;0;0
2012;187,00;0;0
2012;265,00;0;0
2012;295,00;0;0
2012;496,00;0;0
2012;77,00;0;0
2012;391,00;0;0
2012;240,00;0;0
2012;448,00;0;0
2012;151,00;0;0
2012;425,00;0;0
2012;300,00;0;0
2012;339,00;0;0
2012;826,00;0;0
2012;874,00;0;0
2012;905,00;91;1545
2012;736,00;1439;20175
2012;459,00;0;0
2012;320,00;0;0
2012;45,00;0;0
2012;292,00;0;0
2012;618,00;0;0
2012;463,00;0;0
2012;891,00;0;0
2012;958,00;0;0
2012;244,00;0;0
2012;28,00;0;0
2012;444,00;0;0
2012;479,00;0;0
2012;285,00;0;0
2012;253,00;0;0
2012;481,00;0;0
2012;540,00;2322;2322
2012;332,00;0;0
2012;41,00;0;0
2012;510,00;0;0
2012;305,00;0;0
2012;708,00;0;0
2012;755,00;796;8761
2012;750,00;1803;4954
2012;696,00;282;282
2012;434,00;0;0
2012;421,00;0;0
2012;827,00;0;0
2012;933,00;0;0
2012;1030,00;0;0
2012;1003,00;0;0
2012;1050,00;0;0
2012;1043,00;0;0
2012;934,00;0;0
2012;629,00;786;9962
2012;21,00;0;0
2012;615,00;0;0
2012;626,00;0;0
2012;417,00;0;0
2012;597,00;0;0
2012;539,00;0;0
2012;343,00;0;0
2012;135,00;0;0
2012;158,00;0;0
2012;775,00;343;3327
2012;177,00;0;0
2012;578,00;0;0
2012;416,00;0;0
2012;561,00;147;978
2012;828,00;0;0
2012;860,00;0;0
2012;935,00;0;0
2012;936,00;0;0
2012;986,00;0;0
2012;987,00;0;0
2012;1021,00;0;0
2012;1085,00;0;0
2012;658,00;0;0
2012;353,00;529;901
2012;323,00;0;0
2012;620,00;0;0
2012;384,00;0;0
2012;484,00;0;0
2012;554,00;0;0
2012;209,00;0;0
2012;707,00;0;0
2012;395,00;0;0
2012;969,00;0;0
2012;1052,00;0;0
2012;739,00;3554;27869
2012;613,00;1450;16649
2012;593,00;1324;5380
2012;704,00;1619;14411
2012;493,00;0;0
2012;686,00;2170;14765
2012;257,00;0;0
2012;494,00;0;0
2012;681,00;603;28419
2012;286,00;0;0
2012;255,00;0;0
2012;79,00;0;0
2012;81,00;0;0
2012;688,00;743;9516
2012;531,00;1781;17266
2012;514,00;316;2159
2012;499,00;0;0
2012;532,00;1022;7983
2012;190,00;0;0
2012;598,00;0;0
2012;260,00;0;0
2012;838,00;0;0
2012;839,00;0;0
2012;851,00;0;0
2012;852,00;1029;17236
2012;988,00;0;0
2012;1056,00;574;5845
2012;1044,00;0;0
2012;644,00;387;2827
2012;752,00;1916;14012
2012;238,00;0;0
2012;325,00;0;0
2012;622,00;0;0
2012;879,00;0;0
2012;906,00;0;0
2012;370,00;0;0
2012;418,00;0;0
2012;574,00;0;0
2012;399,00;0;0
2012;195,00;0;0
2012;783,00;2104;14670
2012;263,00;0;0
2012;194,00;0;0
2012;214,00;0;0
2012;785,00;2236;21355
2012;780,00;137;1633
2012;782,00;446;6126
2012;369,00;0;0
2012;84,00;0;0
2012;713,00;0;0
2012;941,00;0;0
2012;1091,00;224;3200
2012;1045,00;0;0
2012;1086,00;0;0
2012;937,00;329;3398
2012;1004,00;0;0
2012;737,00;0;0
2012;765,00;0;0
2012;329,00;0;0
2012;87,00;0;0
2012;527,00;0;0
2012;562,00;0;0
2012;251,00;0;0
2012;129,00;0;0
2012;154,00;0;0
2012;516,00;0;0
2012;184,00;0;0
2012;652,00;0;0
2012;637,00;0;0
2012;88,00;0;0
2012;907,00;0;0
2012;970,00;0;0
2012;1019,00;0;0
2012;1016,00;0;0
2012;1047,00;0;0
2012;635,00;0;0
