"año";"NCODI";"totHemodina_Paciente";"totPaciente_radioInterv";"totLitofrag_Paciente";"totLitofrag_Sesion";"totAceleLineal_Paciente";"totAceleLineal_Sesion";"totBomCobal_Paciente";"totBomCobal_Sesion";"totOtraRadio_Paciente";"totOtraRadio_Sesion";"totFisiot_Paciente";"totFisiot_Sesion";"totLogop_Paciente";"totLogop_Sesion";"totTerapOcupa_Paciente";"totTerapOcupa_Sesion";"totHemodial_Paciente";"totHemodial_Sesion";"totHemodialDom_Paciente";"totHemodialDom_Sesion";"totDialPerito_Paciente";"totDialPerito_Sesion"
2012;113,00;0;0;0;0;0;0;0;0;0;0;0;0;0;0;190;3420;0;0;0;0;0;0
2012;619,00;0;0;0;0;0;0;0;0;0;0;0;0;0;0;0;0;0;0;0;0;0;0
2012;163,00;0;0;0;0;0;0;0;0;0;0;0;0;0;0;0;0;0;0;0;0;0;0
2012;131,00;0;0;0;0;0;0;0;0;0;0;20;120;0;0;0;0;0;0;0;0;0;0
2012;375,00;0;0;0;0;0;0;0;0;0;0;1133;14478;0;0;0;0;0;0;0;0;0;0
2012;1090,00;1249;1448;414;517;780;17787;0;0;0;0;15419;374520;0;0;0;0;148;15344;0;0;0;0
2012;764,00;1559;1864;236;311;740;18034;0;0;26;103;16018;108028;2784;6237;2326;24892;84;12933;1;156;50;16988
2012;14,00;0;0;0;0;0;0;0;0;0;0;0;0;0;0;0;0;0;0;0;0;0;0
2012;657,00;0;345;0;0;0;0;0;0;0;0;3420;28534;0;0;0;0;0;0;0;0;0;0
2012;362,00;417;116;0;0;0;0;0;0;0;0;1300;13804;0;0;0;0;0;0;0;0;0;0
2012;989,00;0;0;0;0;0;0;0;0;0;0;1834;17235;312;2184;197;1976;0;0;0;0;0;0
2012;990,00;0;0;0;0;0;0;0;0;0;0;2232;21539;447;1552;201;1405;0;0;0;0;0;0
2012;680,00;2693;1052;228;303;0;0;0;0;0;0;5568;239735;0;0;0;0;683;11855;0;0;30;10950
2012;411,00;7876;308;0;0;0;0;0;0;0;0;1665;17449;0;0;0;0;111;18016;0;0;0;0
2012;241,00;151;55;0;0;0;0;0;0;0;0;0;0;0;0;0;0;408;36962;0;0;0;0
2012;558,00;0;754;0;0;0;0;0;0;0;0;1848;166302;0;0;0;0;106;13165;13;2701;17;6313
2012;167,00;0;0;0;0;0;0;0;0;0;0;0;0;0;0;0;0;0;0;0;0;0;0
2012;248,00;191;120;0;0;637;14547;0;0;101;177;1463;16071;0;0;0;0;384;12033;0;0;0;0
2012;224,00;0;0;0;0;0;0;0;0;0;0;0;0;0;0;0;0;0;0;0;0;0;0
2012;591,00;616;0;148;148;1054;13855;0;0;0;0;17096;387217;0;0;0;0;174;9285;0;0;17;3428
2012;586,00;0;888;0;0;0;0;0;0;0;0;13936;403089;0;0;0;0;1183;13016;0;0;14;20072
2012;453,00;0;0;0;0;0;0;0;0;0;0;1244;109806;0;0;698;1028;0;0;0;0;0;0
2012;145,00;0;0;0;0;0;0;0;0;0;0;37;5015;0;0;0;0;0;0;0;0;0;0
2012;511,00;0;635;0;0;0;0;0;0;0;0;5829;104927;0;0;0;0;440;4714;0;0;58;58
2012;530,00;0;0;0;0;0;0;0;0;0;0;6159;251801;0;0;0;0;0;0;0;0;0;0
2012;6,00;0;12;73;73;0;0;0;0;0;0;1320;10520;42;845;0;0;0;0;0;0;0;0
2012;161,00;0;0;0;0;0;0;0;0;0;0;0;0;0;0;175;12805;0;0;0;0;0;0
2012;623,00;1362;1315;0;0;964;21737;0;0;0;0;13027;180372;0;0;0;0;0;0;0;0;0;0
2012;489,00;0;0;0;0;0;0;0;0;0;0;230;3587;0;0;0;0;0;0;0;0;0;0
2012;875,00;187;547;0;0;549;11345;0;0;0;0;499;24176;8;262;0;0;0;0;0;0;0;0
2012;940,00;0;0;0;0;0;0;0;0;0;0;0;0;0;0;96;864;0;0;0;0;0;0
2012;946,00;304;486;0;0;0;0;0;0;0;0;2702;21613;0;0;0;0;429;1502;0;0;0;0
2012;1023,00;640;243;0;0;0;0;0;0;0;0;5263;72949;460;3803;0;0;91;11329;0;0;0;0
2012;1054,00;503;1479;0;0;0;0;0;0;0;0;2949;27510;283;1453;0;0;274;12395;0;0;0;0
2012;1057,00;0;0;0;0;0;0;0;0;0;0;183;17637;74;6159;96;1659;0;0;0;0;0;0
2012;1031,00;0;0;0;0;0;0;0;0;0;0;45;2600;39;1560;45;5200;0;0;0;0;0;0
2012;1032,00;406;0;112;147;0;0;0;0;0;0;5961;90442;404;2932;0;0;0;0;0;0;0;0
2012;1064,00;0;112;0;0;20;25;0;0;0;0;1389;21169;0;0;0;0;0;0;0;0;0;0
2012;226,00;82;22;69;69;0;0;0;0;0;0;0;0;0;0;0;0;9;1220;0;0;0;0
2012;687,00;0;0;0;0;0;0;0;0;0;0;1088;29561;0;0;47;3704;0;0;0;0;0;0
2012;745,00;1669;2587;0;0;1125;17742;0;0;0;0;4771;33861;0;0;473;1992;272;16098;0;0;36;6745
2012;109,00;50;0;0;0;0;0;0;0;0;0;400;7193;302;3320;0;0;0;0;0;0;0;0
2012;808,00;0;773;0;0;0;0;0;0;0;0;38590;97618;0;0;0;0;61;9453;0;0;0;0
2012;971,00;0;0;0;0;0;0;0;0;0;0;576;9618;0;0;0;0;0;0;0;0;0;0
2012;128,00;0;0;0;0;0;0;0;0;0;0;785;14123;168;4690;0;0;0;0;0;0;0;0
2012;919,00;0;1321;0;0;0;0;0;0;0;0;48930;118921;0;0;2308;6966;48;7433;0;0;24;8009
2012;725,00;2427;894;0;0;983;25834;0;0;0;0;5340;295315;87;458;731;50512;77;13461;2;624;30;10950
2012;3,00;0;0;0;0;0;0;0;0;0;0;41;9680;0;0;0;0;0;0;0;0;0;0
2012;386,00;0;0;0;0;0;0;0;0;0;0;59;2132;0;0;32;1625;0;0;0;0;0;0
2012;306,00;0;0;0;0;0;0;0;0;0;0;0;0;0;0;0;0;0;0;0;0;0;0
2012;15,00;0;0;0;0;0;0;0;0;0;0;0;0;0;0;0;0;0;0;0;0;0;0
2012;264,00;0;0;0;0;0;0;0;0;0;0;1043;18771;0;0;0;0;0;0;0;0;0;0
2012;867,00;0;0;0;0;0;0;0;0;0;0;807;13578;34;279;0;0;0;0;0;0;0;0
2012;910,00;0;0;0;0;0;0;0;0;0;0;703;24732;0;0;0;0;416;7920;0;0;0;0
2012;1053,00;0;997;0;0;0;0;0;0;0;0;22408;64442;0;0;0;0;0;0;0;0;0;0
2012;1055,00;504;742;521;962;385;410;0;0;0;0;4033;299723;0;0;0;0;0;0;0;0;0;0
2012;529,00;0;0;0;0;0;0;0;0;0;0;1330;35235;345;6692;547;16207;0;0;0;0;0;0
2012;345,00;0;0;0;0;0;0;0;0;0;0;112;1025;0;0;82;3970;0;0;0;0;0;0
2012;515,00;0;0;0;0;0;0;0;0;0;0;1938;43237;0;0;0;0;0;0;0;0;0;0
2012;174,00;0;0;0;0;0;0;0;0;0;0;318;3734;0;0;0;0;0;0;0;0;0;0
2012;523,00;0;0;0;0;0;0;0;0;0;0;4572;128096;327;7419;449;4236;0;0;0;0;0;0
2012;697,00;338;440;33;33;0;0;0;0;0;0;3387;3387;0;0;90595;90595;0;0;0;0;0;0
2012;239,00;371;0;0;0;0;0;0;0;0;0;5287;95173;27;297;0;0;0;0;0;0;0;0
2012;287,00;225;0;194;194;312;6559;0;0;0;0;2717;160736;0;0;0;0;247;13694;0;0;0;0
2012;377,00;0;0;0;0;0;0;0;0;0;0;1257;45358;0;0;393;11553;0;0;0;0;0;0
2012;692,00;0;14;0;0;0;0;0;0;0;0;3967;80894;199;2609;0;0;58;7518;0;0;20;6385
2012;335,00;0;0;0;0;0;0;0;0;0;0;340;5499;0;0;200;773;0;0;0;0;0;0
2012;435,00;207;0;0;0;0;0;0;0;0;0;2061;44752;0;0;0;0;0;0;0;0;0;0
2012;423,00;0;0;0;0;0;0;0;0;0;0;1170;11124;0;0;0;0;0;0;0;0;0;0
2012;351,00;0;0;0;0;0;0;0;0;0;0;2546;41100;0;0;0;0;0;0;0;0;0;0
2012;830,00;0;0;0;0;0;0;0;0;0;0;6332;83469;0;0;0;0;0;0;7;5187;0;0
2012;892,00;0;623;0;0;0;0;0;0;0;0;3739;166295;125;1376;176;7012;77;11033;0;0;7;2264
2012;921,00;676;0;132;139;0;0;0;0;0;0;2156;90230;0;0;0;0;0;0;0;0;0;0
2012;991,00;0;0;0;0;0;0;0;0;0;0;211;3805;0;0;0;0;1;125;0;0;0;0
2012;992,00;0;0;0;0;0;0;0;0;0;0;2383;55961;0;0;160;3540;61;5251;0;0;0;0
2012;993,00;0;0;0;0;0;0;0;0;0;0;61719;211945;1177;1177;2050;2050;0;0;1;240;0;0
2012;1071,00;3152;4363;642;642;1178;27043;0;0;67;164;10691;192436;169;1863;390;7023;62;9823;0;0;17;5809
2012;473,00;0;0;0;0;0;0;0;0;0;0;0;0;0;0;0;0;0;0;0;0;0;0
2012;663,00;1047;232;0;0;0;0;0;0;0;0;2385;21465;0;0;0;0;264;11615;0;0;0;0
2012;552,00;0;0;0;0;1384;25271;0;0;97;1785;3669;50526;60;687;242;5413;0;0;0;0;0;0
2012;772,00;3809;4109;0;0;1157;21489;0;0;0;0;2136;40666;0;0;0;0;568;21274;2;340;61;14202
2012;568,00;0;0;0;0;0;0;0;0;0;0;28624;71186;302;302;3624;8920;0;0;0;0;0;0
2012;398,00;0;111;0;0;0;0;0;0;0;0;2064;14770;0;0;121;425;0;0;0;0;0;0
2012;394,00;0;0;0;0;0;0;0;0;0;0;283;11648;0;0;0;0;0;0;0;0;0;0
2012;614,00;0;234;0;0;0;0;0;0;0;0;345;8563;0;0;0;0;0;0;0;0;0;0
2012;235,00;0;0;0;0;0;0;0;0;0;0;388;6120;0;0;0;0;0;0;0;0;0;0
2012;616,00;0;0;0;0;0;0;0;0;0;0;1811;23847;0;0;0;0;0;0;0;0;0;0
2012;267,00;472;0;0;0;0;0;0;0;0;0;0;0;0;0;0;0;0;0;0;0;0;0
2012;565,00;0;0;0;0;0;0;0;0;0;0;2180;27224;0;0;0;0;0;0;0;0;0;0
2012;220,00;0;0;0;0;0;0;0;0;0;0;231;7077;0;0;0;0;0;0;0;0;0;0
2012;278,00;0;0;0;0;0;0;0;0;0;0;0;0;0;0;0;0;0;0;0;0;0;0
2012;107,00;0;0;0;0;0;0;0;0;0;0;0;0;0;0;0;0;0;0;0;0;0;0
2012;141,00;0;0;0;0;0;0;0;0;0;0;60;3678;0;0;62;3944;0;0;0;0;0;0
2012;711,00;1722;533;0;0;903;22517;0;0;140;630;3643;52794;486;3098;166;1995;0;0;0;0;0;0
2012;204,00;0;0;0;0;0;0;0;0;0;0;440;6057;0;0;220;792;0;0;0;0;0;0
2012;579,00;0;0;0;0;0;0;0;0;0;0;1333;9333;0;0;0;0;0;0;0;0;0;0
2012;348,00;0;0;0;0;0;0;0;0;0;0;392;15517;0;0;0;0;0;0;0;0;0;0
2012;766,00;0;2428;1888;2551;0;0;0;0;7;7;0;0;0;0;0;0;506;19363;0;0;42;7706
2012;761,00;0;0;0;0;0;0;0;0;0;0;984;23760;0;0;686;8208;0;0;0;0;0;0
2012;728,00;42;423;137;154;0;0;0;0;0;0;1549;10187;0;0;0;0;0;0;0;0;0;0
2012;280,00;0;0;0;0;0;0;0;0;0;0;0;0;0;0;0;0;0;0;0;0;0;0
2012;222,00;0;0;0;0;0;0;0;0;0;0;0;0;0;0;0;0;0;0;0;0;0;0
2012;276,00;214;419;268;412;496;10897;0;0;0;0;2057;31986;0;0;0;0;0;0;0;0;0;0
2012;11,00;116;0;0;0;0;0;0;0;0;0;680;21843;0;0;0;0;0;0;0;0;0;0
2012;302,00;0;0;0;0;0;0;0;0;0;0;433;7785;0;0;0;0;0;0;0;0;0;0
2012;682,00;0;0;0;0;1067;24787;0;0;0;0;778;46520;0;0;0;0;0;0;0;0;0;0
2012;279,00;0;0;0;0;127;3068;0;0;11;33;1140;6683;0;0;0;0;0;0;0;0;0;0
2012;282,00;521;375;0;0;359;6498;0;0;0;0;196;4889;0;0;0;0;0;0;0;0;0;0
2012;281,00;520;587;0;0;0;0;0;0;0;0;0;0;0;0;0;0;0;0;0;0;0;0
2012;183,00;0;0;0;0;0;0;0;0;0;0;0;0;0;0;0;0;0;0;0;0;0;0
2012;610,00;0;0;0;0;0;0;0;0;0;0;0;0;0;0;0;0;0;0;0;0;0;0
2012;116,00;0;0;0;0;0;0;0;0;0;0;3145;34558;27;449;205;1296;0;0;0;0;0;0
2012;115,00;0;0;0;0;0;0;0;0;0;0;41;3452;0;0;0;0;0;0;0;0;0;0
2012;114,00;0;0;0;0;0;0;0;0;0;0;152;4440;0;0;145;3330;0;0;0;0;0;0
2012;126,00;0;0;0;0;0;0;0;0;0;0;249;11989;0;0;94;2607;0;0;0;0;0;0
2012;119,00;0;0;0;0;0;0;0;0;0;0;0;0;0;0;0;0;0;0;0;0;0;0
2012;770,00;1838;4026;353;453;0;0;0;0;0;0;403;9348;225;2581;787;7010;565;6452;0;0;41;14452
2012;583,00;0;0;0;0;0;0;0;0;0;0;45;671;0;0;0;0;0;0;0;0;0;0
2012;136,00;0;0;0;0;0;0;0;0;0;0;1520;31684;46;913;454;10115;0;0;0;0;0;0
2012;469,00;0;0;0;0;0;0;0;0;0;0;1714;25323;146;997;91;126;0;0;0;0;0;0
2012;642,00;0;0;0;0;0;0;0;0;0;0;2292;37819;93;1030;143;4875;0;0;0;0;0;0
2012;674,00;410;38;0;0;0;0;0;0;0;0;2440;17160;435;1585;144;1536;3;181;0;0;6;789
2012;193,00;0;0;0;0;0;0;0;0;0;0;698;12564;0;0;0;0;0;0;0;0;0;0
2012;526,00;0;0;0;0;0;0;0;0;0;0;1036;15036;82;574;0;0;0;0;0;0;0;0
2012;698,00;2805;6038;672;1016;0;0;0;0;0;0;2001;34382;69;1195;276;4088;128;5882;0;0;0;0
2012;630,00;0;0;0;0;0;0;0;0;0;0;0;0;0;0;0;0;0;0;0;0;0;0
2012;124,00;0;0;0;0;0;0;0;0;0;0;0;0;368;11040;0;0;0;0;0;0;0;0
2012;364,00;0;0;0;0;0;0;0;0;0;0;2291;7795;0;0;0;0;0;0;0;0;0;0
2012;604,00;0;1677;0;0;0;0;0;0;0;0;6565;86444;0;0;689;8549;187;23508;0;0;46;5721
2012;123,00;0;0;0;0;0;0;0;0;0;0;830;23960;0;0;0;0;0;0;0;0;0;0
2012;310,00;0;0;0;0;0;0;0;0;0;0;0;0;0;0;0;0;0;0;0;0;0;0
2012;571,00;0;0;0;0;0;0;0;0;0;0;475;1233;0;0;0;0;0;0;0;0;0;0
2012;296,00;0;0;0;0;0;0;0;0;0;0;1327;34369;55;822;312;7793;0;0;0;0;0;0
2012;566,00;0;0;0;0;0;0;0;0;0;0;2419;52136;0;0;101;2025;901;9922;0;0;217;6413
2012;784,00;0;6140;0;0;0;0;0;0;0;0;6845;143729;80;1065;0;0;199;24526;0;0;35;8853
2012;102,00;0;0;0;0;0;0;0;0;0;0;644;24557;0;0;0;0;0;0;0;0;0;0
2012;379,00;0;0;0;0;0;0;0;0;0;0;0;0;0;0;544;35185;0;0;0;0;0;0
2012;639,00;0;667;0;0;0;0;0;0;0;0;3904;73489;0;0;0;0;0;0;0;0;0;0
2012;457,00;0;0;0;0;0;0;0;0;0;0;1341;20001;38;654;13;150;0;0;0;0;0;0
2012;609,00;1328;833;0;0;1021;25537;276;3194;0;0;5774;45313;0;0;0;0;11;83;0;0;0;0
2012;101,00;0;0;0;0;0;0;0;0;0;0;214;8729;0;0;189;5685;0;0;0;0;0;0
2012;454,00;0;6382;0;0;0;0;0;0;0;0;1056;10293;3;30;234;3738;0;0;0;0;0;0
2012;318,00;0;0;0;0;0;0;0;0;0;0;33;1220;0;0;0;0;0;0;0;0;0;0
2012;600,00;0;0;0;0;0;0;0;0;0;0;1069;1069;0;0;0;0;0;0;0;0;0;0
2012;545,00;0;0;0;0;1;1;0;0;0;0;3911;70861;611;2337;205;1592;124;10356;0;0;26;6371
2012;100,00;0;0;0;0;0;0;0;0;0;0;0;0;0;0;135;8669;0;0;0;0;0;0
2012;702,00;889;1129;0;0;0;0;0;0;0;0;2501;17327;258;1059;162;2970;0;0;0;0;0;0
2012;778,00;0;0;0;0;0;0;0;0;0;0;2638;88732;0;0;0;0;152;14289;0;0;9;136
2012;341,00;0;0;0;0;0;0;0;0;0;0;941;10093;0;0;46;46;0;0;0;0;0;0
2012;99,00;0;0;0;0;0;0;0;0;0;0;803;11811;0;0;276;3631;0;0;0;0;0;0
2012;767,00;0;1570;0;0;0;0;0;0;0;0;689;1874;0;0;0;0;0;0;0;0;0;0
2012;359,00;0;0;0;0;0;0;0;0;0;0;912;15796;112;1732;183;2997;236;21209;0;0;0;0
2012;98,00;0;0;0;0;0;0;0;0;0;0;481;18954;0;0;403;5729;0;0;0;0;0;0
2012;132,00;0;0;0;0;0;0;0;0;0;0;190;6053;0;0;231;6820;0;0;0;0;0;0
2012;97,00;0;0;0;0;0;0;0;0;0;0;383;9525;9;54;272;1713;0;0;0;0;0;0
2012;103,00;0;0;0;0;0;0;0;0;0;0;0;0;0;0;0;0;0;0;0;0;0;0
2012;110,00;0;0;0;0;0;0;0;0;0;0;0;0;0;0;175;5750;0;0;0;0;0;0
2012;94,00;0;0;0;0;0;0;0;0;0;0;82;1476;0;0;56;3360;0;0;0;0;0;0
2012;91,00;0;0;0;0;0;0;0;0;0;0;147;6520;38;102;93;3960;0;0;0;0;0;0
2012;664,00;0;0;0;0;0;0;0;0;0;0;3970;49815;31;59;702;4234;0;0;0;0;0;0
2012;918,00;3122;4184;0;0;1232;28811;247;2170;0;0;41860;138100;918;5128;6626;21804;103;6760;0;0;47;8431
2012;92,00;0;0;0;0;0;0;0;0;0;0;72;4940;0;0;0;0;0;0;0;0;0;0
2012;95,00;0;0;0;0;0;0;0;0;0;0;409;12360;0;0;170;513;0;0;0;0;0;0
2012;96,00;0;0;0;0;0;0;0;0;0;0;0;0;0;0;107;15584;0;0;0;0;0;0
2012;301,00;0;0;0;0;0;0;0;0;0;0;4855;38240;0;0;0;0;0;0;0;0;0;0
2012;492,00;0;397;0;0;0;0;0;0;0;0;1852;31636;0;0;0;0;0;0;0;0;0;0
2012;811,00;0;0;0;0;0;0;0;0;0;0;0;0;0;0;0;0;0;0;0;0;0;0
2012;812,00;0;0;0;0;2593;54978;0;0;0;0;466;2864;0;0;0;0;0;0;0;0;0;0
2012;832,00;0;0;0;0;0;0;0;0;0;0;23;4839;0;0;0;0;0;0;0;0;0;0
2012;841,00;0;0;0;0;0;0;0;0;0;0;0;0;0;0;48;7920;0;0;0;0;0;0
2012;856,00;0;0;0;0;0;0;0;0;0;0;247;8002;135;1380;173;3204;0;0;0;0;0;0
2012;859,00;0;0;0;0;0;0;0;0;0;0;0;0;0;0;0;0;0;0;0;0;0;0
2012;861,00;0;0;0;0;0;0;0;0;0;0;0;0;0;0;0;0;0;0;0;0;0;0
2012;880,00;0;0;0;0;0;0;0;0;0;0;524;13040;56;2083;222;4351;0;0;0;0;0;0
2012;883,00;0;0;0;0;0;0;0;0;0;0;0;0;0;0;0;0;0;0;0;0;0;0
2012;884,00;0;0;0;0;0;0;0;0;0;0;409;13735;17;161;333;2841;0;0;0;0;0;0
2012;877,00;0;0;0;0;0;0;0;0;0;0;0;0;0;0;0;0;0;0;0;0;0;0
2012;911,00;0;0;0;0;0;0;0;0;0;0;0;0;0;0;0;0;0;0;0;0;0;0
2012;913,00;0;0;0;0;0;0;0;0;0;0;0;0;0;0;0;0;0;0;0;0;0;0
2012;922,00;0;0;0;0;0;0;0;0;0;0;2500;22488;0;0;0;0;0;0;0;0;0;0
2012;923,00;0;0;0;0;0;0;0;0;0;0;0;0;0;0;0;0;0;0;0;0;0;0
2012;924,00;0;0;0;0;1361;32115;0;0;0;0;0;0;0;0;0;0;0;0;0;0;0;0
2012;947,00;0;0;0;0;0;0;0;0;0;0;37;111;0;0;15;45;0;0;0;0;0;0
2012;951,00;0;0;0;0;0;0;0;0;0;0;987;1844;0;0;952;1832;0;0;0;0;0;0
2012;972,00;0;0;0;0;0;0;0;0;0;0;259;942;52;208;259;314;0;0;0;0;0;0
2012;973,00;0;162;0;0;0;0;0;0;0;0;0;0;0;0;0;0;0;0;0;0;0;0
2012;974,00;0;0;0;0;0;0;0;0;0;0;275;6591;0;0;444;5330;0;0;0;0;0;0
2012;975,00;0;0;0;0;0;0;0;0;0;0;155;7784;0;0;117;3495;0;0;0;0;0;0
2012;960,00;0;0;0;0;0;0;0;0;0;0;789;22348;0;0;394;7318;0;0;0;0;0;0
2012;1027,00;0;0;0;0;0;0;0;0;0;0;143;6708;0;0;143;224;0;0;0;0;0;0
2012;1028,00;0;0;0;0;0;0;0;0;0;0;72;1728;0;0;0;0;0;0;0;0;0;0
2012;976,00;0;0;0;0;0;0;0;0;0;0;421;565;0;0;0;0;0;0;0;0;0;0
2012;977,00;0;0;0;0;0;0;0;0;0;0;722;25631;25;400;568;11360;0;0;0;0;0;0
2012;1020,00;0;0;0;0;0;0;0;0;0;0;0;0;0;0;0;0;0;0;0;0;0;0
2012;994,00;0;0;0;0;0;0;0;0;0;0;5718;45732;0;0;0;0;88;11778;0;0;2;730
2012;995,00;0;0;0;0;0;0;0;0;0;0;384;10034;68;532;61;1234;0;0;0;0;0;0
2012;1060,00;0;0;0;0;0;0;0;0;0;0;0;0;0;0;0;0;0;0;0;0;0;0
2012;1005,00;0;0;0;0;0;0;0;0;0;0;110;3660;0;0;92;2031;0;0;0;0;0;0
2012;1061,00;0;0;0;0;0;0;0;0;0;0;7;650;0;0;0;0;0;0;0;0;0;0
2012;1006,00;0;0;0;0;0;0;0;0;0;0;0;0;0;0;0;0;0;0;0;0;0;0
2012;1088,00;0;0;0;0;0;0;0;0;0;0;0;0;0;0;0;0;0;0;0;0;0;0
2012;1089,00;0;0;0;0;0;0;0;0;0;0;30;287;0;0;0;0;0;0;0;0;0;0
2012;1076,00;0;0;0;0;0;0;0;0;0;0;0;0;0;0;0;0;0;0;0;0;0;0
2012;1078,00;0;0;0;0;0;0;0;0;0;0;192;6591;0;0;0;0;0;0;0;0;0;0
2012;1033,00;0;0;0;0;0;0;0;0;0;0;0;0;0;0;0;0;0;0;0;0;0;0
2012;1036,00;0;0;0;0;0;0;0;0;0;0;114;5784;0;0;73;2392;0;0;0;0;0;0
2012;1037,00;0;0;0;0;0;0;0;0;0;0;0;0;0;0;105;10109;0;0;0;0;0;0
2012;1039,00;0;0;0;0;0;0;0;0;0;0;0;0;0;0;0;0;0;0;0;0;0;0
2012;1067,00;0;0;0;0;0;0;0;0;0;0;550;17516;0;0;0;0;0;0;0;0;0;0
2012;1065,00;0;0;0;0;0;0;0;0;0;0;485;18042;0;0;187;3740;0;0;0;0;0;0
2012;1066,00;0;0;0;0;0;0;0;0;0;0;1799;30785;0;0;0;0;0;0;0;0;0;0
2012;207,00;0;0;0;0;0;0;0;0;0;0;2936;20664;0;0;0;0;0;0;0;0;0;0
2012;431,00;0;0;0;0;0;0;0;0;0;0;2050;26740;25;102;456;6222;0;0;0;0;0;0
2012;387,00;0;0;0;0;0;0;0;0;0;0;28903;50367;0;0;0;0;0;0;0;0;0;0
2012;179,00;0;0;0;0;0;0;0;0;0;0;56;6840;0;0;0;0;0;0;0;0;0;0
2012;606,00;0;0;0;0;0;0;0;0;0;0;2000;37887;0;0;0;0;12;1808;0;0;0;0
2012;925,00;1150;1920;0;0;493;13669;135;1603;0;0;17515;315265;0;0;1004;18077;122;10585;3;523;19;4365
2012;541,00;0;0;0;0;0;0;0;0;0;0;1727;68107;0;0;0;0;0;0;0;0;0;0
2012;797,00;0;0;0;0;0;0;0;0;0;0;652;11741;0;0;0;0;0;0;0;0;0;0
2012;627,00;0;0;0;0;289;6439;0;0;0;0;2718;85034;0;0;0;0;0;0;0;0;0;0
2012;173,00;0;0;0;0;0;0;0;0;0;0;65;5794;0;0;398;44576;0;0;0;0;0;0
2012;636,00;909;0;0;0;0;0;0;0;0;0;5103;72339;407;1634;0;0;901;8573;0;0;546;16047
2012;205,00;0;0;0;0;0;0;0;0;0;0;0;0;0;0;0;0;0;0;0;0;0;0
2012;814,00;0;25;0;0;0;0;0;0;0;0;0;0;0;0;0;0;0;0;0;0;0;0
2012;881,00;0;0;0;0;0;0;0;0;0;0;0;0;0;0;0;0;0;0;0;0;0;0
2012;771,00;394;465;183;271;1099;21479;0;0;0;0;4002;104672;360;4005;92;6755;79;8471;0;0;0;0
2012;533,00;0;0;0;0;0;0;0;0;0;0;312;4260;0;0;0;0;0;0;0;0;0;0
2012;447,00;0;0;0;0;0;0;0;0;0;0;3825;43156;0;0;0;0;0;0;0;0;0;0
2012;815,00;0;17;0;0;0;0;0;0;0;0;686;20580;0;0;0;0;0;0;0;0;0;0
2012;801,00;1320;716;0;0;0;0;0;0;0;0;124164;124164;364;3436;397;1262;993;10018;0;0;156;7117
2012;800,00;0;0;0;0;0;0;0;0;0;0;2735;24975;0;0;0;0;0;0;0;0;0;0
2012;389,00;0;0;0;0;0;0;0;0;0;0;1989;39106;0;0;0;0;0;0;0;0;0;0
2012;759,00;0;0;0;0;0;0;0;0;0;0;8800;31328;0;0;0;0;0;0;0;0;0;0
2012;695,00;132;814;0;0;0;0;0;0;0;0;608;23968;292;857;235;2598;100;13817;1;168;46;46
2012;816,00;0;0;0;0;0;0;0;0;0;0;1683;42352;14;161;37;785;0;0;0;0;0;0
2012;833,00;0;0;0;0;0;0;0;0;0;0;2975;64845;0;0;0;0;0;0;0;0;0;0
2012;870,00;135;0;0;0;0;0;0;0;0;0;3439;37464;0;0;0;0;0;0;0;0;0;0
2012;927,00;0;0;68;68;0;0;0;0;0;0;1372;51515;0;0;0;0;0;0;0;0;0;0
2012;961,00;0;0;0;0;846;9098;0;0;0;0;6631;96595;0;0;0;6027;0;0;0;0;0;0
2012;962,00;8;0;0;0;0;0;0;0;0;0;2824;32576;0;0;0;0;0;0;0;0;0;0
2012;1079,00;0;18;0;0;0;0;0;0;0;0;2208;81032;0;0;0;0;0;0;0;0;0;0
2012;666,00;1521;3062;0;0;0;0;0;0;0;0;17617;601881;0;0;0;0;703;9808;7;1416;62;17395
2012;392,00;0;0;0;0;0;0;0;0;0;0;3509;25733;263;2329;330;3312;0;0;0;0;0;0
2012;790,00;0;413;495;495;1349;27242;0;0;0;0;2996;201214;488;4905;0;0;0;0;0;0;0;0
2012;650,00;0;282;0;0;0;0;0;0;0;0;24590;66608;0;0;0;0;0;0;0;0;0;0
2012;876,00;0;408;0;0;0;0;0;0;0;0;5495;85364;0;0;0;0;0;0;0;0;0;0
2012;944,00;0;0;0;0;0;0;0;0;0;0;0;0;0;0;0;0;0;0;0;0;0;0
2012;952,00;0;121;0;0;0;0;0;0;0;0;0;0;0;0;0;0;0;0;0;0;0;0
2012;54,00;0;0;0;0;0;0;0;0;0;0;0;0;0;0;0;0;0;0;0;0;0;0
2012;367,00;0;0;0;0;0;0;0;0;0;0;716;14324;0;0;0;0;0;0;0;0;0;0
2012;538,00;0;497;0;0;0;0;0;0;0;0;34817;445657;0;0;3051;25933;0;0;0;0;0;0
2012;557,00;0;0;0;0;0;0;0;0;0;0;4197;34721;0;0;614;5795;0;0;0;0;0;0
2012;653,00;0;580;0;0;0;0;0;0;0;0;4811;32396;0;0;0;0;0;0;0;0;0;0
2012;647,00;0;0;0;0;0;0;0;0;0;0;3234;28747;0;0;350;1920;0;0;0;0;0;0
2012;978,00;1413;893;0;0;597;14326;0;0;763;1048;5036;49018;0;0;318;2108;1144;13643;0;0;0;0
2012;996,00;0;0;0;0;0;0;0;0;0;0;16217;52319;0;0;2253;4699;0;0;0;0;0;0
2012;729,00;3253;10922;551;869;1505;37415;0;0;86;216;3925;36033;435;2020;293;3451;199;20134;0;0;29;8235
2012;182,00;0;0;0;0;0;0;0;0;0;0;0;0;0;0;0;0;0;0;0;0;0;0
2012;633,00;0;0;0;0;0;0;0;0;0;0;499;16876;194;7109;0;0;0;0;0;0;0;0
2012;685,00;0;5707;0;0;0;0;0;0;0;0;1968;21074;0;0;80;1878;0;0;0;0;0;0
2012;683,00;0;0;0;0;0;0;0;0;0;0;3027;20590;0;0;0;0;15;2317;0;0;0;0
2012;945,00;0;0;0;0;0;0;0;0;0;0;1073;43137;0;0;0;0;0;0;0;0;0;0
2012;953,00;0;0;0;0;0;0;0;0;0;0;0;0;0;0;0;0;0;0;0;0;0;0
2012;1022,00;0;0;0;0;0;0;0;0;0;0;498;38009;0;0;0;0;0;0;0;0;0;0
2012;1049,00;0;0;0;0;0;0;0;0;0;0;745;32424;0;0;0;0;0;0;0;0;0;0
2012;794,00;3639;4123;421;638;0;0;0;0;0;0;5995;159324;588;11072;1466;40519;1411;12791;929;145853;589;132525
2012;415,00;0;0;0;0;1976;49337;698;6650;283;462;0;0;0;0;0;0;0;0;0;0;0;0
2012;592,00;0;0;0;0;0;0;0;0;0;0;1965;44583;0;0;0;0;131;13828;0;0;0;0
2012;497,00;109;13530;0;0;0;0;0;0;0;0;2118;42909;0;0;0;0;126;18899;0;0;0;0
2012;726,00;0;0;0;0;0;0;0;0;0;0;2903;183800;0;0;287;14247;16;1408;0;0;0;0
2012;272,00;0;0;0;0;0;0;0;0;0;0;2736;81442;0;0;0;0;142;15802;0;0;0;0
2012;805,00;3354;132;443;830;1003;25976;0;0;42;173;1297;80663;31;798;47;6096;41;13471;52;17271;13;1232
2012;5,00;0;0;0;0;0;0;0;0;0;0;0;0;0;0;0;0;0;0;0;0;0;0
2012;234,00;0;0;0;0;0;0;0;0;0;0;1284;22181;38;415;0;0;126;12449;0;0;0;0
2012;64,00;0;0;0;0;0;0;0;0;0;0;0;0;0;0;0;0;0;0;0;0;0;0
2012;842,00;0;0;0;0;0;0;0;0;0;0;274;8649;0;0;0;0;39;4253;0;0;0;0
2012;843,00;0;0;0;0;0;0;0;0;0;0;711;17827;0;0;0;0;10;1125;0;0;0;0
2012;1025,00;661;170;0;0;0;0;0;0;0;0;0;0;0;0;0;0;0;0;0;0;0;0
2012;803,00;0;608;0;0;0;0;0;0;0;0;2215;33225;0;0;160;2714;66;6600;0;0;27;6823
2012;211,00;0;0;0;0;0;0;0;0;0;0;1425;13296;20;360;0;0;0;0;0;0;0;0
2012;773,00;1739;0;0;0;0;0;0;0;0;0;0;0;0;0;0;0;70;6344;0;0;89;1230
2012;424,00;0;0;0;0;0;0;0;0;0;0;0;0;0;0;0;0;0;0;0;0;0;0
2012;298,00;128;0;0;0;0;0;0;0;0;0;2130;66125;0;0;0;0;248;28426;0;0;0;0
2012;594,00;0;0;0;0;0;0;0;0;0;0;0;0;0;0;0;0;0;0;0;0;0;0
2012;237,00;0;0;0;0;0;0;0;0;0;0;1135;30839;41;1825;0;0;0;0;0;0;0;0
2012;16,00;0;0;0;0;0;0;0;0;0;0;0;0;0;0;0;0;0;0;0;0;0;0
2012;768,00;0;0;0;0;0;0;0;0;0;0;305;12292;1;6;0;0;0;0;0;0;0;0
2012;617,00;0;0;0;0;0;0;0;0;0;0;2136;27607;0;0;0;0;61;9426;0;0;7;2184
2012;297,00;0;0;0;0;0;0;0;0;0;0;416;32900;0;0;0;0;0;0;0;0;0;0
2012;544,00;0;236;0;0;0;0;0;0;0;0;1859;30661;112;1370;0;0;0;0;0;0;0;0
2012;804,00;0;0;0;0;0;0;0;0;0;0;4853;77125;218;1509;1098;7423;117;9740;0;0;0;0
2012;470,00;0;0;0;0;0;0;0;0;0;0;599;10490;49;590;0;0;0;0;0;0;0;0
2012;104,00;0;0;0;0;0;0;0;0;0;0;0;0;0;0;175;625;0;0;0;0;0;0
2012;20,00;0;0;0;0;0;0;0;0;0;0;41;3360;0;0;35;612;0;0;0;0;0;0
2012;550,00;0;0;0;0;0;0;0;0;0;0;1800;27835;18;152;0;0;0;0;0;0;0;0
2012;112,00;0;0;0;0;0;0;0;0;0;0;0;0;0;0;0;0;0;0;0;0;0;0
2012;818,00;0;0;0;0;0;0;0;0;0;0;270;1808;0;0;0;0;0;0;0;0;0;0
2012;914,00;0;0;0;0;0;0;0;0;0;0;283;9842;0;0;0;0;0;0;0;0;0;0
2012;928,00;0;0;0;0;1227;26908;0;0;0;0;0;0;0;0;0;0;0;0;0;0;0;0
2012;964,00;0;0;0;0;0;0;0;0;220;1655;27;28;0;0;0;0;0;0;0;0;0;0
2012;1026,00;0;0;0;0;0;0;0;0;0;0;379;32768;26;245;40;3530;0;0;0;0;0;0
2012;1068,00;0;0;0;0;0;0;0;0;0;0;0;0;0;0;286;1224;0;0;0;0;0;0
2012;738,00;0;181;775;1354;523;13590;0;0;0;0;7392;80568;1451;3402;615;1546;267;10801;0;0;0;0
2012;404,00;0;0;0;0;0;0;0;0;0;0;2596;44641;118;2565;47;923;0;0;0;0;0;0
2012;274,00;140;55;75;99;0;0;0;0;0;0;6385;69516;0;0;0;0;0;0;0;0;0;0
2012;270,00;80;219;0;0;213;4260;0;0;0;0;4134;50111;0;0;0;0;0;0;0;0;0;0
2012;676,00;0;0;0;0;0;0;0;0;0;0;2659;16831;0;0;289;2506;0;0;0;0;0;0
2012;709,00;0;343;0;0;0;0;0;0;0;0;2051;28691;0;0;608;5974;0;0;0;0;0;0
2012;754,00;3050;1658;0;0;1801;17907;0;0;769;1287;8434;117430;1002;7955;2900;106712;2372;21538;0;0;294;8514
2012;997,00;0;110;0;0;0;0;0;0;0;0;603;12293;0;0;0;0;0;0;0;0;0;0
2012;734,00;760;985;0;0;0;0;0;0;0;0;2327;71090;281;4965;271;9308;93;10579;0;0;24;5538
2012;299,00;0;0;0;0;0;0;0;0;0;0;686;9748;0;0;0;0;0;0;0;0;0;0
2012;645,00;0;0;0;0;0;0;0;0;0;0;1921;19213;0;0;0;0;0;0;0;0;0;0
2012;17,00;0;0;0;0;0;0;0;0;0;0;0;0;0;0;0;0;0;0;0;0;0;0
2012;1046,00;0;0;0;0;0;0;0;0;0;0;30;3462;22;1404;44;6328;0;0;0;0;0;0
2012;420,00;0;0;0;0;0;0;0;0;0;0;853;11899;0;0;0;0;0;0;0;0;0;0
2012;802,00;0;0;0;0;0;0;0;0;0;0;6723;185261;520;12154;232;3174;0;0;0;0;0;0
2012;266,00;1264;0;0;0;0;0;0;0;0;0;1830;33657;0;0;0;0;143;14846;0;0;0;0
2012;580,00;0;0;26;27;0;0;0;0;0;0;209;3904;0;0;0;0;0;0;0;0;0;0
2012;137,00;0;0;0;0;0;0;0;0;0;0;0;0;0;0;0;0;0;0;0;0;0;0
2012;769,00;0;0;0;0;649;16027;0;0;271;1018;51;81;0;0;0;0;0;0;0;0;0;0
2012;776,00;0;0;0;0;0;0;0;0;0;0;37010;135103;0;0;0;0;0;0;0;0;0;0
2012;640,00;0;0;0;0;0;0;0;0;0;0;2056;46222;0;0;0;0;0;0;0;0;0;0
2012;315,00;0;0;0;0;0;0;0;0;0;0;256;13181;128;5083;183;6987;0;0;0;0;0;0
2012;40,00;0;0;0;0;0;0;0;0;0;0;0;0;0;0;256;227;0;0;0;0;0;0
2012;508,00;0;0;0;0;0;0;0;0;0;0;2804;76066;0;0;0;0;0;0;0;0;0;0
2012;46,00;0;0;0;0;0;0;0;0;0;0;0;0;0;0;252;950;0;0;0;0;0;0
2012;590,00;0;0;0;0;0;0;0;0;0;0;4411;41447;0;0;0;0;555;7053;0;0;0;0
2012;777,00;0;0;0;0;0;0;0;0;0;0;1077;80521;0;0;0;0;0;0;0;0;0;0
2012;897,00;1449;1854;0;0;941;22813;0;0;0;0;179841;213241;2064;2289;452;728;213;18591;0;0;0;0
2012;965,00;0;0;0;0;0;0;0;0;0;0;0;0;0;0;75;2010;0;0;0;0;0;0
2012;671,00;0;0;0;0;0;0;0;0;0;0;1483;66105;402;11771;0;0;0;0;0;0;0;0
2012;461,00;0;0;0;0;0;0;0;0;0;0;919;20610;0;0;0;0;0;0;0;0;0;0
2012;376,00;0;0;0;0;0;0;0;0;0;0;0;0;0;0;0;0;0;0;0;0;0;0
2012;621,00;0;0;0;0;0;0;0;0;0;0;1286;13028;0;0;137;1175;0;0;0;0;0;0
2012;793,00;1630;1318;0;0;1138;15784;0;0;31;48;1562;28890;181;2612;420;9282;173;12324;0;0;39;11324
2012;324,00;0;0;0;0;0;0;0;0;0;0;0;0;0;0;0;0;0;0;0;0;0;0
2012;712,00;0;702;0;0;0;0;0;0;0;0;7630;83297;0;0;532;4440;54;6088;0;0;4;1037
2012;32,00;0;0;0;0;0;0;0;0;0;0;0;0;0;0;123;2925;0;0;0;0;0;0
2012;361,00;0;0;0;0;0;0;0;0;0;0;0;0;0;0;0;0;0;0;0;0;0;0
2012;486,00;0;0;0;0;0;0;0;0;0;0;1460;9183;0;0;0;0;0;0;0;0;0;0
2012;595,00;0;424;0;0;0;0;0;0;0;0;4575;111102;171;1460;0;0;105;8864;0;0;0;0
2012;433,00;0;0;0;0;0;0;0;0;0;0;695;9893;0;0;0;0;13;1769;0;0;0;0
2012;1058,00;0;0;0;0;0;0;0;0;0;0;392;7787;0;0;0;0;0;0;0;0;0;0
2012;261,00;0;73;0;0;0;0;0;0;0;0;0;0;0;0;0;0;0;0;0;0;0;0
2012;730,00;0;0;0;0;0;0;0;0;0;0;6557;63780;0;0;108;970;0;0;0;0;0;0
2012;577,00;0;0;0;0;0;0;0;0;0;0;2035;33184;0;0;0;0;0;0;0;0;0;0
2012;788,00;3047;0;0;0;469;11614;258;3238;144;264;4894;59921;0;0;87;2003;219;10722;0;0;63;14547
2012;865,00;0;0;0;0;0;0;0;0;0;0;1657;12651;0;0;0;0;0;0;0;0;0;0
2012;979,00;0;0;0;0;0;0;0;0;0;0;135;31214;0;0;0;0;0;0;0;0;0;0
2012;998,00;0;0;0;0;0;0;0;0;0;0;89;2086;0;0;0;0;0;0;0;0;0;0
2012;221,00;0;0;30;40;0;0;0;0;0;0;15;30000;0;0;0;0;0;0;0;0;0;0
2012;462,00;0;21;0;0;0;0;0;0;0;0;0;0;0;0;0;0;0;0;0;0;0;0
2012;506,00;0;0;0;0;0;0;0;0;0;0;2260;40689;0;0;0;0;0;0;0;0;0;0
2012;727,00;0;972;0;0;0;0;0;0;0;0;20346;191868;631;1459;315;3055;38;5875;0;0;0;0
2012;355,00;0;0;0;0;0;0;0;0;0;0;2729;32767;0;0;0;0;0;0;0;0;0;0
2012;487,00;0;0;0;0;0;0;0;0;0;0;3846;48428;52;520;81;2025;0;0;0;0;0;0
2012;938,00;2765;2543;1065;1065;989;24281;0;0;0;0;10321;206124;2441;6105;331;5516;55;7965;0;0;40;13040
2012;886,00;0;6;0;0;0;0;0;0;0;0;1052;31568;28;535;0;0;0;0;0;0;0;0
2012;835,00;0;0;0;0;0;0;0;0;0;0;550;11518;0;0;0;0;0;0;0;0;0;0
2012;999,00;0;0;0;0;0;0;0;0;0;0;40;4500;0;0;20;400;0;0;0;0;0;0
2012;798,00;1578;532;0;0;749;749;0;0;685;15639;387;932;0;0;0;0;84;6342;0;0;31;11217
2012;504,00;0;0;0;0;0;0;0;0;0;0;9413;180026;992;10640;0;0;0;0;0;0;0;0
2012;247,00;0;0;380;380;0;0;0;0;0;0;1600;22810;0;0;0;0;0;0;0;0;0;0
2012;216,00;0;0;0;0;0;0;0;0;0;0;0;0;0;0;0;0;0;0;0;0;0;0
2012;654,00;0;0;0;0;0;0;0;0;0;0;0;0;0;0;0;0;0;0;0;0;0;0
2012;65,00;0;0;0;0;0;0;0;0;0;0;0;0;0;0;0;0;0;0;0;0;0;0
2012;472,00;0;0;0;0;0;0;0;0;0;0;1148;25302;46;444;0;0;0;0;0;0;0;0
2012;427,00;0;4333;0;0;0;0;0;0;0;0;0;0;0;0;62;3420;0;0;0;0;0;0
2012;491,00;0;0;0;0;0;0;0;0;0;0;2182;27237;37;295;135;1300;10;1538;0;0;0;0
2012;551,00;0;41;0;0;0;0;0;0;0;0;710;8063;33;219;0;0;0;0;0;0;0;0
2012;106,00;0;0;0;0;0;0;0;0;0;0;103;9787;0;0;113;23504;0;0;0;0;0;0
2012;819,00;0;0;0;0;0;0;0;0;0;0;76;5625;0;0;89;6129;0;0;0;0;0;0
2012;836,00;0;0;0;0;0;0;0;0;0;0;14;490;0;0;19;1824;0;0;0;0;0;0
2012;915,00;0;0;0;0;0;0;0;0;0;0;120;8534;20;1020;0;0;0;0;0;0;0;0
2012;942,00;0;0;0;0;0;0;0;0;0;0;0;0;0;0;198;3840;0;0;0;0;0;0
2012;748,00;1582;1636;119;119;685;13969;0;0;86;155;80067;144610;2100;6693;0;0;46;6939;2;517;27;7654
2012;198,00;0;0;0;0;0;0;0;0;0;0;0;0;0;0;0;0;0;0;0;0;0;0
2012;871,00;0;0;0;0;0;0;0;0;0;0;1056;19007;173;1907;80;1443;34;5393;0;0;4;1333
2012;948,00;310;0;0;0;0;0;0;0;0;0;415;9682;0;0;0;0;0;0;0;0;0;0
2012;1051,00;0;0;0;0;0;0;0;0;0;0;0;0;0;0;0;0;0;0;0;0;0;0
2012;1083,00;0;0;0;0;0;0;0;0;0;0;0;0;0;0;0;0;0;0;0;0;0;0
2012;679,00;0;182;0;0;0;0;0;0;0;0;11599;155140;0;0;511;5749;846;8663;0;0;406;1769
2012;176,00;0;0;0;0;0;0;0;0;0;0;947;30322;0;0;0;0;0;0;0;0;0;0
2012;537,00;0;0;0;0;0;0;0;0;0;0;814;15225;0;0;0;0;0;0;0;0;0;0
2012;608,00;0;156;0;0;0;0;0;0;0;0;437;42545;0;0;0;0;58;7210;0;0;0;0
2012;596,00;0;0;0;0;0;0;0;0;0;0;3971;55783;0;0;0;0;0;0;0;0;0;0
2012;749,00;4016;2254;581;581;798;19115;161;1483;740;1110;8630;152846;0;0;859;7870;63;9572;0;0;40;14569
2012;758,00;2155;2558;146;189;1266;145766;0;0;257;590;10089;182895;524;5879;806;13648;555;7011;0;0;0;0
2012;724,00;3512;5906;0;0;934;13250;0;0;0;0;7165;175443;224;3240;501;8199;33;5269;0;0;15;5003
2012;436,00;0;0;0;0;0;0;0;0;0;0;2361;93651;0;0;261;4005;0;0;0;0;0;0
2012;567,00;0;524;0;0;0;0;0;0;0;0;1544;20627;0;0;94;344;0;0;0;0;0;0
2012;677,00;1449;3163;0;0;758;15161;0;0;0;0;3156;36856;0;0;0;0;59;9103;1;224;38;12875
2012;670,00;0;480;0;0;0;0;0;0;0;0;3607;13047;833;3278;113;183;0;0;0;0;0;0
2012;588,00;0;212;0;0;0;0;0;0;0;0;6832;144967;91;1996;194;4137;0;0;0;0;0;0
2012;446,00;0;0;0;0;0;0;0;0;0;0;1551;17051;0;0;0;0;0;0;0;0;0;0
2012;753,00;3130;3432;315;531;1791;35463;0;0;0;0;26139;239223;475;1822;3131;31295;74;9238;6;1647;31;9876
2012;887,00;0;0;0;0;0;0;0;0;0;0;1816;36694;0;0;2531;3988;0;0;0;0;0;0
2012;585,00;0;0;0;0;0;0;0;0;0;0;44;1138;0;0;0;0;0;0;0;0;0;0
2012;245,00;66;0;0;0;0;0;0;0;0;0;0;0;0;0;0;0;0;0;0;0;0;0
2012;603,00;232;0;0;0;0;0;0;0;0;0;547;30367;482;5172;2187;121468;0;0;0;0;0;0
2012;426,00;0;0;0;0;0;0;0;0;0;0;2297;29626;2;110;0;0;0;0;0;0;0;0
2012;232,00;0;0;0;0;0;0;0;0;0;0;1516;6036;0;0;0;0;0;0;0;0;0;0
2012;288,00;0;0;6;11;0;0;0;0;0;0;3584;68440;76;5812;104;7058;0;0;0;0;0;0
2012;246,00;0;0;0;0;0;0;0;0;0;0;0;0;0;0;0;0;809;9923;0;0;0;0
2012;284,00;243;73;0;0;580;13345;0;0;0;0;2554;51810;0;0;0;0;370;4736;0;0;0;0
2012;18,00;0;0;0;0;0;0;0;0;0;0;0;0;0;0;133;69108;0;0;0;0;0;0
2012;356,00;0;0;0;0;0;0;0;0;0;0;0;0;0;0;537;5585;0;0;0;0;0;0
2012;401,00;0;0;0;0;0;0;0;0;0;0;750;58990;122;13722;365;18246;0;0;0;0;0;0
2012;733,00;1431;6513;293;481;992;21969;0;0;54;267;16021;102119;1745;9152;585;2853;1970;22591;42;743;99;1707
2012;243,00;0;0;0;0;0;0;0;0;0;0;0;0;0;0;0;0;0;0;0;0;0;0
2012;380,00;0;0;0;0;0;0;0;0;0;0;631;13803;244;1268;156;3182;0;0;0;0;0;0
2012;716,00;0;0;0;0;0;0;0;0;0;0;272;1359;0;0;0;0;91;8333;0;0;0;0
2012;534,00;1596;306;0;0;0;0;0;0;0;0;249;4238;0;0;0;0;0;0;0;0;0;0
2012;185,00;5;3;570;897;0;0;0;0;0;0;0;0;0;0;0;0;0;0;0;0;0;0
2012;258,00;172;49;216;235;138;2727;0;0;0;0;1201;13828;0;0;0;0;0;0;0;0;0;0
2012;505,00;0;0;0;0;0;0;0;0;0;0;296;3552;0;0;0;0;154;17100;0;0;0;0
2012;268,00;0;0;0;0;0;0;0;0;0;0;292;4017;0;0;0;0;57;7537;0;0;0;0
2012;602,00;382;337;0;0;413;9086;0;0;0;0;828;13599;39;550;13;105;0;0;0;0;0;0
2012;254,00;316;0;693;1244;264;7520;0;0;0;0;0;0;0;0;0;0;0;0;0;0;0;0
2012;705,00;501;1345;0;0;0;0;0;0;0;0;376;2684;691;2487;0;0;0;0;0;0;0;0
2012;133,00;0;0;0;0;0;0;0;0;0;0;0;0;0;0;0;0;0;0;0;0;0;0
2012;33,00;0;0;0;0;0;0;0;0;0;0;0;0;0;0;131;2282;0;0;0;0;0;0
2012;143,00;0;0;0;0;0;0;0;0;0;0;0;0;0;0;0;0;0;0;0;0;0;0
2012;36,00;0;0;0;0;0;0;0;0;0;0;0;0;0;0;0;0;0;0;0;0;0;0
2012;756,00;394;1167;41;88;617;17338;0;0;89;260;4161;251380;304;3012;179;2538;53;5771;0;0;0;0
2012;662,00;723;1556;0;0;0;0;0;0;0;0;11769;80517;830;4211;1214;6268;735;9683;0;0;214;6526
2012;192,00;0;0;0;0;0;0;0;0;0;0;594;18152;58;2121;140;5518;0;0;0;0;0;0
2012;382,00;0;0;0;0;0;0;0;0;0;0;0;0;0;0;0;0;0;0;0;0;0;0
2012;322,00;0;0;0;0;0;0;0;0;0;0;121;160332;0;0;99;145021;0;0;0;0;0;0
2012;478,00;0;0;0;0;0;0;0;0;0;0;2080;24514;0;0;445;5239;0;0;0;0;0;0
2012;352,00;0;0;0;0;0;0;0;0;0;0;747;23596;241;5420;153;4544;0;0;0;0;0;0
2012;628,00;662;533;0;0;0;0;0;0;0;0;7080;190737;0;0;0;0;101;14708;0;0;21;7565
2012;291,00;0;0;0;0;0;0;0;0;0;0;45;4695;0;0;58;4236;0;0;0;0;0;0
2012;495,00;0;0;0;0;0;0;0;0;0;0;750;54983;10;622;349;19795;0;0;0;0;0;0
2012;845,00;0;1249;0;0;0;0;0;0;0;0;4728;107955;0;0;224;1523;0;0;0;0;0;0
2012;498,00;0;166;0;0;0;0;0;0;0;0;379;8068;0;0;0;0;0;0;0;0;0;0
2012;314,00;0;0;0;0;0;0;0;0;0;0;603;18785;82;2246;311;9058;0;0;0;0;0;0
2012;720,00;0;0;0;0;0;0;0;0;0;0;112;550;0;0;0;0;0;0;0;0;0;0
2012;721,00;147;1121;0;0;0;0;0;0;0;0;8308;138110;0;0;265;11955;588;7528;0;0;64;1398
2012;485,00;0;0;0;0;0;0;0;0;0;0;0;0;0;0;0;0;0;0;0;0;0;0
2012;273,00;486;1110;0;0;0;0;0;0;0;0;725;4677;0;0;0;0;0;0;0;0;0;0
2012;846,00;1242;3735;148;197;0;0;0;0;0;0;5943;84752;0;0;388;5095;63;9858;0;0;39;14160
2012;847,00;0;0;0;0;0;0;0;0;0;0;2635;60618;0;0;0;0;0;0;0;0;0;0
2012;848,00;631;187;132;150;0;0;0;0;0;0;2652;16385;0;0;195;1214;0;0;0;0;0;0
2012;864,00;0;0;0;0;0;0;0;0;0;0;199;8257;4;84;132;2444;0;0;0;0;0;0
2012;916,00;0;28;0;0;442;9566;0;0;0;0;0;0;0;0;0;0;0;0;0;0;0;0
2012;930,00;106;12;0;0;0;0;0;0;0;0;4380;32457;0;0;0;0;0;0;0;0;0;0
2012;954,00;0;3132;0;0;1015;24085;0;0;0;0;6328;94412;273;5312;633;5058;0;0;0;0;0;0
2012;943,00;0;0;0;0;0;0;0;0;0;0;2280;36490;0;0;0;0;0;0;0;0;0;0
2012;949,00;2134;3988;0;0;1249;18052;0;0;0;0;17941;149944;1644;12552;1993;34886;908;11375;0;0;714;21436
2012;980,00;307;1531;118;121;0;0;0;0;0;0;0;0;0;0;0;0;0;0;0;0;0;0
2012;981,00;0;0;0;0;0;0;0;0;0;0;522;6395;73;3282;97;4533;0;0;0;0;0;0
2012;1024,00;454;475;0;0;881;14385;0;0;146;250;5045;63245;71;754;0;0;0;0;0;0;0;0
2012;1017,00;0;0;0;0;0;0;0;0;0;0;212;1272;0;0;0;0;0;0;0;0;0;0
2012;1000,00;250;432;0;0;1477;31008;0;0;367;6242;1508;51268;0;0;0;0;20;79;0;0;0;0
2012;1018,00;0;125;0;0;0;0;0;0;0;0;2578;34227;178;3141;212;3141;44;3401;0;0;0;0
2012;1001,00;31;1;0;0;0;0;0;0;0;0;0;0;0;0;0;0;0;0;0;0;0;0
2012;1007,00;0;3787;0;0;0;0;0;0;0;0;6596;131929;0;0;153;2403;67;10482;0;0;16;5741
2012;1008,00;0;0;0;0;0;0;0;0;0;0;3599;34199;0;0;150;1151;51;7601;1;250;9;3300
2012;1009,00;0;529;0;0;0;0;0;0;0;0;1900;38699;0;0;270;3824;894;10389;0;0;53;1152
2012;1010,00;0;0;0;0;0;0;0;0;0;0;1682;21384;0;0;129;2669;48;7292;0;0;5;1610
2012;1011,00;0;47;0;0;0;0;0;0;0;0;2036;26276;0;0;23;316;30;4572;0;0;0;0
2012;1012,00;0;0;0;0;0;0;0;0;0;0;3382;59490;0;0;228;4439;55;7917;0;0;6;1931
2012;1013,00;2684;0;311;323;1103;21399;0;0;0;0;5086;265323;535;2112;390;14043;74;11510;1;366;17;6316
2012;1041,00;0;0;0;0;0;0;0;0;0;0;48;1331;0;0;101;2420;0;0;0;0;0;0
2012;1073,00;1020;1616;0;0;0;0;0;0;0;0;2815;32967;207;3619;0;0;91;9462;0;0;0;0
2012;1087,00;325;891;0;0;40;1065;0;0;0;0;2376;20484;140;1072;118;1255;29;2657;0;0;0;0
2012;789,00;0;0;0;0;0;0;0;0;0;0;72;6300;0;0;0;0;0;0;0;0;0;0
2012;326,00;0;0;0;0;0;0;0;0;0;0;441;38668;0;0;441;28917;0;0;0;0;0;0
2012;442,00;209;64;780;780;35;35;0;0;0;0;32436;32436;0;0;0;0;0;0;0;0;0;0
2012;294,00;214;1058;81;81;0;0;0;0;0;0;2982;33596;0;0;0;0;0;0;0;0;0;0
2012;378,00;0;0;31;31;0;0;0;0;0;0;0;0;0;0;0;0;0;0;0;0;0;0
2012;402,00;78;10;0;0;0;0;0;0;0;0;639;8390;0;0;0;0;0;0;0;0;0;0
2012;29,00;0;0;0;0;0;0;0;0;0;0;0;0;0;0;140;2660;0;0;0;0;0;0
2012;450,00;0;0;0;0;0;0;0;0;0;0;285;3286;0;0;0;0;0;0;0;0;0;0
2012;656,00;0;0;0;0;0;0;0;0;0;0;2053;33102;0;0;0;0;0;0;0;0;0;0
2012;333,00;259;0;0;0;0;0;0;0;0;0;717;7761;0;0;0;0;167;11417;0;0;0;0
2012;668,00;0;158;0;0;0;0;0;0;0;0;1371;17412;0;0;0;0;20;2936;0;0;0;0
2012;684,00;0;0;0;0;0;0;0;0;0;0;1117;24763;0;0;0;0;0;0;0;0;0;0
2012;422,00;58;231;29;57;0;0;0;0;0;0;240;2367;0;0;0;0;59;1367;0;0;0;0
2012;763,00;2119;2858;957;1596;1234;31264;0;0;0;0;12076;262192;1162;45160;614;12163;2372;19256;0;0;1757;14265
2012;741,00;2618;565;0;0;2030;16414;0;0;0;0;4450;84939;249;1274;183;3660;78;359;0;0;0;0
2012;553,00;986;1173;0;0;0;0;0;0;0;0;1191;22695;0;0;0;0;139;8049;0;0;0;0
2012;357,00;0;0;0;0;0;0;0;0;0;0;759;10291;0;0;0;0;0;0;0;0;0;0
2012;899,00;0;0;0;0;0;0;0;0;0;0;0;0;0;0;0;0;0;0;0;0;0;0
2012;900,00;0;0;0;0;0;0;0;0;0;0;100;1218;0;0;0;0;0;0;0;0;0;0
2012;932,00;0;0;0;0;0;0;0;0;0;0;0;0;0;0;0;0;0;0;0;0;0;0
2012;950,00;0;0;0;0;0;0;0;0;0;0;1540;29541;51;1530;0;0;0;0;0;0;0;0
2012;966,00;100;4;0;0;0;0;0;0;0;0;0;0;0;0;0;0;0;0;0;0;0;0
2012;967,00;0;0;0;0;0;0;0;0;0;0;84;745;0;0;0;0;0;0;0;0;0;0
2012;982,00;406;56;0;0;179;3586;0;0;13;13;2459;35815;51;593;51;272;0;0;0;0;0;0
2012;1014,00;0;168;0;0;0;0;0;0;0;0;0;0;0;0;0;0;0;0;0;0;0;0
2012;1048,00;0;0;0;0;0;0;0;0;0;0;0;0;0;0;0;0;0;0;0;0;0;0
2012;1080,00;200;129;69;88;0;0;0;0;0;0;0;0;0;0;0;0;0;0;0;0;0;0
2012;1074,00;0;0;0;0;0;0;0;0;0;0;325;3250;0;0;0;0;0;0;0;0;0;0
2012;722,00;5025;4026;0;0;1239;25440;0;0;107;384;12379;250541;572;11498;560;11283;90;10020;1;154;43;15449
2012;660,00;0;2648;0;0;0;0;0;0;0;0;2177;47405;0;0;0;0;62;7247;0;0;0;0
2012;75,00;0;0;0;0;0;0;0;0;0;0;0;0;0;0;170;4767;0;0;0;0;0;0
2012;249,00;10;547;0;0;0;0;0;0;0;0;200;5241;0;0;0;0;0;0;0;0;0;0
2012;275,00;0;0;0;0;0;0;0;0;0;0;2273;39089;0;0;0;0;0;0;0;0;0;0
2012;227,00;184;294;0;0;0;0;0;0;0;0;0;0;0;0;0;0;0;0;0;0;0;0
2012;150,00;0;0;0;0;0;0;0;0;0;0;634;3804;0;0;0;0;0;0;0;0;0;0
2012;47,00;0;0;0;0;0;0;0;0;0;0;0;0;0;0;0;0;0;0;0;0;0;0
2012;172,00;0;0;0;0;0;0;0;0;0;0;800;6194;0;0;0;0;0;0;0;0;0;0
2012;581,00;0;18;0;0;0;0;0;0;0;0;1575;63000;0;0;0;0;0;0;0;0;0;0
2012;120,00;0;0;0;0;0;0;0;0;0;0;2797;64319;172;6722;42;1245;0;0;0;0;0;0
2012;445,00;0;0;0;0;0;0;0;0;0;0;152;3457;0;0;0;0;0;0;0;0;0;0
2012;471,00;0;0;0;0;0;0;0;0;0;0;3070;89397;0;0;0;0;0;0;0;0;0;0
2012;53,00;0;0;0;0;0;0;0;0;0;0;982;23241;0;0;0;0;0;0;0;0;0;0
2012;199,00;0;0;0;0;0;0;0;0;0;0;1757;85235;244;10521;0;0;0;0;0;0;0;0
2012;575,00;0;0;0;0;0;0;0;0;0;0;2348;14241;0;0;0;0;0;0;0;0;0;0
2012;528,00;0;309;0;0;0;0;0;0;0;0;4479;36124;0;0;0;0;0;0;0;0;0;0
2012;631,00;0;0;0;0;0;0;0;0;0;0;2598;30728;0;0;0;0;42;6235;0;0;2;723
2012;699,00;0;2247;0;0;0;0;0;0;0;0;3017;59838;0;0;0;0;0;0;0;0;0;0
2012;823,00;0;0;0;0;0;0;0;0;0;0;1804;36214;0;0;0;0;0;0;0;0;0;0
2012;849,00;0;0;0;0;0;0;0;0;0;0;3119;19729;0;0;0;0;0;0;0;0;0;0
2012;869,00;0;0;0;0;0;0;0;0;0;0;1859;18816;0;0;0;0;0;0;0;0;0;0
2012;955,00;0;0;0;0;0;0;0;0;0;0;0;0;0;0;47;11844;0;0;0;0;0;0
2012;983,00;0;0;0;0;0;0;0;0;0;0;558;9187;0;0;60;15000;0;0;0;0;0;0
2012;1002,00;0;0;0;0;0;0;0;0;0;0;0;0;0;0;0;0;0;0;0;0;0;0
2012;1015,00;1983;3915;0;0;834;13501;0;0;1091;1091;7450;74259;0;0;0;0;61;7472;0;0;26;8932
2012;51,00;0;0;0;0;0;0;0;0;0;0;0;0;0;0;0;0;0;0;0;0;0;0
2012;441,00;0;0;0;0;0;0;0;0;0;0;0;0;0;0;0;0;0;0;0;0;0;0
2012;327,00;0;0;0;0;0;0;0;0;0;0;0;0;0;0;0;0;0;0;0;0;0;0
2012;690,00;505;967;119;119;400;8289;0;0;162;467;1282;30828;93;921;20;354;105;6993;0;0;0;0
2012;262,00;0;0;0;0;0;0;0;0;0;0;1419;25001;0;0;0;0;0;0;0;0;0;0
2012;403,00;0;0;0;0;0;0;0;0;0;0;0;0;0;0;0;0;0;0;0;0;0;0
2012;312,00;0;0;0;0;0;0;0;0;0;0;0;0;0;0;0;0;0;0;0;0;0;0
2012;589,00;0;0;0;0;0;0;0;0;0;0;3698;75526;0;0;0;0;0;0;0;0;0;0
2012;665,00;0;494;0;0;0;0;0;0;0;0;5835;105026;0;0;0;0;68;5951;0;0;0;0
2012;334,00;0;0;0;0;0;0;0;0;0;0;17;336;0;0;0;0;0;0;0;0;0;0
2012;1075,00;1440;422;408;537;1613;33063;0;0;1791;3496;15949;371313;1030;4304;0;0;924;25300;39;987;69;4936
2012;751,00;1058;1067;0;0;896;16684;0;0;0;0;2608;164570;0;0;131;6306;65;9662;0;0;0;0
2012;186,00;60;0;0;0;0;0;0;0;0;0;5;39;0;0;0;0;0;0;0;0;0;0
2012;646,00;0;199;0;0;0;0;0;0;0;0;1198;28081;0;0;0;0;0;0;0;0;0;0
2012;536,00;0;0;0;0;0;0;0;0;0;0;769;39077;0;0;0;0;269;3289;0;0;0;0
2012;242,00;0;0;0;0;0;0;0;0;0;0;222;3264;0;0;0;0;0;0;0;0;0;0
2012;490,00;0;0;0;0;0;0;0;0;0;0;422;7600;466;5122;102;1846;0;0;0;0;0;0
2012;500,00;163;320;0;0;122;2668;0;0;0;0;887;11315;132;2014;0;0;0;0;0;0;0;0
2012;206,00;0;0;0;0;0;0;0;0;0;0;1723;33929;0;0;0;0;0;0;0;0;0;0
2012;58,00;0;0;0;0;0;0;0;0;0;0;0;0;0;0;0;0;0;0;0;0;0;0
2012;572,00;0;211;0;0;0;0;0;0;0;0;3083;203878;0;0;0;0;64;9459;0;0;0;0
2012;180,00;0;0;0;0;0;0;0;0;0;0;594;3743;0;0;0;0;0;0;0;0;0;0
2012;549,00;0;0;0;0;0;0;0;0;0;0;539;80666;0;0;0;0;20;3390;0;0;0;0
2012;582,00;0;0;0;0;0;0;0;0;0;0;1168;26111;0;0;14;123;22;1607;0;0;0;0
2012;743,00;1318;962;0;0;0;0;0;0;0;0;22692;408454;216;2372;1441;25947;49;7578;0;0;0;0
2012;795,00;0;0;0;0;0;0;0;0;0;0;785;7691;0;0;0;0;104;9453;0;0;0;0
2012;269,00;0;0;0;0;0;0;0;0;0;0;566;6348;46;994;0;0;0;0;0;0;0;0
2012;634,00;0;33;0;0;818;17209;0;0;0;0;469;19985;0;0;0;0;0;0;0;0;0;0
2012;1,00;0;0;0;0;0;0;0;0;0;0;1245;16854;0;0;0;0;0;0;0;0;0;0
2012;717,00;0;186;0;0;0;0;0;0;0;0;1360;24464;0;0;0;0;30;4581;0;0;0;0
2012;373,00;0;0;0;0;0;0;0;0;0;0;611;11006;0;0;0;0;0;0;0;0;0;0
2012;535,00;0;285;0;0;0;0;0;0;0;0;1699;56540;0;0;0;0;0;0;0;0;0;0
2012;824,00;3636;3967;752;752;1176;30364;277;2516;447;1327;8738;355464;275;8809;777;29227;63;9940;47;17204;52;18890
2012;888,00;0;0;0;0;0;0;0;0;0;0;0;0;0;0;0;0;31;4540;0;0;0;0
2012;902,00;0;0;0;0;0;0;0;0;0;0;155;3146;0;0;0;0;0;0;0;0;0;0
2012;968,00;0;0;0;0;0;0;0;0;0;0;0;0;0;0;0;0;0;0;0;0;0;0
2012;346,00;0;0;0;0;0;0;0;0;0;0;95;4917;0;0;277;53852;0;0;0;0;0;0
2012;27,00;0;0;0;0;0;0;0;0;0;0;0;0;0;0;0;0;0;0;0;0;0;0
2012;165,00;0;0;0;0;0;0;0;0;0;0;115;2101;4;80;0;0;0;0;0;0;0;0
2012;956,00;0;1449;0;0;0;0;0;0;684;5152;7706;138709;0;0;0;0;75;11034;1;158;17;12077
2012;413,00;0;0;0;0;0;0;0;0;0;0;0;0;0;0;0;0;0;0;0;0;0;0
2012;149,00;0;0;0;0;0;0;0;0;0;0;907;26563;0;0;46;1380;0;0;0;0;0;0
2012;612,00;449;51;0;0;0;0;0;0;0;0;3526;72139;0;0;0;0;0;0;0;0;0;0
2012;559,00;0;0;0;0;0;0;0;0;0;0;1673;18299;0;0;0;0;0;0;0;0;0;0
2012;7,00;0;0;0;0;0;0;0;0;0;0;88;12319;0;0;0;0;0;0;0;0;0;0
2012;283,00;113;104;0;0;0;0;357;30869;0;0;2508;60477;0;0;0;0;0;0;0;0;0;0
2012;37,00;0;0;0;0;0;0;0;0;0;0;0;0;0;0;0;0;0;0;0;0;0;0
2012;153,00;0;0;0;0;0;0;0;0;0;0;2006;44209;0;0;0;0;0;0;0;0;0;0
2012;547,00;0;0;0;0;0;0;0;0;0;0;2114;85834;0;0;87;5385;0;0;0;0;0;0
2012;397,00;0;0;0;0;0;0;0;0;0;0;237;4078;84;1942;309;9186;0;0;0;0;0;0
2012;556,00;0;0;0;0;0;0;0;0;0;0;830;77870;0;0;54;1610;59;4409;0;0;0;0
2012;42,00;0;0;0;0;0;0;0;0;0;0;0;0;0;0;0;0;0;0;0;0;0;0
2012;31,00;0;0;0;0;0;0;0;0;0;0;1555;48343;0;0;0;0;0;0;0;0;0;0
2012;740,00;2004;2378;252;405;0;0;0;0;0;0;10606;93910;886;5103;1206;7757;1443;13532;0;0;355;9959
2012;217,00;0;0;0;0;0;0;0;0;0;0;2819;29859;0;0;0;0;6;18;0;0;0;0
2012;863,00;0;0;0;0;0;0;0;0;0;0;1311;11764;0;0;0;0;0;0;0;0;0;0
2012;889,00;3511;3059;304;350;1423;31039;0;0;242;730;10597;51407;247;1528;328;4284;370;17671;0;0;70;15750
2012;984,00;0;0;0;0;0;0;0;0;0;0;2201;51274;0;0;0;0;7;609;0;0;0;0
2012;34,00;0;0;0;0;0;0;0;0;0;0;0;0;0;0;0;0;0;0;0;0;0;0
2012;791,00;0;0;0;0;0;0;0;0;0;0;3688;66955;0;0;0;0;0;0;0;0;0;0
2012;181,00;0;0;0;0;0;0;0;0;0;0;46;3558;407;14544;0;0;0;0;0;0;0;0
2012;430,00;0;0;0;0;0;0;0;0;0;0;5871;18958;0;0;0;0;0;0;0;0;0;0
2012;715,00;42;742;250;397;367;8306;0;0;0;0;4210;74780;197;5626;203;6804;114;11394;0;0;15;3144
2012;521,00;0;0;0;0;0;0;0;0;0;0;2487;81022;5;225;4;58;0;0;0;0;0;0
2012;524,00;219;55;53;60;0;0;0;0;0;0;5519;154544;0;0;0;0;6;954;0;0;0;0
2012;432,00;0;0;0;0;0;0;0;0;0;0;4292;54088;0;0;0;0;0;0;0;0;0;0
2012;19,00;0;0;0;0;0;0;0;0;0;0;0;0;0;0;0;0;0;0;0;0;0;0
2012;25,00;0;0;0;0;0;0;0;0;0;0;0;0;0;0;0;0;0;0;0;0;0;0
2012;26,00;0;0;0;0;0;0;0;0;0;0;17;123;0;0;29;8530;0;0;0;0;0;0
2012;890,00;216;275;0;0;0;0;0;0;0;0;749;15958;225;2212;386;6810;64;8820;0;0;24;1228
2012;904,00;0;0;0;0;0;0;0;0;0;0;1954;28697;0;0;0;0;0;0;0;0;0;0
2012;957,00;3036;4724;0;0;1810;42401;0;0;90;951;9740;175320;220;2420;538;9684;403;15840;1;150;43;1563
2012;939,00;3826;1457;0;0;952;19451;0;0;91;584;103727;229526;1605;9380;5119;5119;1990;19078;15;295;245;6232
2012;236,00;0;0;0;0;0;0;0;0;0;0;2687;51053;0;0;0;0;15;810;0;0;0;0
2012;735,00;1588;3942;87;108;3636;20568;0;0;0;0;84739;262184;4601;4645;9707;12879;904;8702;0;0;0;0
2012;146,00;0;0;0;0;0;0;0;0;0;0;648;5273;0;0;0;0;0;0;0;0;0;0
2012;363,00;83;29;0;0;0;0;0;0;0;0;1512;38639;0;0;0;0;0;0;0;0;0;0
2012;187,00;0;0;0;0;0;0;0;0;0;0;9713;82089;39;214;266;2133;106;10845;0;0;0;0
2012;265,00;0;16;0;0;0;0;0;0;0;0;0;0;0;0;0;0;0;0;0;0;0;0
2012;295,00;0;0;0;0;0;0;0;0;0;0;996;16780;0;0;0;0;0;0;0;0;0;0
2012;496,00;690;151;0;0;0;0;0;0;0;0;2698;41078;0;0;0;0;549;12177;0;0;0;0
2012;77,00;0;0;0;0;0;0;0;0;0;0;408;4381;0;0;0;0;0;0;0;0;0;0
2012;391,00;0;0;92;100;0;0;0;0;0;0;81;1981;0;0;0;0;0;0;0;0;0;0
2012;240,00;0;12;0;0;0;0;0;0;0;0;2811;45198;0;0;0;0;242;17875;0;0;0;0
2012;448,00;0;0;0;0;0;0;0;0;0;0;588;11180;45;966;0;0;11;1248;0;0;0;0
2012;151,00;0;0;0;0;0;0;0;0;0;0;72;2328;0;0;0;0;0;0;0;0;0;0
2012;425,00;0;0;0;0;0;0;0;0;0;0;1898;12941;0;0;0;0;114;545;0;0;0;0
2012;300,00;0;0;0;0;0;0;0;0;0;0;879;15119;71;156;0;0;0;0;0;0;0;0
2012;339,00;1561;859;0;0;0;0;0;0;0;0;795;6216;0;0;0;0;19;104;0;0;0;0
2012;826,00;0;0;0;0;0;0;0;0;0;0;1092;17197;0;0;261;3127;0;0;0;0;0;0
2012;874,00;0;0;0;0;0;0;0;0;0;0;1172;18183;0;0;0;0;717;9238;0;0;0;0
2012;905,00;1852;1421;144;238;527;15045;205;1986;0;0;2829;85245;335;2808;0;0;388;7520;0;0;40;5948
2012;736,00;1649;3844;157;174;1255;30223;0;0;85;257;6310;113575;987;10861;434;7814;91;7959;0;0;7;1627
2012;459,00;0;0;0;0;0;0;0;0;0;0;1634;51345;0;0;0;0;0;0;0;0;0;0
2012;320,00;0;0;0;0;0;0;0;0;0;0;1343;16571;0;0;0;0;0;0;0;0;0;0
2012;45,00;0;0;0;0;0;0;0;0;0;0;0;0;0;0;0;0;0;0;0;0;0;0
2012;292,00;0;0;0;0;0;0;0;0;0;0;0;0;0;0;139;2039;0;0;0;0;0;0
2012;618,00;0;0;0;0;0;0;0;0;0;0;642;105427;0;0;159;9063;0;0;0;0;0;0
2012;463,00;0;2328;0;0;0;0;0;0;0;0;1015;28916;0;0;0;0;0;0;0;0;0;0
2012;891,00;0;0;0;0;0;0;0;0;0;0;0;0;0;0;0;0;0;0;0;0;0;0
2012;958,00;0;956;0;0;0;0;0;0;0;0;10425;96094;0;0;524;5358;814;10862;0;0;120;3373
2012;244,00;0;0;0;0;0;0;0;0;0;0;0;0;0;0;0;0;0;0;0;0;0;0
2012;28,00;0;0;0;0;0;0;0;0;0;0;13;748;0;0;41;244;0;0;0;0;0;0
2012;444,00;0;0;0;0;0;0;0;0;0;0;8301;40887;0;0;0;0;0;0;0;0;0;0
2012;479,00;0;0;0;0;0;0;0;0;0;0;89;2455;65;2039;0;0;0;0;0;0;0;0
2012;285,00;295;0;0;0;0;0;0;0;0;0;0;0;0;0;0;0;123;8738;0;0;0;0
2012;253,00;283;119;0;0;0;0;0;0;0;0;0;0;0;0;0;0;0;0;0;0;0;0
2012;481,00;0;0;2;4;0;0;0;0;0;0;2361;27422;0;0;0;0;4;4;0;0;0;0
2012;540,00;253;0;0;0;694;18044;0;0;0;0;1452;29040;893;2682;0;0;0;0;0;0;0;0
2012;332,00;0;0;0;0;0;0;0;0;0;0;0;0;0;0;0;0;0;0;0;0;0;0
2012;41,00;0;0;0;0;0;0;0;0;0;0;0;0;0;0;0;0;0;0;0;0;0;0
2012;510,00;0;0;0;0;0;0;0;0;0;0;602;16860;51;557;0;0;0;0;0;0;0;0
2012;305,00;0;0;0;0;0;0;0;0;0;0;0;0;0;0;0;0;0;0;0;0;0;0
2012;708,00;0;0;0;0;0;0;0;0;0;0;1341;332568;0;0;0;0;0;0;0;0;0;0
2012;755,00;2737;1047;631;1009;1856;34914;0;0;127;356;10347;188262;333;3851;479;16598;33;12536;2;312;48;17568
2012;750,00;3015;3231;0;0;1225;25340;0;0;0;0;5983;85520;68;1205;209;3827;1687;19525;0;0;0;0
2012;696,00;1769;266;749;1123;0;0;0;0;0;0;2035;50783;0;0;57;2061;0;0;0;0;0;0
2012;434,00;0;0;0;0;0;0;0;0;0;0;0;0;0;0;0;0;0;0;0;0;0;0
2012;421,00;0;0;0;0;0;0;0;0;0;0;1093;28170;0;0;153;4379;0;0;0;0;0;0
2012;827,00;0;0;0;0;0;0;0;0;0;0;0;0;0;0;126;135;0;0;0;0;0;0
2012;933,00;0;319;0;0;0;0;0;0;0;0;2628;57665;0;0;0;0;0;0;0;0;0;0
2012;1030,00;5;0;21;25;0;0;0;0;0;0;28;140;29;174;30;150;0;0;0;0;0;0
2012;1003,00;0;125;0;0;0;0;0;0;0;0;1923;11351;0;0;0;0;0;0;0;0;0;0
2012;1050,00;0;0;0;0;0;0;0;0;0;0;692;3641;0;0;0;0;0;0;0;0;0;0
2012;1043,00;0;0;0;0;0;0;0;0;0;0;1258;22848;0;0;0;0;0;0;0;0;0;0
2012;934,00;0;0;0;0;0;0;0;0;0;0;18953;135325;0;0;641;5923;55;8606;0;0;2;761
2012;629,00;1412;1553;0;0;0;0;0;0;0;0;2265;34223;142;2458;313;4962;284;5642;0;0;0;0
2012;21,00;0;0;0;0;0;0;0;0;0;0;0;0;0;0;0;0;0;0;0;0;0;0
2012;615,00;0;0;0;0;0;0;0;0;0;0;0;0;0;0;0;0;0;0;0;0;0;0
2012;626,00;0;0;0;0;0;0;0;0;0;0;682;9751;0;0;0;0;0;0;0;0;0;0
2012;417,00;0;0;0;0;0;0;0;0;0;0;714;23429;0;0;0;0;0;0;0;0;0;0
2012;597,00;0;0;0;0;0;0;0;0;0;0;1692;46006;59;688;0;0;0;0;0;0;0;0
2012;539,00;0;0;0;0;1739;39324;0;0;0;0;3726;73567;192;3834;0;0;0;0;0;0;0;0
2012;343,00;0;0;0;0;0;0;0;0;0;0;1890;34982;0;0;0;0;0;0;0;0;0;0
2012;135,00;0;0;0;0;0;0;0;0;0;0;86;1540;0;0;0;0;0;0;0;0;0;0
2012;158,00;0;0;0;0;0;0;0;0;0;0;310;16825;0;0;1542;26519;0;0;0;0;0;0
2012;775,00;0;856;0;0;0;0;0;0;0;0;917;22280;90;1654;125;2149;0;0;0;0;0;0
2012;177,00;0;0;0;0;337;7952;0;0;0;0;485;20042;10;48;0;0;166;17189;0;0;0;0
2012;578,00;0;0;0;0;0;0;0;0;0;0;2208;9051;0;0;0;0;0;0;0;0;0;0
2012;416,00;0;0;0;0;0;0;0;0;0;0;1436;23245;371;753;371;17060;0;0;0;0;0;0
2012;561,00;0;0;0;0;0;0;0;0;0;0;2492;50511;105;1462;34;635;60;4936;0;0;0;0
2012;828,00;0;0;0;0;0;0;0;0;0;0;158;14307;0;0;91;6275;0;0;0;0;0;0
2012;860,00;0;0;0;0;0;0;0;0;0;0;2695;43117;181;6170;0;0;0;0;0;0;0;0
2012;935,00;0;0;0;0;0;0;0;0;0;0;0;0;0;0;0;0;0;0;0;0;0;0
2012;936,00;0;0;0;0;0;0;0;0;0;0;69;166;0;0;50;123;0;0;0;0;0;0
2012;986,00;0;0;0;0;0;0;0;0;0;0;0;0;0;0;0;0;0;0;0;0;0;0
2012;987,00;0;0;0;0;0;0;0;0;0;0;0;0;0;0;0;0;0;0;0;0;0;0
2012;1021,00;0;0;0;0;0;0;0;0;0;0;71;5576;0;0;45;3068;0;0;0;0;0;0
2012;1085,00;0;0;0;0;0;0;0;0;0;0;0;0;0;0;0;0;0;0;0;0;0;0
2012;658,00;0;293;0;0;0;0;0;0;0;0;2858;51444;0;0;0;0;552;6969;36;1059;16;429
2012;353,00;0;0;0;0;0;0;0;0;0;0;334;5710;0;0;436;2601;0;0;0;0;0;0
2012;323,00;0;0;0;0;0;0;0;0;0;0;0;0;0;0;27;3495;0;0;0;0;0;0
2012;620,00;0;0;0;0;0;0;0;0;0;0;2557;67993;0;0;0;0;0;0;0;0;0;0
2012;384,00;0;0;0;0;0;0;0;0;0;0;2396;44184;223;2208;2009;19525;0;0;0;0;0;0
2012;484,00;0;460;220;1256;0;0;0;0;0;0;920;13290;0;0;0;0;0;0;0;0;0;0
2012;554,00;0;276;0;0;0;0;0;0;0;0;3045;68746;0;0;114;3745;0;0;0;0;0;0
2012;209,00;0;0;0;0;0;0;0;0;0;0;0;0;0;0;0;0;0;0;0;0;0;0
2012;707,00;1940;2013;0;0;0;0;0;0;0;0;6467;135799;1447;8681;962;14321;934;12046;0;0;0;0
2012;395,00;0;0;0;0;0;0;0;0;0;0;2253;18567;0;0;0;0;0;0;0;0;0;0
2012;969,00;0;0;0;0;0;0;0;0;0;0;1180;53594;0;0;0;0;0;0;0;0;0;0
2012;1052,00;0;0;0;0;0;0;0;0;0;0;0;0;0;0;83;2281;0;0;0;0;0;0
2012;739,00;2096;5403;592;870;1391;14573;0;0;358;555;24338;420238;750;5295;4294;18351;1097;8348;0;0;54;266
2012;613,00;1141;2043;520;833;0;0;0;0;0;0;4249;93384;3515;3515;0;0;1303;9519;0;0;80;18000
2012;593,00;0;554;0;0;0;0;0;0;0;0;44469;407229;0;0;0;0;0;0;0;0;0;0
2012;704,00;11180;2198;0;0;1221;25305;0;0;0;0;2245;228473;366;3104;420;5979;889;7254;0;0;59;644
2012;493,00;0;0;0;0;0;0;0;0;0;0;1909;15687;0;0;0;0;0;0;0;0;0;0
2012;686,00;1313;1684;0;0;906;20290;0;0;0;0;1830;70539;117;1858;155;2862;862;7713;28;34;234;1033
2012;257,00;103;114;0;0;0;0;0;0;0;0;0;0;0;0;0;0;55;8162;0;0;0;0
2012;494,00;0;0;0;0;0;0;0;0;0;0;0;0;0;0;0;0;72;10709;0;0;0;0
2012;681,00;0;2453;0;0;970;26515;0;0;583;601;262;1545;0;0;0;0;11;39;0;0;0;0
2012;286,00;8;0;276;1174;900;4800;0;0;318;1130;0;0;0;0;0;0;79;11047;0;0;0;0
2012;255,00;157;50;0;0;0;0;0;0;0;0;5155;36660;120;761;0;0;0;0;0;0;0;0
2012;79,00;0;0;0;0;0;0;0;0;0;0;0;0;0;0;0;0;0;0;0;0;0;0
2012;81,00;0;0;0;0;0;0;0;0;0;0;0;0;0;0;0;0;0;0;0;0;0;0
2012;688,00;0;475;0;0;0;0;0;0;0;0;6713;245311;0;0;0;0;41;5413;0;0;15;3472
2012;531,00;0;1139;0;0;0;0;0;0;0;0;7715;104720;0;0;0;0;58;9092;0;0;23;4197
2012;514,00;0;0;0;0;0;0;0;0;0;0;1406;86461;0;0;0;0;0;0;0;0;0;0
2012;499,00;0;161;0;0;0;0;0;0;0;0;341;8690;33;1104;27;777;0;0;0;0;0;0
2012;532,00;0;604;0;0;0;0;0;0;0;0;4794;107503;0;0;0;0;0;0;0;0;0;0
2012;190,00;0;0;0;0;0;0;0;0;0;0;1725;14729;258;1887;534;4672;0;0;0;0;0;0
2012;598,00;0;266;0;0;0;0;0;0;0;0;3271;130877;0;0;0;0;0;0;0;0;0;0
2012;260,00;279;567;0;0;0;0;0;0;0;0;0;0;0;0;0;0;6;27;0;0;0;0
2012;838,00;0;0;0;0;0;0;0;0;0;0;410;2736;0;0;0;0;0;0;0;0;0;0
2012;839,00;0;0;0;0;0;0;0;0;0;0;203;7921;203;4879;203;6822;0;0;0;0;0;0
2012;851,00;0;0;0;0;0;0;0;0;0;0;0;0;0;0;0;0;0;0;0;0;0;0
2012;852,00;1119;2037;497;599;1169;21124;0;0;0;0;15152;516093;573;2112;0;0;133;20542;0;0;20;29200
2012;988,00;0;0;0;0;0;0;0;0;0;0;610;33852;194;2981;550;14662;0;0;0;0;0;0
2012;1056,00;581;830;0;0;0;0;0;0;0;0;714;14890;672;984;0;0;109;10691;0;0;0;0
2012;1044,00;0;0;0;0;0;0;0;0;0;0;161;1594;1;1;1;1;0;0;0;0;0;0
2012;644,00;0;2315;0;0;0;0;0;0;0;0;8959;268765;0;0;37;728;59;7605;0;0;0;0
2012;752,00;4321;2398;0;0;1121;23971;0;0;176;330;11746;482867;0;0;753;14827;46;7457;0;0;11;3739
2012;238,00;0;0;0;0;0;0;0;0;0;0;580;741;0;0;0;0;0;0;0;0;0;0
2012;325,00;0;0;0;0;0;0;0;0;0;0;65;3297;69;4119;48;3012;0;0;0;0;0;0
2012;622,00;0;292;0;0;0;0;0;0;0;0;6991;50055;0;0;0;0;0;0;0;0;0;0
2012;879,00;0;0;0;0;0;0;0;0;0;0;0;0;0;0;0;0;0;0;0;0;0;0
2012;906,00;147;0;0;0;794;19131;0;0;0;0;0;0;0;0;0;0;0;0;0;0;0;0
2012;370,00;0;0;0;0;0;0;0;0;0;0;2755;17211;0;0;0;0;0;0;0;0;0;0
2012;418,00;0;0;0;0;0;0;0;0;0;0;409;23611;0;0;0;0;0;0;0;0;0;0
2012;574,00;0;0;0;0;0;0;0;0;0;0;1209;34245;0;0;0;0;0;0;0;0;0;0
2012;399,00;0;0;0;0;0;0;0;0;0;0;0;0;0;0;0;0;0;0;0;0;0;0
2012;195,00;0;0;0;0;0;0;0;0;0;0;0;0;0;0;0;0;0;0;0;0;0;0
2012;783,00;2327;2664;0;0;1572;25891;0;0;0;0;393;3460;290;3407;3747;87239;158;9488;0;0;87;1060
2012;263,00;0;0;0;0;0;0;0;0;0;0;1215;20902;0;0;0;0;0;0;0;0;0;0
2012;194,00;0;0;0;0;0;0;0;0;0;0;0;0;0;0;0;0;0;0;0;0;0;0
2012;214,00;0;0;0;0;0;0;0;0;0;0;0;0;0;0;0;0;0;0;0;0;0;0
2012;785,00;1480;2055;0;0;1424;33283;0;0;0;0;4180;261710;465;4996;336;13734;289;14539;0;0;62;15709
2012;780,00;0;0;0;0;0;0;0;0;0;0;1616;41444;0;0;0;0;0;0;0;0;0;0
2012;782,00;697;659;551;624;0;0;0;0;0;0;1541;91777;0;0;32;397;181;13593;3;109;49;797
2012;369,00;0;0;0;0;0;0;0;0;0;0;11700;232358;3723;3723;7307;7307;0;0;0;0;0;0
2012;84,00;0;0;0;0;0;0;0;0;0;0;0;0;0;0;0;0;0;0;0;0;0;0
2012;713,00;0;0;0;0;0;0;0;0;0;0;5912;133945;13;1307;19;406;0;0;0;0;0;0
2012;941,00;0;0;0;0;0;0;0;0;0;0;0;0;0;0;0;0;0;0;0;0;0;0
2012;1091,00;0;0;0;0;0;0;0;0;0;0;0;0;0;0;0;0;0;0;0;0;0;0
2012;1045,00;26;36;0;0;61;1137;0;0;0;0;585;11853;2;10;0;0;0;0;0;0;0;0
2012;1086,00;0;0;0;0;321;4680;0;0;0;0;0;0;0;0;0;0;0;0;0;0;0;0
2012;937,00;0;1330;0;0;420;9904;0;0;0;0;1691;75830;1467;3155;102;1829;113;17028;0;0;21;7388
2012;1004,00;0;0;0;0;0;0;0;0;0;0;638;5108;20;253;0;0;0;0;0;0;0;0
2012;737,00;1521;1176;754;856;847;26874;0;0;99;318;8815;158665;247;3751;175;6950;78;12167;1;157;20;4500
2012;765,00;2870;1409;0;0;1284;24162;0;0;301;4272;12360;144181;2178;10777;2649;65502;86;13325;0;0;32;10047
2012;329,00;0;462;0;0;0;0;0;0;0;0;20927;20927;0;0;0;0;0;0;0;0;0;0
2012;87,00;0;0;0;0;0;0;0;0;0;0;82;2410;0;0;98;5640;0;0;0;0;0;0
2012;527,00;0;280;0;0;0;0;0;0;0;0;23840;25151;0;0;2823;3090;0;0;0;0;0;0
2012;562,00;26;5;101;101;0;0;0;0;0;0;2376;62322;0;0;320;320;0;0;0;0;0;0
2012;251,00;139;181;0;0;0;0;0;0;0;0;0;0;0;0;0;0;0;0;0;0;0;0
2012;129,00;0;0;0;0;0;0;0;0;0;0;0;0;0;0;0;0;0;0;0;0;0;0
2012;154,00;0;0;0;0;0;0;0;0;0;0;1246;26390;0;0;447;7762;209;25192;0;0;0;0
2012;516,00;128;0;0;0;533;13173;0;0;0;0;2885;51591;0;0;0;0;0;0;0;0;0;0
2012;184,00;0;0;0;0;0;0;0;0;0;0;0;0;0;0;0;0;0;0;0;0;0;0
2012;652,00;0;0;0;0;0;0;0;0;0;0;1203;44661;0;0;0;0;17;1812;0;0;0;0
2012;637,00;0;86;0;0;0;0;0;0;0;0;883;52318;0;0;0;0;244;3086;0;0;0;0
2012;88,00;0;0;0;0;0;0;0;0;0;0;0;0;0;0;0;0;0;0;0;0;0;0
2012;907,00;0;0;0;0;0;0;0;0;0;0;0;0;0;0;0;0;0;0;0;0;0;0
2012;970,00;0;0;0;0;0;0;0;0;0;0;0;0;0;0;0;0;0;0;0;0;0;0
2012;1019,00;0;0;0;0;0;0;0;0;0;0;1085;7670;0;0;0;0;0;0;0;0;0;0
2012;1016,00;88;24;0;0;0;0;0;0;0;0;121;1526;0;0;0;0;0;0;0;0;0;0
2012;1047,00;0;0;0;0;0;0;0;0;0;0;298;5364;0;0;0;0;0;0;0;0;0;0
2012;635,00;0;0;0;0;0;0;0;0;0;0;2740;52659;0;0;0;0;67;9786;0;0;2;368
