"año";"NCODI";"Urg_altas";"Urg_ingresos";"Urg_traslados";"Urg_exitus";"Urg_total"
2012;113,00;0;0;0;0;0
2012;619,00;11777;382;0;0;12159
2012;163,00;2397;37;0;0;2434
2012;131,00;0;0;0;0;0
2012;375,00;360;149;148;0;657
2012;1090,00;137743;20835;337;34;158949
2012;764,00;117915;16947;344;145;135351
2012;14,00;15506;346;454;0;16306
2012;657,00;27804;3085;278;34;31201
2012;362,00;8506;438;77;1;9022
2012;989,00;19456;2297;453;22;22228
2012;990,00;24944;3187;553;30;28714
2012;680,00;119708;19048;2546;90;141392
2012;411,00;32516;319;14;0;32849
2012;241,00;28006;2732;34;2;30774
2012;558,00;36571;7467;373;59;44470
2012;167,00;1825;109;5;0;1939
2012;248,00;7481;2714;130;3;10328
2012;224,00;17345;664;4;0;18013
2012;591,00;68020;12121;599;71;80811
2012;586,00;64036;13550;289;146;78021
2012;453,00;1045;133;0;0;1178
2012;145,00;0;0;0;0;0
2012;511,00;50736;10095;521;81;61433
2012;530,00;57512;11291;431;66;69300
2012;6,00;10781;997;0;0;11778
2012;161,00;0;0;0;0;0
2012;623,00;69415;12661;781;74;82931
2012;489,00;4653;560;36;1;5250
2012;875,00;27310;2275;50;3;29638
2012;940,00;0;0;0;0;0
2012;946,00;23451;4935;125;11;28522
2012;1023,00;55123;12422;269;60;67874
2012;1054,00;43751;8523;165;101;52540
2012;1057,00;0;0;0;0;0
2012;1031,00;0;0;0;0;0
2012;1032,00;65163;10277;231;54;75725
2012;1064,00;9669;1818;11703;0;23190
2012;226,00;31013;1799;45;2;32859
2012;687,00;47335;5855;1473;98;54761
2012;745,00;129246;15293;1172;118;145829
2012;109,00;42451;1734;9;0;44194
2012;808,00;99740;11240;764;120;111864
2012;971,00;51139;629;2169;8;53945
2012;128,00;9444;644;0;0;10088
2012;919,00;28620;9319;475;44;38458
2012;725,00;116241;21619;1257;104;139221
2012;3,00;0;0;0;0;0
2012;386,00;0;28;0;0;28
2012;306,00;0;0;0;0;0
2012;15,00;7995;34;46;0;8075
2012;264,00;27949;1866;137;0;29952
2012;867,00;6638;0;0;0;6638
2012;910,00;33148;7066;596;61;40871
2012;1053,00;52545;9585;1364;72;63566
2012;1055,00;57125;11570;2054;93;70842
2012;529,00;0;0;0;0;0
2012;345,00;0;0;0;0;0
2012;515,00;8970;435;0;0;9405
2012;174,00;0;0;0;0;0
2012;523,00;0;0;0;0;0
2012;697,00;67835;7896;460;3;76194
2012;239,00;35783;4929;198;7;40917
2012;287,00;49004;4028;49;3;53084
2012;377,00;0;0;0;0;0
2012;692,00;43190;6773;88;39;50090
2012;335,00;0;0;0;0;0
2012;435,00;13753;1404;128;36;15321
2012;423,00;8810;1464;0;0;10274
2012;351,00;14832;3402;136;15;18385
2012;830,00;53850;9071;468;50;63439
2012;892,00;81322;12262;586;103;94273
2012;921,00;68201;13301;73;5;81580
2012;991,00;14382;169;109;5;14665
2012;992,00;45032;5447;574;51;51104
2012;993,00;17754;4460;67;20;22301
2012;1071,00;106537;16603;454;146;123740
2012;473,00;21652;4247;45;0;25944
2012;663,00;101003;12334;4317;141;117795
2012;552,00;10520;12;882;1;11415
2012;772,00;67039;14327;1521;474;83361
2012;568,00;5221;281;0;0;5502
2012;398,00;5814;944;16;0;6774
2012;394,00;5702;334;7;0;6043
2012;614,00;0;0;0;0;0
2012;235,00;4734;147;13;0;4894
2012;616,00;41481;1838;2435;2;45756
2012;267,00;18193;2594;72;4;20863
2012;565,00;0;0;0;0;0
2012;220,00;11965;1515;35;3;13518
2012;278,00;14919;1190;81;3;16193
2012;107,00;0;0;0;0;0
2012;141,00;0;0;0;0;0
2012;711,00;101263;18036;12226;242;131767
2012;204,00;366;1;0;0;367
2012;579,00;102058;1050;20;0;103128
2012;348,00;0;0;0;0;0
2012;766,00;14612;1055;260;1;15928
2012;761,00;0;0;0;0;0
2012;728,00;38122;5848;188;21;44179
2012;280,00;34278;2220;137;3;36638
2012;222,00;706;103;0;2;811
2012;276,00;65813;3328;183;1;69325
2012;11,00;16050;3775;25;3;19853
2012;302,00;22431;323;67;0;22821
2012;682,00;12532;1697;181;12;14422
2012;279,00;62940;4221;69;1;67231
2012;282,00;85117;5916;136;0;91169
2012;281,00;39119;7050;64;28;46261
2012;183,00;725;0;0;0;725
2012;610,00;12158;33;0;0;12191
2012;116,00;0;0;0;0;0
2012;115,00;0;0;0;0;0
2012;114,00;0;0;0;0;0
2012;126,00;0;0;0;0;0
2012;119,00;55;13;0;0;68
2012;770,00;86086;11887;1671;104;99748
2012;583,00;50156;3482;781;25;54444
2012;136,00;0;0;0;0;0
2012;469,00;23878;2199;159;11;26247
2012;642,00;46303;6902;1106;59;54370
2012;674,00;95424;9998;188;2;105612
2012;193,00;0;0;0;0;0
2012;526,00;97069;10392;907;73;108441
2012;698,00;74620;9593;6351;302;90866
2012;630,00;51634;5207;635;30;57506
2012;124,00;0;0;0;0;0
2012;364,00;0;0;0;0;0
2012;604,00;115319;15042;2016;29;132406
2012;123,00;0;0;0;0;0
2012;310,00;1915;986;0;0;2901
2012;571,00;45597;4450;1087;44;51178
2012;296,00;4518;0;0;0;4518
2012;566,00;67156;4565;260;28;72009
2012;784,00;108823;18694;4487;431;132435
2012;102,00;0;0;0;0;0
2012;379,00;4896;1008;522;0;6426
2012;639,00;79487;8962;1424;29;89902
2012;457,00;26621;1438;325;20;28404
2012;609,00;97067;9114;129;2;106312
2012;101,00;0;0;0;0;0
2012;454,00;42951;6704;859;23;50537
2012;318,00;2446;762;200;0;3408
2012;600,00;56400;6216;873;12;63501
2012;545,00;94725;8314;848;123;104010
2012;100,00;0;0;0;0;0
2012;702,00;106355;10499;377;144;117375
2012;778,00;45534;7855;345;27;53761
2012;341,00;4560;209;68;0;4837
2012;99,00;0;0;0;0;0
2012;767,00;37005;3971;1485;83;42544
2012;359,00;43212;71;1341;8;44632
2012;98,00;0;0;0;0;0
2012;132,00;0;0;0;0;0
2012;97,00;0;0;0;0;0
2012;103,00;0;0;0;0;0
2012;110,00;0;0;0;0;0
2012;94,00;0;0;0;0;0
2012;91,00;0;0;0;0;0
2012;664,00;94218;12256;939;85;107498
2012;918,00;165137;24277;4003;356;193773
2012;92,00;0;0;0;0;0
2012;95,00;0;0;0;0;0
2012;96,00;0;0;0;0;0
2012;301,00;17890;10;15;0;17915
2012;492,00;52477;4223;1079;20;57799
2012;811,00;0;0;0;0;0
2012;812,00;0;0;0;0;0
2012;832,00;0;0;0;0;0
2012;841,00;0;0;0;0;0
2012;856,00;0;0;0;0;0
2012;859,00;0;0;0;0;0
2012;861,00;0;0;0;0;0
2012;880,00;0;0;0;0;0
2012;883,00;0;0;0;0;0
2012;884,00;0;0;0;0;0
2012;877,00;0;0;0;0;0
2012;911,00;0;0;0;0;0
2012;913,00;1938;175;121;0;2234
2012;922,00;13743;969;6;1;14719
2012;923,00;0;0;0;0;0
2012;924,00;0;0;0;0;0
2012;947,00;0;0;0;0;0
2012;951,00;0;0;0;0;0
2012;972,00;0;0;0;0;0
2012;973,00;5528;60;3;0;5591
2012;974,00;0;0;0;0;0
2012;975,00;0;0;0;0;0
2012;960,00;0;0;0;0;0
2012;1027,00;0;0;0;0;0
2012;1028,00;0;0;0;0;0
2012;976,00;0;0;0;0;0
2012;977,00;0;0;0;0;0
2012;1020,00;0;0;0;0;0
2012;994,00;53436;6037;643;18;60134
2012;995,00;0;0;0;0;0
2012;1060,00;305;261;67;0;633
2012;1005,00;0;0;0;0;0
2012;1061,00;0;0;0;0;0
2012;1006,00;0;0;0;0;0
2012;1088,00;0;0;0;0;0
2012;1089,00;18093;529;143;0;18765
2012;1076,00;0;0;0;0;0
2012;1078,00;0;0;0;0;0
2012;1033,00;51761;6811;947;119;59638
2012;1036,00;0;0;0;0;0
2012;1037,00;0;0;0;0;0
2012;1039,00;0;0;0;0;0
2012;1067,00;0;0;0;0;0
2012;1065,00;0;0;0;0;0
2012;1066,00;25207;1380;39;4;26630
2012;207,00;13683;289;203;0;14175
2012;431,00;0;0;0;0;0
2012;387,00;20852;3681;549;8;25090
2012;179,00;0;0;0;0;0
2012;606,00;20353;4000;393;11;24757
2012;925,00;96015;19090;29;68;115202
2012;541,00;11709;2481;439;27;14656
2012;797,00;15443;2461;272;30;18206
2012;627,00;30093;6762;411;43;37309
2012;173,00;0;0;0;0;0
2012;636,00;62951;11150;807;129;75037
2012;205,00;2236;52;100;0;2388
2012;814,00;0;0;0;0;0
2012;881,00;12270;568;345;0;13183
2012;771,00;114015;10107;1056;109;125287
2012;533,00;2498;139;16;2;2655
2012;447,00;5182;3345;166;1;8694
2012;815,00;0;0;0;0;0
2012;801,00;130147;11050;813;125;142135
2012;800,00;4276;1928;47;4;6255
2012;389,00;56252;5970;512;5;62739
2012;759,00;2706;497;57;0;3260
2012;695,00;72525;8730;989;85;82329
2012;816,00;39680;4024;259;20;43983
2012;833,00;60705;4447;438;18;65608
2012;870,00;26474;1056;42;2;27574
2012;927,00;23377;550;33;0;23960
2012;961,00;158084;10057;1352;190;169683
2012;962,00;11320;763;7;0;12090
2012;1079,00;4900;79;10;0;4989
2012;666,00;77744;14156;783;62;92745
2012;392,00;0;0;0;0;0
2012;790,00;8990;1520;158;0;10668
2012;650,00;28609;4043;463;47;33162
2012;876,00;56244;9619;887;66;66816
2012;944,00;0;30;0;0;30
2012;952,00;38321;1784;22;0;40127
2012;54,00;0;0;0;0;0
2012;367,00;8979;77;316;1;9373
2012;538,00;42818;8062;395;106;51381
2012;557,00;22324;3042;188;16;25570
2012;653,00;35756;5380;380;66;41582
2012;647,00;29545;3127;478;63;33213
2012;978,00;70068;13720;4;61;83853
2012;996,00;28302;2283;240;110;30935
2012;729,00;170451;18199;2879;321;191850
2012;182,00;28230;2318;41;3;30592
2012;633,00;22489;298;0;0;22787
2012;685,00;47240;6795;457;37;54529
2012;683,00;24161;4213;279;41;28694
2012;945,00;38775;2707;762;39;42283
2012;953,00;11386;6;0;0;11392
2012;1022,00;37853;507;1867;24;40251
2012;1049,00;19400;427;1517;21;21365
2012;794,00;126427;26384;1404;451;154666
2012;415,00;45;81;2;0;128
2012;592,00;31444;1764;29;1;33238
2012;497,00;9093;786;8;0;9887
2012;726,00;54990;10370;1567;117;67044
2012;272,00;14958;997;276;2;16233
2012;805,00;116324;21096;179;158;137757
2012;5,00;0;0;0;0;0
2012;234,00;21035;870;187;0;22092
2012;64,00;0;0;0;0;0
2012;842,00;23693;2932;1152;28;27805
2012;843,00;12924;1815;624;23;15386
2012;1025,00;70636;2764;218;5;73623
2012;803,00;41459;10043;395;39;51936
2012;211,00;5128;350;26;0;5504
2012;773,00;51323;10498;2426;95;64342
2012;424,00;14472;701;24;0;15197
2012;298,00;18323;2249;119;2;20693
2012;594,00;6385;382;0;0;6767
2012;237,00;14673;82;259;0;15014
2012;16,00;0;0;0;0;0
2012;768,00;10635;1206;359;4;12204
2012;617,00;58471;5894;619;87;65071
2012;297,00;8328;1699;115;0;10142
2012;544,00;28809;1641;453;24;30927
2012;804,00;51671;4681;680;54;57086
2012;470,00;14698;1076;276;4;16054
2012;104,00;0;0;0;0;0
2012;20,00;0;0;0;0;0
2012;550,00;37674;2788;1197;29;41688
2012;112,00;0;0;0;0;0
2012;818,00;0;0;0;0;0
2012;914,00;0;0;0;0;0
2012;928,00;0;0;0;0;0
2012;964,00;39546;6086;522;38;46192
2012;1026,00;0;0;0;0;0
2012;1068,00;0;0;0;0;0
2012;738,00;123360;12120;678;118;136276
2012;404,00;0;0;0;0;0
2012;274,00;39837;1142;28;3;41010
2012;270,00;42857;1630;26;5;44518
2012;676,00;23881;2954;254;81;27170
2012;709,00;63213;5633;656;71;69573
2012;754,00;206754;18385;3949;258;229346
2012;997,00;48776;2390;2315;14;53495
2012;734,00;71861;10904;97;78;82940
2012;299,00;11289;344;28;1;11662
2012;645,00;0;0;0;0;0
2012;17,00;0;0;0;0;0
2012;1046,00;0;0;0;0;0
2012;420,00;2750;97;0;0;2847
2012;802,00;0;0;0;0;0
2012;266,00;15071;1693;0;0;16764
2012;580,00;5442;879;15;0;6336
2012;137,00;7630;398;0;0;8028
2012;769,00;0;0;0;0;0
2012;776,00;36977;3190;624;15;40806
2012;640,00;33593;2672;679;16;36960
2012;315,00;0;0;0;0;0
2012;40,00;0;0;0;0;0
2012;508,00;12352;2594;236;3;15185
2012;46,00;0;0;0;0;0
2012;590,00;28398;4707;650;16;33771
2012;777,00;25620;3950;556;15;30141
2012;897,00;102067;28970;128;105;131270
2012;965,00;0;0;0;0;0
2012;671,00;43120;8826;1046;61;53053
2012;461,00;7742;1726;204;0;9672
2012;376,00;11393;337;109;1;11840
2012;621,00;20661;3013;232;47;23953
2012;793,00;99423;12467;1513;159;113562
2012;324,00;5683;98;0;0;5781
2012;712,00;25429;6779;136;25;32369
2012;32,00;0;0;0;0;0
2012;361,00;0;0;0;0;0
2012;486,00;7128;629;71;0;7828
2012;595,00;25304;4864;251;43;30462
2012;433,00;9733;1253;337;2;11325
2012;1058,00;640;399;116;0;1155
2012;261,00;16360;929;422;5;17716
2012;730,00;67159;5736;828;71;73794
2012;577,00;31058;5650;734;68;37510
2012;788,00;116098;16453;1728;97;134376
2012;865,00;36538;3385;643;51;40617
2012;979,00;14788;504;1224;4;16520
2012;998,00;17426;222;831;3;18482
2012;221,00;1200;400;10;0;1610
2012;462,00;635;279;19;0;933
2012;506,00;16794;928;10;0;17732
2012;727,00;40805;9288;357;79;50529
2012;355,00;1817;75;3;1;1896
2012;487,00;1683;213;56;0;1952
2012;938,00;93399;20219;5123;150;118891
2012;886,00;2391;2358;15;1;4765
2012;835,00;6475;420;15;10;6920
2012;999,00;0;0;0;0;0
2012;798,00;68227;14448;2010;201;84886
2012;504,00;2740;2003;84;1;4828
2012;247,00;10338;1075;15;0;11428
2012;216,00;12685;931;26;0;13642
2012;654,00;12184;1495;58;1;13738
2012;65,00;0;0;0;0;0
2012;472,00;14009;1134;76;1;15220
2012;427,00;0;0;0;0;0
2012;491,00;7273;1379;244;10;8906
2012;551,00;11637;591;106;5;12339
2012;106,00;0;0;0;0;0
2012;819,00;0;0;0;0;0
2012;836,00;0;0;0;0;0
2012;915,00;0;0;0;0;0
2012;942,00;0;0;0;0;0
2012;748,00;78971;16119;96;77;95263
2012;198,00;0;0;0;0;0
2012;871,00;13897;2818;514;14;17243
2012;948,00;18536;866;43;0;19445
2012;1051,00;0;0;0;0;0
2012;1083,00;0;0;0;0;0
2012;679,00;75328;14339;286;157;90110
2012;176,00;6490;520;89;0;7099
2012;537,00;11020;841;128;2;11991
2012;608,00;18341;3836;223;81;22481
2012;596,00;11367;3003;426;0;14796
2012;749,00;113399;17937;758;202;132296
2012;758,00;199541;23894;2259;376;226070
2012;724,00;92644;22725;1821;135;117325
2012;436,00;0;0;0;0;0
2012;567,00;46;34;5;0;85
2012;677,00;76448;9445;525;66;86484
2012;670,00;64056;3348;53;0;67457
2012;588,00;0;0;0;0;0
2012;446,00;0;0;0;0;0
2012;753,00;194596;29709;221;172;224698
2012;887,00;181;757;36;0;974
2012;585,00;9181;331;0;0;9512
2012;245,00;18758;4056;142;3;22959
2012;603,00;119587;4106;568;2;124263
2012;426,00;0;0;0;0;0
2012;232,00;10316;1515;4;0;11835
2012;288,00;14341;601;41;5;14988
2012;246,00;4132;0;0;0;4132
2012;284,00;8681;1979;0;0;10660
2012;18,00;0;0;0;0;0
2012;356,00;924;852;0;0;1776
2012;401,00;0;0;0;0;0
2012;733,00;97006;17415;242;87;114750
2012;243,00;21950;1025;21;0;22996
2012;380,00;0;0;0;0;0
2012;716,00;33321;1128;275;1;34725
2012;534,00;61344;2979;180;0;64503
2012;185,00;3711;313;9;0;4033
2012;258,00;4013;550;0;0;4563
2012;505,00;6317;462;223;0;7002
2012;268,00;0;0;0;0;0
2012;602,00;0;0;0;0;0
2012;254,00;25200;2740;50;3;27993
2012;705,00;51288;3169;581;7;55045
2012;133,00;7389;1972;5;0;9366
2012;33,00;0;0;0;0;0
2012;143,00;1590;21;0;0;1611
2012;36,00;0;0;0;0;0
2012;756,00;47951;6679;246;25;54901
2012;662,00;101130;12147;599;78;113954
2012;192,00;0;0;0;0;0
2012;382,00;0;0;0;0;0
2012;322,00;0;0;0;0;0
2012;478,00;9580;562;355;0;10497
2012;352,00;0;0;0;0;0
2012;628,00;92754;10409;206;102;103471
2012;291,00;0;0;0;0;0
2012;495,00;5991;637;0;0;6628
2012;845,00;89667;10188;110;32;99997
2012;498,00;37296;2667;1024;57;41044
2012;314,00;0;0;0;0;0
2012;720,00;23522;3486;22;1;27031
2012;721,00;89191;12327;394;64;101976
2012;485,00;0;0;0;0;0
2012;273,00;66612;5030;318;13;71973
2012;846,00;87213;11379;62;77;98731
2012;847,00;26147;811;0;0;26958
2012;848,00;53961;6051;43;2;60057
2012;864,00;0;0;0;0;0
2012;916,00;1777;867;10;0;2654
2012;930,00;79982;3306;75;8;83371
2012;954,00;110268;10453;474;42;121237
2012;943,00;62900;4061;65;5;67031
2012;949,00;177001;26255;2429;276;205961
2012;980,00;110100;4343;692;5;115140
2012;981,00;11782;480;0;0;12262
2012;1024,00;71501;5630;10;1;77142
2012;1017,00;0;0;0;0;0
2012;1000,00;71366;5839;310;2;77517
2012;1018,00;75022;5333;602;64;81021
2012;1001,00;33352;1640;24;0;35016
2012;1007,00;99666;8853;710;45;109274
2012;1008,00;68514;7418;12;5;75949
2012;1009,00;97921;9095;1355;35;108406
2012;1010,00;63405;5330;153;31;68919
2012;1011,00;44669;3145;257;38;48109
2012;1012,00;83941;6501;134;30;90606
2012;1013,00;130074;17836;681;139;148730
2012;1041,00;0;0;0;0;0
2012;1073,00;79404;6936;242;18;86600
2012;1087,00;45140;4522;250;40;49952
2012;789,00;0;0;0;0;0
2012;326,00;0;0;0;0;0
2012;442,00;39636;3302;0;2;42940
2012;294,00;38942;2244;32;18;41236
2012;378,00;18007;1052;53;0;19112
2012;402,00;10720;238;3;2;10963
2012;29,00;0;0;0;0;0
2012;450,00;381;5;0;0;386
2012;656,00;53049;5120;269;73;58511
2012;333,00;63425;3429;1714;1;68569
2012;668,00;35858;3526;298;65;39747
2012;684,00;70650;4840;583;165;76238
2012;422,00;0;78;0;0;78
2012;763,00;287656;23327;466;171;311620
2012;741,00;134402;14668;991;286;150347
2012;553,00;93930;12580;514;168;107192
2012;357,00;730;1496;0;0;2226
2012;899,00;0;0;0;0;0
2012;900,00;120;10;5;0;135
2012;932,00;0;0;0;0;0
2012;950,00;39;28;0;0;67
2012;966,00;16598;1074;17;2;17691
2012;967,00;0;0;0;0;0
2012;982,00;49961;4039;36;1;54037
2012;1014,00;52648;39;1633;1;54321
2012;1048,00;0;0;0;0;0
2012;1080,00;67838;3475;3;0;71316
2012;1074,00;5979;76;0;1;6056
2012;722,00;164544;24570;2458;115;191687
2012;660,00;81987;7860;936;73;90856
2012;75,00;202;375;18;0;595
2012;249,00;35380;2341;0;1;37722
2012;275,00;0;0;0;0;0
2012;227,00;52677;3298;101;5;56081
2012;150,00;1383;0;0;0;1383
2012;47,00;0;0;0;0;0
2012;172,00;3970;4;0;0;3974
2012;581,00;38134;3815;389;54;42392
2012;120,00;0;0;0;0;0
2012;445,00;0;0;0;0;0
2012;471,00;9514;894;116;0;10524
2012;53,00;0;0;0;0;0
2012;199,00;3495;22;3;0;3520
2012;575,00;52003;5384;645;38;58070
2012;528,00;20008;3247;278;15;23548
2012;631,00;64477;8810;1006;59;74352
2012;699,00;65581;10691;862;44;77178
2012;823,00;9459;77;40;0;9576
2012;849,00;28503;2186;239;18;30946
2012;869,00;46579;1764;1358;1;49702
2012;955,00;0;0;0;0;0
2012;983,00;0;0;0;0;0
2012;1002,00;0;0;0;0;0
2012;1015,00;126771;17948;613;91;145423
2012;51,00;0;0;0;0;0
2012;441,00;0;0;0;0;0
2012;327,00;0;0;0;0;0
2012;690,00;9803;1378;4;0;11185
2012;262,00;11448;1738;20;0;13206
2012;403,00;0;0;0;0;0
2012;312,00;0;0;0;0;0
2012;589,00;20846;3270;432;9;24557
2012;665,00;40345;5562;498;37;46442
2012;334,00;0;0;0;0;0
2012;1075,00;133670;27061;1182;67;161980
2012;751,00;79374;19377;342;156;99249
2012;186,00;32675;421;118;2;33216
2012;646,00;9528;2624;266;24;12442
2012;536,00;11361;1763;449;25;13598
2012;242,00;5377;390;44;5;5816
2012;490,00;0;0;0;0;0
2012;500,00;15465;1541;16;0;17022
2012;206,00;21352;0;0;0;21352
2012;58,00;0;0;0;0;0
2012;572,00;52933;12227;995;40;66195
2012;180,00;0;0;0;0;0
2012;549,00;11030;2119;167;8;13324
2012;582,00;16601;3027;307;31;19966
2012;743,00;79532;14447;1587;118;95684
2012;795,00;0;0;0;0;0
2012;269,00;3856;45;18;0;3919
2012;634,00;22592;5386;637;13;28628
2012;1,00;11561;601;127;0;12289
2012;717,00;25883;6094;534;39;32550
2012;373,00;1038;0;0;0;1038
2012;535,00;21040;4920;434;22;26416
2012;824,00;115717;21282;2959;146;140104
2012;888,00;16404;2374;530;23;19331
2012;902,00;0;0;0;0;0
2012;968,00;0;0;0;0;0
2012;346,00;0;5;0;0;5
2012;27,00;0;0;0;0;0
2012;165,00;6426;278;110;1;6815
2012;956,00;32350;11205;370;64;43989
2012;413,00;0;0;0;0;0
2012;149,00;0;0;0;0;0
2012;612,00;41010;403;473;0;41886
2012;559,00;1374;106;0;0;1480
2012;7,00;2630;1;1;0;2632
2012;283,00;37018;1313;189;6;38526
2012;37,00;0;0;0;0;0
2012;153,00;65432;646;142;0;66220
2012;547,00;48157;6494;162;32;54845
2012;397,00;0;0;0;0;0
2012;556,00;33249;3798;68;31;37146
2012;42,00;0;33;0;0;33
2012;31,00;0;0;0;0;0
2012;740,00;129551;18135;930;211;148827
2012;217,00;19501;3571;2971;1;26044
2012;863,00;8534;1737;80;5;10356
2012;889,00;74514;9948;898;332;85692
2012;984,00;24788;2834;539;9;28170
2012;34,00;0;0;0;0;0
2012;791,00;17327;2681;0;3;20011
2012;181,00;0;0;0;0;0
2012;430,00;788;17;0;0;805
2012;715,00;69658;10344;436;47;80485
2012;521,00;5121;276;19;0;5416
2012;524,00;24558;2306;114;1;26979
2012;432,00;3278;132;7;0;3417
2012;19,00;0;0;0;0;0
2012;25,00;0;0;0;0;0
2012;26,00;0;0;0;0;0
2012;890,00;70926;13244;598;72;84840
2012;904,00;30864;3507;836;32;35239
2012;957,00;160036;24116;1494;224;185870
2012;939,00;90402;2758;27;108;93295
2012;236,00;19451;1651;4780;0;25882
2012;735,00;138834;16260;3207;307;158608
2012;146,00;0;0;0;0;0
2012;363,00;0;0;0;0;0
2012;187,00;7289;231;29;0;7549
2012;265,00;9355;237;6;0;9598
2012;295,00;15739;721;6;0;16466
2012;496,00;39639;11123;3712;37;54511
2012;77,00;0;0;0;0;0
2012;391,00;1510;621;11;0;2142
2012;240,00;26720;4208;4434;57;35419
2012;448,00;8156;758;171;11;9096
2012;151,00;0;0;0;0;0
2012;425,00;5895;220;108;11;6234
2012;300,00;15329;660;12;0;16001
2012;339,00;24019;1982;85;1;26087
2012;826,00;0;0;0;0;0
2012;874,00;21515;4056;17;49;25637
2012;905,00;65609;11606;2108;223;79546
2012;736,00;157616;21356;376;338;179686
2012;459,00;8400;40;0;0;8440
2012;320,00;0;0;0;0;0
2012;45,00;0;0;0;0;0
2012;292,00;0;0;0;0;0
2012;618,00;33660;4201;857;57;38775
2012;463,00;77442;7739;822;135;86138
2012;891,00;27054;2097;259;3;29413
2012;958,00;40456;7865;79;44;48444
2012;244,00;7657;374;92;0;8123
2012;28,00;0;0;0;0;0
2012;444,00;4086;250;5;0;4341
2012;479,00;0;0;0;0;0
2012;285,00;37244;1719;22;22;39007
2012;253,00;61554;2159;7;21;63741
2012;481,00;31223;1620;10;16;32869
2012;540,00;40453;5560;189;0;46202
2012;332,00;0;0;0;0;0
2012;41,00;0;0;0;0;0
2012;510,00;30324;1054;35;1;31414
2012;305,00;36416;341;1632;17;38406
2012;708,00;57829;5670;429;106;64034
2012;755,00;263852;25101;2866;534;292353
2012;750,00;187754;20212;1090;239;209295
2012;696,00;110414;14275;882;175;125746
2012;434,00;48148;603;1416;17;50184
2012;421,00;14127;754;0;0;14881
2012;827,00;0;0;0;0;0
2012;933,00;89492;5821;1009;71;96393
2012;1030,00;76212;3129;34;2;79377
2012;1003,00;62973;48;2305;15;65341
2012;1050,00;15530;197;996;0;16723
2012;1043,00;33721;1267;18;0;35006
2012;934,00;21660;5856;98;37;27651
2012;629,00;69481;9327;975;86;79869
2012;21,00;0;0;0;0;0
2012;615,00;57717;5419;309;19;63464
2012;626,00;10820;610;18;0;11448
2012;417,00;4490;41;0;0;4531
2012;597,00;15393;2077;236;17;17723
2012;539,00;68199;9578;604;70;78451
2012;343,00;16873;732;190;1;17796
2012;135,00;0;0;0;0;0
2012;158,00;3401;730;0;0;4131
2012;775,00;33154;7210;474;58;40896
2012;177,00;0;0;0;0;0
2012;578,00;17587;544;119;0;18250
2012;416,00;20879;388;101;0;21368
2012;561,00;31250;2256;341;123;33970
2012;828,00;0;0;0;0;0
2012;860,00;34174;549;733;16;35472
2012;935,00;0;0;0;0;0
2012;936,00;0;0;0;0;0
2012;986,00;944;225;0;0;1169
2012;987,00;67375;3577;1307;128;72387
2012;1021,00;0;0;0;0;0
2012;1085,00;0;0;0;0;0
2012;658,00;25127;4630;230;17;30004
2012;353,00;0;0;0;0;0
2012;323,00;0;0;0;0;0
2012;620,00;17810;3497;248;22;21577
2012;384,00;0;0;0;0;0
2012;484,00;0;497;0;0;497
2012;554,00;57189;9109;282;130;66710
2012;209,00;11593;43;219;0;11855
2012;707,00;122059;20876;841;102;143878
2012;395,00;4637;41;0;0;4678
2012;969,00;23912;711;105;0;24728
2012;1052,00;0;0;0;0;0
2012;739,00;173978;23195;3811;87;201071
2012;613,00;114587;18213;436;80;133316
2012;593,00;59688;9358;660;76;69782
2012;704,00;133182;14355;1085;119;148741
2012;493,00;0;0;0;0;0
2012;686,00;116579;14887;908;92;132466
2012;257,00;57138;3977;8;1;61124
2012;494,00;62;0;3;0;65
2012;681,00;4995;1334;0;2;6331
2012;286,00;30965;2116;444;0;33525
2012;255,00;56486;2182;56;0;58724
2012;79,00;0;0;0;0;0
2012;81,00;0;0;0;0;0
2012;688,00;56029;9545;605;60;66239
2012;531,00;47152;7845;503;82;55582
2012;514,00;23448;2044;446;16;25954
2012;499,00;6412;1557;124;0;8093
2012;532,00;54934;7096;975;44;63049
2012;190,00;0;0;0;0;0
2012;598,00;21491;2507;482;31;24511
2012;260,00;98530;8113;89;6;106738
2012;838,00;16532;506;315;0;17353
2012;839,00;6185;77;16;0;6278
2012;851,00;0;0;0;0;0
2012;852,00;89434;13748;180;87;103449
2012;988,00;0;0;0;0;0
2012;1056,00;73425;9500;222;77;83224
2012;1044,00;0;0;0;0;0
2012;644,00;91802;14631;306;47;106786
2012;752,00;79564;14282;1233;58;95137
2012;238,00;14501;650;4;0;15155
2012;325,00;0;0;0;0;0
2012;622,00;23072;3038;454;11;26575
2012;879,00;7818;125;8;2;7953
2012;906,00;50356;494;14;2;50866
2012;370,00;1425;3991;73;33;5522
2012;418,00;6050;623;18;0;6691
2012;574,00;12075;131;0;0;12206
2012;399,00;0;0;0;0;0
2012;195,00;3153;0;0;0;3153
2012;783,00;100751;22991;956;246;124944
2012;263,00;14313;1504;151;5;15973
2012;194,00;3810;15;808;0;4633
2012;214,00;2525;111;0;0;2636
2012;785,00;170834;25065;3291;468;199658
2012;780,00;31197;3152;449;38;34836
2012;782,00;63684;12671;860;180;77395
2012;369,00;0;0;0;0;0
2012;84,00;0;0;0;0;0
2012;713,00;35064;124;1310;3;36501
2012;941,00;612;193;10;0;815
2012;1091,00;0;0;0;0;0
2012;1045,00;19736;829;13;0;20578
2012;1086,00;52290;4172;603;0;57065
2012;937,00;62519;14058;380;73;77030
2012;1004,00;5675;376;104;3;6158
2012;737,00;103139;15812;429;95;119475
2012;765,00;159584;26105;1572;238;187499
2012;329,00;61749;6447;1309;39;69544
2012;87,00;0;0;0;0;0
2012;527,00;11989;680;131;3;12803
2012;562,00;20901;999;49;1;21950
2012;251,00;23898;1545;0;0;25443
2012;129,00;0;0;0;0;0
2012;154,00;0;0;0;0;0
2012;516,00;45211;5009;10;1;50231
2012;184,00;11817;4;0;0;11821
2012;652,00;7617;1678;50;0;9345
2012;637,00;19384;2712;242;12;22350
2012;88,00;0;0;0;0;0
2012;907,00;0;0;0;0;0
2012;970,00;0;0;0;0;0
2012;1019,00;1142;490;251;3;1886
2012;1016,00;30174;854;14;0;31042
2012;1047,00;50636;5511;17;36;56200
2012;635,00;56104;5297;17;22;61440
