"año";"NCODI";"biopsias_hosp";"biopsias_CEP";"necropsias_hosp";"angio_hosp";"angio_CEP";"densiometrias_hosp";"densiometrias_CEP";"gamma_hosp";"gamma_CEP";"mamo_hosp";"mamo_CEP";"pet_hosp";"pet_CEP";"resonancia_hosp";"resonancia_CEP";"rx_hosp";"rx_CEP";"spect_hosp";"spect_CEP";"tac_hosp";"tac_CEP";"Colonosopia";"Broncoscopia";"ERCP"
2012;113,00;0;0;0;0;0;0;0;0;0;0;0;0;0;0;0;0;0;0;0;0;0;0;0;0
2012;619,00;0;0;0;0;0;0;0;0;0;1309;0;0;0;3291;0;8323;0;0;0;1165;0;0;0;0
2012;163,00;0;0;0;0;0;868;0;0;0;1122;0;0;0;5199;0;10592;0;0;0;1546;0;0;0;0
2012;131,00;0;0;0;0;0;0;0;0;0;0;0;0;0;0;0;0;0;0;0;0;0;0;0;0
2012;375,00;0;0;0;0;0;0;0;0;0;0;0;0;0;0;0;2156;0;0;0;0;0;0;0;0
2012;1090,00;93739;0;172;423;0;3170;0;2578;0;25061;0;163;0;0;0;199361;0;705;0;21862;0;0;0;0
2012;764,00;18884;0;18;471;0;2861;0;0;0;5435;0;0;0;4480;0;166292;0;0;0;22694;0;2287;500;375
2012;14,00;0;0;0;0;0;0;0;0;0;0;0;0;0;0;0;0;0;0;0;0;0;0;0;0
2012;657,00;6166;0;1;0;0;0;0;0;0;1428;0;0;0;0;0;42315;0;0;0;4654;0;1188;83;0
2012;362,00;2478;0;0;116;0;0;0;5333;0;168;0;0;0;8174;0;12242;0;0;0;1445;0;528;3;0
2012;989,00;0;0;0;0;0;0;0;0;0;698;0;0;0;0;0;26658;0;0;0;2809;0;481;47;0
2012;990,00;0;0;0;0;0;0;0;0;0;690;0;0;0;0;0;39796;0;0;0;3637;0;703;107;0
2012;680,00;23932;0;38;2308;0;0;0;0;0;11386;0;0;0;16912;0;158148;24200;0;0;22571;0;3272;817;186
2012;411,00;2346;0;0;21;0;5314;0;0;0;3221;0;0;0;6829;0;27664;0;0;0;4099;0;1355;28;31
2012;241,00;2944;0;0;0;0;0;0;328;0;205;0;0;0;0;0;21028;0;0;0;0;0;953;23;0
2012;558,00;8489;0;5;0;0;925;0;0;0;3532;0;0;0;6066;0;70869;0;0;0;8558;0;1408;155;128
2012;167,00;0;0;0;0;0;1056;0;0;0;104;0;0;0;0;0;1179;0;0;0;60;0;0;0;0
2012;248,00;1687;0;0;557;0;451;0;1353;0;710;0;736;0;11927;0;13126;0;0;0;9459;0;543;135;0
2012;224,00;258;0;0;0;0;412;0;0;0;986;0;0;0;1479;0;14262;0;0;0;1707;0;0;0;0
2012;591,00;10952;0;14;0;0;2992;0;0;0;5296;0;0;0;7152;0;91550;0;0;0;11833;0;3830;255;15
2012;586,00;16113;0;36;0;0;0;0;0;0;4668;0;0;0;5425;0;132348;0;0;0;17548;0;2040;248;75
2012;453,00;0;0;0;0;0;0;0;0;0;0;0;0;0;0;0;18086;0;0;0;3500;0;547;24;0
2012;145,00;0;0;0;0;0;0;0;0;0;0;0;0;0;0;0;0;0;0;0;0;0;0;0;0
2012;511,00;11309;0;6;0;0;0;0;0;0;4046;0;0;0;0;0;78448;32801;0;0;9747;0;2621;236;67
2012;530,00;15000;0;7;0;0;0;0;0;0;1698;0;0;0;8408;0;65740;28138;0;0;11310;0;4079;283;87
2012;6,00;1118;0;0;7;0;3677;0;1186;0;2845;0;206;0;5686;0;12743;0;0;0;3705;0;0;0;0
2012;161,00;0;0;0;0;0;0;0;0;0;0;0;0;0;0;0;0;0;0;0;0;0;0;0;0
2012;623,00;14922;0;5;0;0;0;4134;9384;0;7487;0;0;0;0;0;105120;19486;0;0;17431;0;1893;503;0
2012;489,00;932;0;0;0;0;0;0;0;0;612;0;0;0;1210;0;20832;0;0;0;1103;0;163;0;0
2012;875,00;3208;0;1;4;0;1094;0;558;0;2352;0;338;0;4556;0;36920;0;62;0;5556;0;770;89;11
2012;940,00;0;0;0;0;0;0;0;0;0;0;0;0;0;0;0;0;0;0;0;0;0;0;0;0
2012;946,00;6471;0;18;195;0;944;0;248;0;1732;0;0;0;4423;0;17095;0;0;0;3644;0;464;62;12
2012;1023,00;13570;0;15;712;0;6572;0;0;0;4829;0;0;0;7058;0;128520;0;0;0;13001;0;1869;327;0
2012;1054,00;8623;0;0;1506;0;3907;0;0;0;2357;0;0;0;5711;0;76513;0;0;0;10490;0;2433;116;28
2012;1057,00;0;0;0;0;0;0;0;0;0;0;0;0;0;0;0;2833;0;0;0;1060;0;0;0;0
2012;1031,00;0;0;0;0;0;0;0;0;0;0;0;0;0;0;0;0;0;0;0;0;0;0;0;0
2012;1032,00;12916;0;12;479;0;5219;0;0;0;3900;0;2365;0;7267;0;108126;0;1959;0;11140;0;2037;314;111
2012;1064,00;1794;0;1;5;0;265;0;0;0;795;0;0;0;3729;0;7809;0;0;0;1312;0;317;59;23
2012;226,00;2203;0;0;266;0;1801;0;351;0;2230;0;0;0;5204;0;7148;0;0;0;2443;0;0;0;0
2012;687,00;10833;0;9;0;0;0;0;0;0;3059;0;0;0;8443;0;76938;0;0;0;6987;0;1373;127;0
2012;745,00;10641;0;19;597;0;2498;0;3583;0;8406;12910;0;0;3814;0;166113;64649;1194;0;12395;4751;3623;245;280
2012;109,00;4388;0;0;0;0;1484;0;0;0;1855;0;0;0;5478;0;38734;0;0;0;3068;0;843;8;0
2012;808,00;14174;0;19;0;0;0;0;0;0;3145;0;0;0;6138;0;85626;0;0;0;12191;0;2999;271;154
2012;971,00;2570;0;0;0;0;0;0;0;0;488;0;0;0;0;0;27409;0;0;0;1261;0;644;0;0
2012;128,00;0;0;0;0;0;422;0;0;0;915;0;0;0;0;0;14015;0;0;0;0;0;198;0;0
2012;919,00;11188;0;12;0;0;795;0;0;0;8367;0;0;0;6428;0;85666;16708;0;0;11331;0;2184;164;88
2012;725,00;23399;0;13;245;0;3945;0;0;0;5892;0;2051;0;12809;0;65267;0;11956;0;13145;0;2604;550;346
2012;3,00;0;0;0;0;0;0;0;0;0;0;0;0;0;0;0;0;0;0;0;0;0;0;0;0
2012;386,00;0;0;0;0;0;0;0;0;0;0;0;0;0;0;0;121;0;0;0;0;0;0;0;0
2012;306,00;0;0;0;0;0;0;0;0;0;0;0;0;0;0;0;0;0;0;0;0;0;0;0;0
2012;15,00;165;0;0;0;0;0;0;0;0;106;0;0;0;0;0;4018;0;0;0;0;0;48;0;0
2012;264,00;0;0;0;0;0;0;0;0;0;842;0;0;0;49;0;20916;0;0;0;3668;0;645;12;0
2012;867,00;0;0;0;0;0;0;0;0;0;769;0;0;0;0;0;8759;0;0;0;0;0;420;0;0
2012;910,00;7876;0;1;0;0;0;0;0;0;3694;0;0;0;2773;0;68089;0;0;0;8199;0;454;101;0
2012;1053,00;12478;0;12;0;0;0;0;0;0;6777;0;0;0;4454;0;72784;7791;0;0;10628;0;2710;184;0
2012;1055,00;9505;0;9;0;0;0;0;0;0;6713;0;0;0;2674;0;98840;0;0;0;13932;0;1923;265;0
2012;529,00;0;0;0;0;0;0;0;0;0;0;0;0;0;0;0;1488;0;0;0;0;0;0;0;0
2012;345,00;0;0;0;0;0;0;0;0;0;0;0;0;0;0;0;0;0;0;0;0;0;0;0;0
2012;515,00;0;0;0;0;0;0;0;0;0;0;0;0;0;2351;0;20037;0;0;0;0;0;0;0;0
2012;174,00;0;0;0;0;0;0;0;0;0;0;0;0;0;0;0;0;0;0;0;0;0;0;0;0
2012;523,00;0;0;0;0;0;0;0;0;0;0;0;0;0;0;0;12338;0;0;0;0;0;0;0;0
2012;697,00;0;0;0;84;0;3326;0;1026;0;6991;0;527;0;9686;0;74365;0;240;0;8589;0;1154;25;4
2012;239,00;7477;0;0;0;0;1373;0;0;0;2987;0;0;0;7674;0;34773;0;0;0;8154;0;1419;76;32
2012;287,00;33;0;34;54;0;2897;0;761;0;4091;0;0;0;9818;0;56023;0;118;0;5458;0;965;40;0
2012;377,00;0;0;0;0;0;0;0;0;0;0;0;0;0;0;0;1267;0;0;0;0;0;0;0;0
2012;692,00;8525;0;11;0;0;475;0;0;0;6688;0;0;0;0;0;74095;0;0;0;7678;0;1258;120;0
2012;335,00;0;0;0;0;0;0;0;0;0;0;0;0;0;0;0;0;0;0;0;0;0;0;0;0
2012;435,00;1414;0;0;0;0;586;0;0;0;1514;0;0;0;6313;0;22868;0;0;0;3607;0;346;13;0
2012;423,00;0;0;0;0;0;339;0;0;0;476;0;0;0;1714;0;10613;0;0;0;1542;0;0;0;0
2012;351,00;0;0;0;0;0;0;0;0;0;746;0;0;0;854;0;9124;0;0;0;1407;0;0;0;0
2012;830,00;8004;0;9;0;0;0;0;0;0;2235;0;0;0;0;0;0;0;0;0;6694;0;969;164;43
2012;892,00;16896;0;91;0;0;186;0;0;0;3906;0;0;0;5664;0;0;0;0;0;13637;0;1266;430;134
2012;921,00;1174;0;3;523;0;2668;0;1302;0;5546;0;0;0;13199;0;55616;0;165;0;9015;0;721;48;39
2012;991,00;0;0;0;0;0;0;0;0;0;388;0;0;0;0;0;5728;0;0;0;0;0;0;0;0
2012;992,00;5962;0;15;0;0;0;0;0;0;1146;0;0;0;3005;0;52147;0;0;0;5585;0;900;70;24
2012;993,00;4314;0;7;0;0;561;0;0;0;1119;0;0;0;2977;0;30787;16451;0;0;4982;0;924;57;0
2012;1071,00;19753;0;136;3113;0;0;0;6757;0;6644;0;1245;0;14584;0;139914;0;1055;0;23594;0;2717;184;203
2012;473,00;0;0;0;0;0;0;0;0;0;0;0;0;0;0;0;14068;0;0;0;0;0;0;0;0
2012;663,00;19717;0;0;1646;0;2690;0;2742;0;17954;0;306;0;11260;0;100567;8555;787;0;20282;0;0;0;0
2012;552,00;0;0;0;1034;0;1471;0;0;0;8811;0;0;0;0;0;29253;0;0;0;6163;0;0;0;0
2012;772,00;40831;0;374;3708;0;4429;0;6867;0;8310;0;1747;0;16072;0;207055;0;1343;0;32834;0;0;0;0
2012;568,00;0;0;0;0;0;0;0;0;0;0;0;0;0;5400;0;16988;0;0;0;1232;0;0;0;0
2012;398,00;179;0;0;0;0;0;0;0;0;0;0;0;0;6622;0;9692;0;0;0;4002;0;0;0;0
2012;394,00;0;0;0;0;0;0;0;0;0;0;0;0;0;436;0;12201;0;0;0;0;0;0;0;0
2012;614,00;0;0;0;0;0;0;0;0;0;0;0;0;0;0;0;0;0;0;0;0;0;0;0;0
2012;235,00;0;0;0;0;0;0;0;0;0;0;0;0;0;0;0;12872;0;0;0;0;0;0;0;0
2012;616,00;3671;0;0;0;0;0;0;0;0;0;0;0;0;0;0;0;0;0;0;0;0;0;0;0
2012;267,00;0;0;0;0;0;0;0;0;0;0;0;0;0;0;0;0;0;0;0;0;0;0;0;0
2012;565,00;0;0;0;0;0;0;0;0;0;672;0;0;0;0;0;15351;0;0;0;3449;0;0;0;0
2012;220,00;0;0;0;81;0;155;0;0;0;402;0;0;0;0;0;11425;0;0;0;1916;0;0;0;0
2012;278,00;0;0;0;0;0;0;0;0;0;0;0;0;0;0;0;0;0;0;0;0;0;0;0;0
2012;107,00;0;0;0;0;0;0;0;0;0;0;0;0;0;0;0;0;0;0;0;0;0;0;0;0
2012;141,00;0;0;0;0;0;0;0;0;0;0;0;0;0;0;0;147;0;0;0;0;0;0;0;0
2012;711,00;21320;0;99;892;0;3486;0;0;0;22421;0;2185;0;9329;0;99907;0;6265;0;24590;0;0;0;0
2012;204,00;0;0;0;0;0;0;0;0;0;192;0;0;0;0;0;2258;0;0;0;0;0;0;0;0
2012;579,00;654;0;0;0;0;0;0;0;0;0;0;0;0;0;0;40374;0;0;0;0;0;0;0;0
2012;348,00;23;0;0;0;0;0;0;0;0;0;0;0;0;0;0;3772;0;0;0;0;0;0;0;0
2012;766,00;4021;0;0;178;0;0;0;484;0;0;0;0;0;129;0;25886;0;0;0;2803;0;0;0;0
2012;761,00;0;0;0;0;0;0;0;0;0;0;0;0;0;0;0;0;0;0;0;0;0;0;0;0
2012;728,00;11159;0;0;2;0;82;0;723;0;478;0;0;0;2111;0;77687;0;2;0;6938;0;0;0;0
2012;280,00;0;0;0;0;0;0;0;0;0;0;0;0;0;0;0;0;0;0;0;0;0;0;0;0
2012;222,00;0;0;0;0;0;325;0;0;0;1725;0;0;0;0;0;7736;0;0;0;1455;0;0;0;0
2012;276,00;12829;0;10;0;0;3077;0;3502;0;6922;0;1902;0;16130;0;102453;0;0;0;23064;0;0;0;0
2012;11,00;3023;0;0;821;0;3877;0;6149;0;2833;0;90;0;7032;0;14287;0;149;0;13985;0;0;0;0
2012;302,00;0;0;0;0;0;0;0;0;0;2966;0;0;0;0;0;0;0;0;0;0;0;0;0;0
2012;682,00;4281;0;0;0;0;352;0;0;0;263;0;0;0;3127;0;28532;0;0;0;4638;0;0;0;0
2012;279,00;10786;0;23;0;0;0;0;0;0;0;0;0;0;17213;0;70149;0;0;0;14311;0;0;0;0
2012;282,00;18340;0;0;719;0;2077;0;0;0;8310;0;2520;0;20668;0;84811;0;5415;0;16949;0;0;0;0
2012;281,00;5395;0;0;219;0;0;0;0;0;64;0;0;0;1209;0;37427;0;0;0;6357;0;;;
2012;183,00;0;0;0;0;0;647;0;0;0;582;0;0;0;1678;0;6626;0;0;0;402;0;0;0;0
2012;610,00;0;0;0;1338;0;0;0;0;0;0;0;0;0;0;0;4560;0;0;0;0;0;0;0;0
2012;116,00;0;0;0;0;0;0;0;0;0;0;0;0;0;0;0;0;0;0;0;0;0;;;
2012;115,00;0;0;0;0;0;0;0;0;0;0;0;0;0;0;0;234;0;0;0;0;0;0;0;0
2012;114,00;0;0;0;0;0;0;0;0;0;0;0;0;0;0;0;0;0;0;0;0;0;0;0;0
2012;126,00;0;0;0;0;0;0;0;0;0;0;0;0;0;0;0;0;0;0;0;0;0;0;0;0
2012;119,00;0;0;0;0;0;0;0;0;0;552;0;0;0;0;0;975;0;0;0;0;0;0;0;0
2012;770,00;23262;0;60;3399;0;3335;0;0;0;23892;0;0;0;9818;0;351495;0;7773;0;20250;0;0;0;0
2012;583,00;3884;0;0;0;0;1211;0;0;0;6127;0;0;0;5898;0;72900;0;0;0;7467;0;0;0;0
2012;136,00;0;0;0;0;0;0;0;0;0;0;0;0;0;0;0;115;0;0;0;0;0;0;0;0
2012;469,00;3004;0;1;0;0;0;0;0;0;2568;0;0;0;0;0;29031;0;0;0;2477;0;0;0;0
2012;642,00;8936;0;0;0;0;0;0;0;0;7133;0;0;0;0;0;73184;0;0;0;7452;0;0;0;0
2012;674,00;4493;0;76;448;0;670;0;0;0;4900;0;0;0;4904;0;61140;0;0;0;3854;0;0;0;0
2012;193,00;0;0;0;0;0;0;0;0;0;0;0;0;0;0;0;957;0;0;0;0;0;0;0;0
2012;526,00;14165;0;29;0;0;0;0;0;0;12618;0;0;0;5373;0;101073;0;0;0;10603;0;0;0;0
2012;698,00;32520;0;104;918;0;8050;0;12860;0;5726;0;0;0;0;0;146535;0;0;0;31396;0;0;0;0
2012;630,00;3862;0;17;0;0;0;0;0;0;5330;0;0;0;5131;0;21344;0;0;0;6797;0;0;0;0
2012;124,00;0;0;0;0;0;0;0;0;0;0;0;0;0;0;0;0;0;0;0;0;0;0;0;0
2012;364,00;0;0;0;0;0;0;0;0;0;0;0;0;0;0;0;0;0;0;0;0;0;0;0;0
2012;604,00;13294;0;18;0;0;0;0;0;0;4091;0;0;0;0;0;138181;0;0;0;15440;0;0;0;0
2012;123,00;0;0;0;0;0;0;0;0;0;0;0;0;0;0;0;0;0;0;0;0;0;0;0;0
2012;310,00;0;0;0;0;0;0;0;0;0;0;0;0;0;0;0;0;0;0;0;0;0;0;0;0
2012;571,00;0;0;0;230;0;0;0;0;0;7667;0;0;0;0;0;60669;0;0;0;4123;0;0;0;0
2012;296,00;0;0;0;0;0;0;0;0;0;554;0;0;0;0;0;7017;0;0;0;0;0;0;0;0
2012;566,00;7542;0;0;0;0;0;0;0;0;3905;0;0;0;4771;0;21833;0;0;0;7053;0;0;0;0
2012;784,00;16111;0;112;0;0;0;0;8293;0;28251;0;293;0;17228;0;147188;0;0;0;24160;0;0;0;0
2012;102,00;0;0;0;0;0;0;0;0;0;0;0;0;0;0;0;1071;0;0;0;0;0;0;0;0
2012;379,00;0;0;0;0;0;0;0;0;0;0;0;0;0;0;0;0;0;0;0;0;0;0;0;0
2012;639,00;10612;0;17;0;0;531;0;0;0;6212;0;0;0;3578;0;70773;0;0;0;7361;0;0;0;0
2012;457,00;1518;0;0;0;0;0;0;0;0;1031;0;0;0;0;0;27977;0;0;0;3104;0;0;0;0
2012;609,00;11799;0;11;1351;0;2007;0;0;0;5873;0;0;0;8269;0;67311;0;361;0;11395;0;0;0;0
2012;101,00;0;0;0;0;0;0;0;0;0;0;0;0;0;0;0;0;0;0;0;0;0;0;0;0
2012;454,00;5314;0;20;0;0;0;0;0;0;2737;0;0;0;5062;0;40940;0;0;0;7231;0;0;0;0
2012;318,00;0;0;0;0;0;0;0;0;0;0;0;0;0;0;0;0;0;0;0;0;0;0;0;0
2012;600,00;4772;0;10;0;0;853;0;0;0;5089;0;0;0;0;0;54497;0;0;0;6119;0;0;0;0
2012;545,00;10234;0;32;943;0;1837;0;0;0;7944;0;0;0;5956;0;82809;0;0;0;11596;0;0;0;0
2012;100,00;0;0;0;0;0;0;0;0;0;0;0;0;0;0;0;0;0;0;0;0;0;0;0;0
2012;702,00;12370;0;64;0;0;0;0;0;0;11891;0;0;0;8641;0;158280;0;0;0;12292;0;0;0;0
2012;778,00;8386;0;26;0;0;0;0;0;0;10983;0;0;0;5939;0;46244;0;0;0;9968;0;0;0;0
2012;341,00;0;0;0;0;0;0;0;0;0;601;0;0;0;0;0;10093;0;0;0;0;0;0;0;0
2012;99,00;0;0;0;0;0;0;0;0;0;0;0;0;0;0;0;0;0;0;0;0;0;0;0;0
2012;767,00;0;0;0;0;0;0;0;0;0;2184;0;0;0;5181;0;52560;0;0;0;6624;0;0;0;0
2012;359,00;0;0;0;0;0;1863;0;0;0;4525;0;0;0;0;0;24681;0;0;0;0;0;0;0;0
2012;98,00;0;0;0;0;0;0;0;0;0;0;0;0;0;0;0;0;0;0;0;0;0;0;0;0
2012;132,00;0;0;0;0;0;0;0;0;0;0;0;0;0;0;0;0;0;0;0;0;0;0;0;0
2012;97,00;0;0;0;0;0;0;0;0;0;0;0;0;0;0;0;0;0;0;0;0;0;;;
2012;103,00;0;0;0;0;0;0;0;0;0;0;0;0;0;0;0;0;0;0;0;0;0;0;0;0
2012;110,00;0;0;0;0;0;0;0;0;0;0;0;0;0;0;0;0;0;0;0;0;0;0;0;0
2012;94,00;0;0;0;0;0;0;0;0;0;0;0;0;0;0;0;0;0;0;0;0;0;0;0;0
2012;91,00;0;0;0;0;0;0;0;0;0;0;0;0;0;0;0;0;0;0;0;0;0;0;0;0
2012;664,00;9524;0;39;127;0;0;0;0;0;1958;0;0;0;7768;0;91888;0;0;0;15820;0;0;0;0
2012;918,00;31245;0;340;1981;0;6491;0;5931;0;9414;0;0;0;22849;0;202601;0;5498;0;70900;0;0;0;0
2012;92,00;0;0;0;0;0;0;0;0;0;0;0;0;0;0;0;0;0;0;0;0;0;0;0;0
2012;95,00;0;0;0;0;0;0;0;0;0;0;0;0;0;0;0;0;0;0;0;0;0;0;0;0
2012;96,00;0;0;0;0;0;0;0;0;0;0;0;0;0;0;0;0;0;0;0;0;0;0;0;0
2012;301,00;0;0;0;0;0;0;0;0;0;0;0;0;0;0;0;9309;0;0;0;0;0;0;0;0
2012;492,00;0;0;0;0;0;0;0;0;0;8107;0;0;0;0;0;47968;0;0;0;8698;0;0;0;0
2012;811,00;0;0;0;0;0;0;0;0;0;0;0;0;0;0;0;106;0;0;0;0;0;0;0;0
2012;812,00;0;0;0;0;0;0;0;0;0;0;0;0;0;0;0;0;0;0;0;0;0;0;0;0
2012;832,00;0;0;0;0;0;0;0;0;0;0;0;0;0;0;0;0;0;0;0;0;0;0;0;0
2012;841,00;0;0;0;0;0;0;0;0;0;0;0;0;0;0;0;0;0;0;0;0;0;0;0;0
2012;856,00;0;0;0;0;0;0;0;0;0;0;0;0;0;0;0;0;0;0;0;0;0;0;0;0
2012;859,00;0;0;0;0;0;0;0;0;0;0;0;0;0;0;0;0;0;0;0;0;0;0;0;0
2012;861,00;0;0;0;0;0;0;0;0;0;0;0;0;0;0;0;0;0;0;0;0;0;0;0;0
2012;880,00;0;0;0;0;0;0;0;0;0;0;0;0;0;0;0;0;0;0;0;0;0;0;0;0
2012;883,00;0;0;0;0;0;0;0;0;0;0;0;0;0;0;0;0;0;0;0;0;0;0;0;0
2012;884,00;0;0;0;0;0;0;0;0;0;0;0;0;0;0;0;0;0;0;0;0;0;0;0;0
2012;877,00;0;0;0;0;0;0;0;0;0;0;0;0;0;0;0;0;0;0;0;0;0;0;0;0
2012;911,00;0;0;0;0;0;0;0;0;0;0;0;0;0;0;0;0;0;0;0;0;0;0;0;0
2012;913,00;0;0;0;0;0;0;0;0;0;0;0;0;0;0;0;0;0;0;0;0;0;0;0;0
2012;922,00;3907;0;0;0;0;709;0;0;0;1445;0;0;0;5396;0;13256;0;0;0;3300;0;0;0;0
2012;923,00;0;0;0;0;0;0;0;0;0;0;0;0;0;0;0;0;0;0;0;0;0;0;0;0
2012;924,00;0;0;0;0;0;0;0;0;0;0;0;0;0;0;0;0;0;0;0;0;0;0;0;0
2012;947,00;0;0;0;0;0;0;0;0;0;0;0;0;0;0;0;0;0;0;0;0;0;0;0;0
2012;951,00;0;0;0;0;0;0;0;0;0;0;0;0;0;0;0;0;0;0;0;0;0;0;0;0
2012;972,00;0;0;0;0;0;0;0;0;0;0;0;0;0;0;0;0;0;0;0;0;0;0;0;0
2012;973,00;617;0;0;0;0;438;0;0;0;568;0;0;0;11504;0;8154;0;0;0;2815;0;0;0;0
2012;974,00;0;0;0;0;0;0;0;0;0;0;0;0;0;0;0;0;0;0;0;0;0;0;0;0
2012;975,00;0;0;0;0;0;0;0;0;0;0;0;0;0;0;0;0;0;0;0;0;0;0;0;0
2012;960,00;0;0;0;0;0;0;0;0;0;0;0;0;0;0;0;0;0;0;0;0;0;0;0;0
2012;1027,00;0;0;0;0;0;0;0;0;0;0;0;0;0;0;0;0;0;0;0;0;0;0;0;0
2012;1028,00;0;0;0;0;0;0;0;0;0;0;0;0;0;0;0;0;0;0;0;0;0;0;0;0
2012;976,00;0;0;0;0;0;0;0;0;0;0;0;0;0;0;0;0;0;0;0;0;0;0;0;0
2012;977,00;0;0;0;0;0;0;0;0;0;0;0;0;0;0;0;0;0;0;0;0;0;0;0;0
2012;1020,00;0;0;0;0;0;0;0;0;0;0;0;0;0;0;0;0;0;0;0;0;0;0;0;0
2012;994,00;0;0;0;0;0;0;0;0;0;5564;0;0;0;3456;0;61224;0;0;0;7177;0;0;0;0
2012;995,00;0;0;0;0;0;0;0;0;0;0;0;0;0;0;0;0;0;0;0;0;0;0;0;0
2012;1060,00;0;0;0;0;0;0;0;0;0;0;0;0;0;0;0;0;0;0;0;0;0;0;0;0
2012;1005,00;0;0;0;0;0;0;0;0;0;0;0;0;0;0;0;0;0;0;0;0;0;0;0;0
2012;1061,00;0;0;0;0;0;0;0;0;0;0;0;0;0;0;0;0;0;0;0;0;0;0;0;0
2012;1006,00;0;0;0;0;0;0;0;0;0;0;0;0;0;0;0;0;0;0;0;0;0;0;0;0
2012;1088,00;0;0;0;0;0;0;0;0;0;0;0;0;0;0;0;0;0;0;0;0;0;0;0;0
2012;1089,00;0;0;0;0;0;641;0;0;0;766;0;0;0;2117;0;6467;0;0;0;940;0;0;0;0
2012;1076,00;0;0;0;0;0;0;0;0;0;0;0;0;0;0;0;0;0;0;0;0;0;0;0;0
2012;1078,00;0;0;0;0;0;0;0;0;0;0;0;0;0;0;0;0;0;0;0;0;0;0;0;0
2012;1033,00;6292;0;21;0;0;0;0;0;0;194;0;0;0;6563;0;15861;0;0;0;8943;0;0;0;0
2012;1036,00;0;0;0;0;0;0;0;0;0;0;0;0;0;0;0;0;0;0;0;0;0;0;0;0
2012;1037,00;0;0;0;0;0;0;0;0;0;0;0;0;0;0;0;0;0;0;0;0;0;0;0;0
2012;1039,00;0;0;0;0;0;0;0;0;0;0;0;0;0;0;0;0;0;0;0;0;0;0;0;0
2012;1067,00;0;0;0;0;0;0;0;0;0;0;0;0;0;0;0;0;0;0;0;0;0;0;0;0
2012;1065,00;0;0;0;0;0;0;0;0;0;0;0;0;0;0;0;235;0;0;0;0;0;0;0;0
2012;1066,00;0;0;0;0;0;411;0;0;0;331;0;0;0;2052;0;3703;0;0;0;1366;0;0;0;0
2012;207,00;230;0;0;0;0;0;0;0;0;0;0;0;0;0;0;0;0;0;0;0;0;484;8;0
2012;431,00;0;0;0;0;0;0;0;0;0;0;0;0;0;0;0;1931;0;0;0;0;0;0;0;0
2012;387,00;4050;0;1;0;0;0;0;0;0;4683;0;0;0;0;0;41498;0;0;0;3636;0;793;0;0
2012;179,00;0;0;0;0;0;0;0;0;0;0;0;0;0;0;0;350;0;0;0;0;0;0;0;0
2012;606,00;4084;0;3;0;0;0;0;0;0;4353;340;0;0;0;0;28107;3394;0;0;4022;0;682;0;0
2012;925,00;14900;0;32;2011;0;204;0;5344;0;5020;0;0;0;1019;0;147801;0;0;0;13413;0;3722;417;0
2012;541,00;4305;0;0;0;0;0;0;0;0;2192;0;0;0;0;0;29414;0;0;0;3608;0;442;0;0
2012;797,00;19350;0;0;0;0;0;0;0;0;1441;0;0;0;0;0;31389;0;0;0;5001;0;390;0;0
2012;627,00;8616;0;0;0;0;0;0;0;0;2884;0;0;0;3395;0;48426;19055;0;0;7255;0;1534;249;0
2012;173,00;0;0;0;0;0;0;0;0;0;0;0;0;0;0;0;0;0;0;0;0;0;0;0;0
2012;636,00;15026;0;15;0;0;0;0;10194;0;10406;0;0;0;5213;0;112185;0;0;0;13782;0;2347;1025;233
2012;205,00;399;0;0;0;0;0;0;0;0;153;0;0;0;268;0;0;0;0;0;0;0;0;0;0
2012;814,00;756;0;0;0;0;0;0;0;0;0;0;0;0;0;0;623;0;0;0;0;0;132;0;0
2012;881,00;0;0;0;0;0;0;0;0;0;1086;0;0;0;0;0;17304;0;0;0;0;0;0;0;0
2012;771,00;9517;0;8;596;0;0;2320;7591;0;3892;13;0;0;7003;0;169509;27907;1866;0;13364;2940;1830;400;285
2012;533,00;0;0;2;0;0;739;0;0;0;0;0;0;0;0;0;6100;0;0;0;0;0;0;0;0
2012;447,00;15464;0;14;0;0;0;0;0;0;97;0;0;0;3492;0;22922;0;0;0;1834;0;548;19;28
2012;815,00;260;0;0;17;0;1620;0;0;0;2176;0;0;0;201;0;6240;0;0;0;253;0;0;0;0
2012;801,00;13508;1079;23;0;0;3840;0;0;0;4293;0;0;0;5743;0;154367;26662;0;0;16315;0;3420;277;221
2012;800,00;3978;0;0;0;0;0;0;0;0;594;0;0;0;1186;0;11054;0;0;0;323;0;1064;0;0
2012;389,00;7545;0;4;0;0;0;0;0;0;889;0;0;0;1340;0;75854;0;0;0;3264;0;634;2;46
2012;759,00;1185;0;0;0;0;681;0;0;0;2302;0;0;0;0;0;36642;0;0;0;638;0;106;6;0
2012;695,00;9368;0;8;1036;0;667;0;0;0;7001;0;0;0;8054;0;113067;45545;0;0;15677;0;2472;27;30
2012;816,00;2216;0;0;0;0;0;0;0;0;2990;0;0;0;0;0;59703;0;0;0;3320;0;776;0;85
2012;833,00;3074;0;4;0;0;0;0;0;0;4094;0;0;0;0;0;75825;0;0;0;4163;0;837;117;57
2012;870,00;3429;0;0;0;0;275;0;0;0;511;0;0;0;5652;0;19510;0;0;0;2316;0;486;0;0
2012;927,00;2356;0;0;0;0;0;0;0;0;382;0;0;0;4595;0;11130;0;0;0;0;0;0;0;0
2012;961,00;9242;0;5;0;0;0;0;3042;0;2465;0;0;0;0;0;191837;32711;0;0;11620;0;1553;337;0
2012;962,00;0;0;0;0;0;0;0;0;0;171;0;0;0;1297;0;3052;0;0;0;306;0;0;0;0
2012;1079,00;396;0;0;0;0;820;0;0;0;273;0;0;0;2513;0;10001;0;0;0;0;0;160;0;0
2012;666,00;112893;0;81;3288;0;0;3158;0;0;2788;0;0;0;11866;0;94265;33652;0;0;17644;0;1566;296;127
2012;392,00;0;0;0;0;0;0;0;0;0;0;0;0;0;0;0;2250;0;0;0;0;0;0;0;0
2012;790,00;3920;0;0;0;0;4546;0;3808;0;3071;0;0;0;4693;0;19387;0;469;0;8003;0;1597;24;0
2012;650,00;6028;0;9;0;0;0;0;0;0;2045;0;0;0;0;0;59147;0;0;0;1492;0;801;76;0
2012;876,00;12108;0;38;0;0;0;0;0;0;2065;0;0;0;4790;0;52879;0;0;0;8800;0;1541;163;79
2012;944,00;0;0;0;0;0;0;0;0;0;0;0;0;0;1394;0;8076;0;0;0;248;0;0;0;0
2012;952,00;6543;0;0;0;0;977;0;0;0;2721;0;0;0;5594;0;26271;0;0;0;2316;0;1999;20;13
2012;54,00;0;0;0;0;0;0;0;0;0;0;0;0;0;0;0;0;0;0;0;0;0;0;0;0
2012;367,00;2581;0;0;0;0;1240;0;0;0;21364;0;0;0;6141;0;14621;0;0;0;3609;0;506;0;0
2012;538,00;11527;0;7;0;0;0;0;0;0;2902;0;0;0;4604;0;94787;3068;0;0;7681;0;1833;172;347
2012;557,00;4520;0;0;0;0;0;0;0;0;2043;0;0;0;0;0;35993;0;0;0;3293;0;895;40;0
2012;653,00;6675;0;5;0;0;0;0;0;0;1605;0;0;0;4613;0;65394;5518;0;0;5205;80;1243;85;0
2012;647,00;4611;0;2;0;0;0;0;0;0;1802;0;0;0;0;0;54162;0;0;0;5125;0;278;60;0
2012;978,00;19204;0;13;729;0;3554;0;8477;0;3307;0;3846;0;4807;0;174900;12912;0;0;13734;435;2500;267;279
2012;996,00;0;0;0;0;0;0;0;0;0;968;0;0;0;2723;0;33606;0;0;0;2917;0;2262;63;0
2012;729,00;23129;0;61;914;0;6040;0;5503;0;17777;0;2149;0;15860;0;226895;35718;833;0;35687;0;4635;1207;717
2012;182,00;5643;0;1;0;0;0;0;0;0;1461;0;0;0;3892;0;18410;0;0;0;6259;0;0;0;0
2012;633,00;0;0;0;0;0;0;0;0;0;91;0;0;0;283;0;44050;0;0;0;77;0;0;0;0
2012;685,00;4428;0;0;0;0;0;0;0;0;6727;0;0;0;0;0;94346;0;0;0;7815;0;5742;217;0
2012;683,00;3943;0;1;0;0;0;0;0;0;3748;0;0;0;0;0;46326;0;0;0;3598;0;0;0;0
2012;945,00;4235;0;0;0;0;0;0;0;0;1610;0;0;0;0;0;34411;0;0;0;3772;0;798;25;0
2012;953,00;0;0;0;220;0;0;0;0;0;0;0;0;0;0;0;0;0;0;0;0;0;0;0;0
2012;1022,00;939;0;0;0;0;0;0;0;0;383;0;0;0;0;0;34472;0;0;0;1331;0;217;1;0
2012;1049,00;893;0;0;0;0;0;0;0;0;332;0;0;0;0;0;14492;0;0;0;1180;0;217;1;0
2012;794,00;31266;0;95;670;0;0;0;0;0;8007;0;0;0;12363;0;159305;74457;0;0;41198;0;8193;913;382
2012;415,00;200;0;0;0;0;0;0;0;0;1300;0;0;0;0;0;2907;0;8997;0;5038;0;94;0;0
2012;592,00;3805;0;0;62;0;1532;0;0;0;2626;0;0;0;3048;0;30841;0;0;0;2054;0;0;0;0
2012;497,00;1789;0;0;23;0;0;0;0;0;1443;0;0;0;2912;0;22539;0;0;0;1810;0;0;0;0
2012;726,00;17568;0;23;0;0;4327;0;0;0;3883;0;0;0;4233;0;107663;22186;0;0;19572;0;2423;307;137
2012;272,00;2603;0;0;0;0;0;0;0;0;1142;0;0;0;5298;0;29980;0;0;0;2647;0;84;8;0
2012;805,00;29361;0;106;1545;0;3138;0;3716;0;11247;0;1542;0;11780;0;199730;40771;748;0;34582;0;6067;877;163
2012;5,00;735;0;0;0;0;145;0;0;0;1994;0;0;0;2230;0;8579;0;0;0;326;0;384;0;0
2012;234,00;6817;0;0;0;0;816;0;0;0;3467;0;0;0;4329;0;19897;0;0;0;1777;0;251;21;0
2012;64,00;0;0;0;0;0;0;0;0;0;0;0;0;0;0;0;0;0;0;0;0;0;0;0;0
2012;842,00;0;0;0;0;0;0;0;0;0;661;0;0;0;0;0;33070;0;0;0;4966;0;926;0;0
2012;843,00;2565;0;1;0;0;0;0;0;0;552;0;0;0;0;0;26118;0;0;0;3811;0;779;0;0
2012;1025,00;8000;0;0;105;0;3573;0;1173;0;7729;0;608;0;5803;0;84961;0;748;0;8042;0;1384;0;0
2012;803,00;8034;0;1;0;0;0;0;2205;0;3387;0;0;0;5430;0;77859;10872;0;0;13883;119;2216;164;125
2012;211,00;0;0;0;0;0;0;0;0;0;0;0;0;0;0;0;0;0;0;0;0;0;45;0;0
2012;773,00;14293;0;131;617;0;0;0;0;0;2244;0;0;0;0;0;72360;0;0;0;0;0;0;0;0
2012;424,00;0;0;0;0;0;0;0;0;0;0;0;0;0;0;0;211265;0;0;0;0;0;0;0;0
2012;298,00;14758;0;0;251;0;3687;0;5722;0;4553;0;0;0;17667;0;31332;0;44;0;6860;0;0;0;0
2012;594,00;0;0;0;0;0;0;0;0;0;672;0;0;0;1258;0;8351;0;0;0;25;0;0;0;0
2012;237,00;423;0;0;0;0;0;0;0;0;0;0;0;0;0;0;13917;0;0;0;0;0;0;0;0
2012;16,00;0;0;0;0;0;0;0;0;0;0;0;0;0;0;0;0;0;0;0;0;0;0;0;0
2012;768,00;2209;0;0;0;0;0;0;0;0;1596;0;0;0;0;0;9940;0;0;0;0;0;0;0;0
2012;617,00;6982;0;17;0;0;0;0;0;0;4655;0;0;0;2100;0;56449;0;0;0;7301;0;0;0;0
2012;297,00;16524;0;0;0;0;746;0;0;0;3482;0;0;0;5427;0;16968;0;0;0;0;0;0;0;0
2012;544,00;2204;0;0;0;0;0;0;0;0;3246;0;0;0;0;0;26763;0;0;0;0;0;0;0;0
2012;804,00;8539;0;15;0;0;1617;0;0;0;6216;0;0;0;4521;0;39569;0;0;0;5144;0;0;0;0
2012;470,00;582;0;0;0;0;0;0;0;0;1103;0;0;0;0;0;11489;0;0;0;1342;0;0;0;0
2012;104,00;0;0;0;0;0;0;0;0;0;0;0;0;0;0;0;0;0;0;0;0;0;0;0;0
2012;20,00;0;0;0;0;0;0;0;0;0;0;0;0;0;0;0;0;0;0;0;0;0;;;
2012;550,00;0;0;0;0;0;0;0;0;0;4758;0;0;0;0;0;51360;0;0;0;0;0;0;0;0
2012;112,00;0;0;0;0;0;0;0;0;0;0;0;0;0;0;0;0;0;0;0;0;0;0;0;0
2012;818,00;0;0;0;0;0;0;0;0;0;0;0;0;0;0;0;0;0;0;0;0;0;0;0;0
2012;914,00;0;0;0;0;0;0;0;0;0;0;0;0;0;0;0;0;0;0;0;0;0;0;0;0
2012;928,00;0;0;0;0;0;0;0;0;0;0;0;0;0;0;0;0;0;0;0;0;0;0;0;0
2012;964,00;5468;0;33;0;0;0;0;0;0;1994;0;0;0;2789;0;39269;0;0;0;5502;0;0;0;0
2012;1026,00;0;0;0;0;0;0;0;0;0;0;0;0;0;0;0;0;0;0;0;0;0;0;0;0
2012;1068,00;0;0;0;0;0;0;0;0;0;0;0;0;0;0;0;0;0;0;0;0;0;0;0;0
2012;738,00;16425;0;32;331;0;4554;0;4869;0;8047;0;0;0;3140;0;162717;51384;1315;0;20166;0;2134;716;252
2012;404,00;0;0;0;0;0;0;0;0;0;0;0;0;0;0;0;3161;0;0;0;0;0;1177;0;0
2012;274,00;0;0;0;0;0;0;0;1040;0;1897;0;0;0;32;0;46560;0;346;0;2048;0;974;0;0
2012;270,00;1800;0;0;0;0;0;0;110;0;1531;0;0;0;2828;0;37370;0;0;0;3581;0;432;39;2
2012;676,00;3221;0;0;0;0;0;0;0;0;5450;0;0;0;0;0;71684;0;0;0;5935;0;902;75;62
2012;709,00;5583;0;3;0;0;0;0;0;0;2169;0;0;0;0;0;60144;0;0;0;6419;0;633;65;0
2012;754,00;20777;0;36;1994;0;4627;0;4244;0;7793;0;5420;0;17530;0;326171;0;456;0;37567;0;3611;475;244
2012;997,00;3034;0;0;0;0;0;0;0;0;2432;0;0;0;0;0;32603;0;0;0;3112;0;644;0;0
2012;734,00;20441;0;12;679;0;0;0;0;0;3616;0;0;0;5185;0;112668;15629;0;0;12654;809;3633;451;191
2012;299,00;1317;0;0;0;0;507;0;0;0;1062;0;0;0;3073;0;13975;0;0;0;0;0;143;3;0
2012;645,00;0;0;0;0;0;594;0;0;0;1049;0;0;0;0;0;10053;0;0;0;0;0;0;0;0
2012;17,00;0;0;0;0;0;0;0;0;0;0;0;0;0;0;0;0;0;0;0;0;0;0;0;0
2012;1046,00;0;0;0;0;0;0;0;0;0;0;0;0;0;0;0;0;0;0;0;0;0;0;0;0
2012;420,00;0;0;0;0;0;0;0;0;0;0;0;0;0;972;0;5377;0;0;0;0;0;0;0;0
2012;802,00;0;0;0;0;0;0;0;0;0;0;0;0;0;0;0;2018;0;0;0;0;0;0;0;0
2012;266,00;3739;0;4;0;0;713;0;0;0;2184;0;0;0;9338;0;25095;0;0;0;4198;0;0;0;0
2012;580,00;1149;0;0;14;0;415;0;0;0;1004;0;0;0;1545;0;8693;0;0;0;987;0;0;0;0
2012;137,00;1378;0;0;0;0;7516;0;0;0;1537;0;0;0;3838;0;10821;0;0;0;1069;0;0;0;0
2012;769,00;5117;0;2;0;0;130;0;5053;0;46984;0;1808;0;1508;0;6613;0;2686;0;7460;0;0;0;0
2012;776,00;4392;0;0;0;0;0;0;0;0;0;0;0;0;0;0;32636;16720;0;0;6098;0;0;0;0
2012;640,00;4046;0;1;0;0;0;0;0;0;4227;0;0;0;0;0;44354;0;0;0;3784;0;0;0;0
2012;315,00;0;0;0;0;0;0;0;0;0;0;0;0;0;0;0;0;0;0;0;0;0;0;0;0
2012;40,00;0;0;0;0;0;0;0;0;0;0;0;0;0;0;0;0;0;0;0;0;0;0;0;0
2012;508,00;3335;8;0;0;0;0;0;0;0;191;0;0;0;3936;0;20087;2624;0;0;4210;0;0;0;0
2012;46,00;0;0;0;0;0;0;0;0;0;0;0;0;0;0;0;0;0;0;0;0;0;0;0;0
2012;590,00;5770;0;2;0;0;0;0;0;0;0;0;0;0;0;0;55234;0;0;0;5505;0;0;0;0
2012;777,00;5014;0;5;0;0;0;0;0;0;0;0;0;0;0;0;37605;15261;0;0;3694;0;0;0;0
2012;897,00;22545;0;49;1854;0;0;0;0;0;5630;0;0;0;0;0;134062;99192;0;0;32656;0;0;0;0
2012;965,00;0;0;0;0;0;0;0;0;0;0;0;0;0;0;0;0;0;0;0;0;0;0;0;0
2012;671,00;5164;0;9;0;0;0;0;0;0;7194;0;0;0;4438;0;112107;0;0;0;7146;0;0;0;0
2012;461,00;1449;0;0;0;0;0;0;0;0;207;0;0;0;0;0;17284;0;0;0;0;0;426;0;0
2012;376,00;783;0;0;0;0;284;0;0;0;0;0;0;0;0;0;8175;0;0;0;532;0;93;0;0
2012;621,00;4212;0;4;0;0;0;0;0;0;4491;0;0;0;2184;0;51609;0;0;0;3941;0;766;58;0
2012;793,00;15172;0;34;1318;0;0;2905;2940;0;2650;1708;0;0;10596;0;164649;83403;2631;0;17725;0;0;0;0
2012;324,00;285;0;0;0;0;0;0;0;0;0;0;0;0;0;0;5435;0;0;0;0;0;0;0;0
2012;712,00;14569;0;4;0;0;0;0;0;0;2228;0;0;0;0;0;56981;0;0;0;6084;0;1943;124;222
2012;32,00;0;0;0;0;0;0;0;0;0;0;0;0;0;0;0;0;0;0;0;0;0;0;0;0
2012;361,00;0;0;0;0;0;0;0;0;0;9957;0;0;0;0;0;2666;0;0;0;1221;0;0;0;0
2012;486,00;0;0;0;0;0;0;0;1290;0;598;0;0;0;0;0;4281;0;0;0;926;0;328;0;0
2012;595,00;7538;0;1;0;0;0;0;0;0;3278;0;0;0;0;0;54874;6957;0;0;8868;0;1537;67;0
2012;433,00;911;0;0;0;0;0;0;0;0;1084;0;0;0;692;0;9951;0;0;0;340;0;0;0;0
2012;1058,00;0;0;0;0;0;0;0;0;0;233;0;0;0;559;0;9194;0;0;0;410;0;0;0;0
2012;261,00;2216;0;0;0;0;0;0;0;0;0;0;0;0;0;0;8916;0;0;0;0;0;397;0;0
2012;730,00;9201;0;4;0;0;0;0;0;0;6016;0;0;0;0;0;69342;0;0;0;10482;0;1054;53;0
2012;577,00;4883;0;5;0;0;0;0;0;0;1725;0;0;0;0;0;69297;0;0;0;3603;0;1870;22;0
2012;788,00;9202;0;12;1492;0;0;0;4288;0;4710;0;0;0;14162;0;245224;0;0;0;23595;0;3799;76;131
2012;865,00;3260;0;0;0;0;0;0;0;0;1931;0;0;0;0;0;43296;0;0;0;6690;0;794;39;0
2012;979,00;747;0;0;0;0;0;0;0;0;253;0;0;0;0;0;13650;0;0;0;1669;0;202;5;0
2012;998,00;241;0;0;0;0;0;0;0;0;200;0;0;0;0;0;6305;0;0;0;0;0;55;0;0
2012;221,00;2000;0;0;0;0;300;0;0;0;500;0;0;0;200;0;1000;0;0;0;100;0;100;5;0
2012;462,00;44;0;10;0;0;0;0;0;0;63;0;0;0;0;0;5820;0;0;0;0;0;17;0;0
2012;506,00;0;0;0;0;0;548;0;342;0;282;0;0;0;3235;0;30847;0;0;0;2596;0;0;0;0
2012;727,00;10123;0;10;0;0;0;0;0;0;2845;0;0;0;5164;0;122942;0;0;0;15412;0;2892;288;0
2012;355,00;297;0;0;0;0;0;0;0;0;0;0;0;0;1433;0;6362;0;0;0;796;0;0;0;0
2012;487,00;299;0;0;0;0;3;0;0;0;45;0;0;0;0;0;15157;0;0;0;1865;0;141;11;0
2012;938,00;19678;0;37;1753;0;3034;0;5416;0;3759;7413;0;0;10509;0;156530;81335;0;0;22383;0;5751;601;0
2012;886,00;438;0;0;0;0;48;0;0;0;223;0;0;0;1751;0;8085;0;0;0;608;0;380;0;224
2012;835,00;1207;0;1;0;0;820;0;0;0;1;0;0;0;1896;0;650;0;0;0;964;0;0;0;0
2012;999,00;0;0;0;0;0;0;0;0;0;0;0;0;0;0;0;65;0;0;0;0;0;0;0;0
2012;798,00;17611;0;105;410;0;0;0;0;0;8178;0;0;0;0;0;130620;0;0;0;17262;0;0;0;0
2012;504,00;0;0;0;294;0;0;0;0;0;1196;0;0;0;5854;0;28444;0;0;0;8518;0;0;0;0
2012;247,00;712;0;0;0;0;0;0;0;0;840;0;0;0;0;0;7072;0;0;0;2853;0;0;0;0
2012;216,00;837;0;0;0;0;3385;0;0;0;1399;0;0;0;3501;0;14529;0;0;0;1984;0;0;0;0
2012;654,00;2658;0;0;0;0;0;0;0;0;2346;0;0;0;2696;0;11777;0;0;0;4841;0;0;0;0
2012;65,00;0;0;0;0;0;0;0;0;0;0;0;0;0;0;0;0;0;0;0;0;0;0;0;0
2012;472,00;675;0;0;0;0;0;0;0;0;1601;0;0;0;1962;0;14038;0;0;0;1208;0;0;0;0
2012;427,00;0;0;0;0;0;0;0;0;0;0;0;0;0;0;0;4333;0;0;0;0;0;0;0;0
2012;491,00;740;0;0;0;0;0;0;0;0;1575;0;0;0;0;0;12567;0;0;0;1727;0;0;0;0
2012;551,00;487;0;0;0;0;0;0;0;0;398;0;0;0;0;0;6488;0;0;0;486;0;0;0;0
2012;106,00;0;0;0;0;0;0;0;0;0;0;0;0;0;0;0;0;0;0;0;0;0;0;0;0
2012;819,00;0;0;0;0;0;0;0;0;0;0;0;0;0;0;0;0;0;0;0;0;0;0;0;0
2012;836,00;0;0;0;0;0;0;0;0;0;0;0;0;0;0;0;0;0;0;0;0;0;0;0;0
2012;915,00;0;0;0;0;0;0;0;0;0;0;0;0;0;0;0;0;0;0;0;0;0;0;0;0
2012;942,00;0;0;0;0;0;0;0;0;0;0;0;0;0;0;0;0;0;0;0;0;0;0;0;0
2012;748,00;15054;1516;20;478;5;0;3485;0;1410;0;6975;0;2224;9148;2552;126430;42053;0;761;17702;3833;5420;398;231
2012;198,00;0;0;0;0;0;0;0;0;0;0;0;0;0;0;0;0;0;0;0;0;0;0;0;0
2012;871,00;3752;0;1;0;0;782;0;0;0;665;0;0;0;0;0;29408;0;0;0;2156;0;1716;88;31
2012;948,00;0;0;0;0;0;94;0;0;0;2;0;0;0;2456;0;24467;0;0;0;1335;0;354;14;0
2012;1051,00;0;0;0;0;0;0;0;0;0;0;0;0;0;0;0;0;0;0;0;0;0;0;0;0
2012;1083,00;0;0;0;0;0;0;0;0;0;0;0;0;0;0;0;0;0;0;0;0;0;0;0;0
2012;679,00;18209;0;17;1466;0;2147;0;0;0;3740;0;0;0;7595;0;218195;0;0;0;19517;0;3643;383;0
2012;176,00;0;0;0;0;0;0;0;0;0;747;0;0;0;5225;0;9331;0;0;0;4054;0;740;0;0
2012;537,00;325;0;0;0;0;0;0;0;0;713;0;0;0;7222;0;10452;0;0;0;2989;0;510;0;0
2012;608,00;7802;0;5;0;0;0;0;0;0;1753;0;0;0;2783;0;64780;0;0;0;5086;0;1312;92;0
2012;596,00;2264;0;7;0;0;0;0;0;0;756;0;0;0;0;0;39233;0;0;0;3559;0;0;0;0
2012;749,00;35774;0;24;2254;0;3851;0;10131;0;9895;0;0;0;14946;0;201433;79953;0;0;37311;0;8545;1051;525
2012;758,00;28503;2412;170;721;0;15185;0;8237;0;8985;8332;3498;0;23523;0;219995;110612;1859;0;42989;0;8538;2299;409
2012;724,00;20716;0;86;2031;0;6620;0;3928;0;4718;7902;5314;0;23564;0;164089;66186;635;0;57308;0;6921;782;176
2012;436,00;0;0;0;0;0;0;0;0;0;0;4632;0;0;0;0;13816;40792;0;0;0;2953;0;0;0
2012;567,00;7699;0;0;0;0;17116;0;0;0;5926;0;0;0;0;0;8873;0;0;0;2579;0;1106;0;0
2012;677,00;11892;0;17;617;0;3088;0;0;0;2765;0;0;0;11402;0;92620;18453;2195;0;19660;0;3595;783;251
2012;670,00;3339;0;1;0;0;0;0;0;0;0;0;0;0;5148;0;34478;0;0;0;1841;0;73;93;0
2012;588,00;4645;0;0;0;0;0;0;2176;0;1805;0;0;0;0;0;19228;0;0;0;5848;0;549;0;0
2012;446,00;4676;0;0;0;0;0;0;1843;0;0;0;0;0;0;0;7011;0;0;0;1712;0;967;22;0
2012;753,00;24470;0;46;2338;0;3526;0;5608;0;5622;6482;1650;0;15237;0;232067;43824;1047;0;41161;0;7061;639;635
2012;887,00;0;0;0;0;0;0;0;0;0;0;0;0;0;0;0;774;0;0;0;0;0;0;0;0
2012;585,00;0;0;0;0;0;0;0;0;0;0;0;0;0;0;0;19876;0;0;0;0;0;0;0;0
2012;245,00;0;0;0;0;0;427;0;0;0;3822;0;0;0;18403;0;35554;0;0;0;9173;0;749;72;12
2012;603,00;407;0;0;0;0;0;0;0;0;919;0;0;0;9572;0;65845;0;0;0;4832;0;1425;8;0
2012;426,00;0;0;0;0;0;0;0;0;0;0;0;0;0;0;0;0;0;0;0;0;0;578;0;1
2012;232,00;3165;0;0;0;0;1420;0;0;0;7095;0;0;0;3698;0;24838;0;0;0;1351;0;1127;0;0
2012;288,00;3053;0;0;0;0;0;0;0;0;13043;0;0;0;13190;0;18392;0;0;0;7380;0;1275;0;0
2012;246,00;5188;0;0;0;0;0;0;0;0;2123;0;0;0;1573;0;13140;0;0;0;850;0;3053;0;0
2012;284,00;0;0;0;0;0;0;0;0;0;6180;0;0;0;0;0;42180;0;0;0;4683;0;0;0;0
2012;18,00;0;0;0;0;0;0;0;0;0;0;0;0;0;0;0;0;0;0;0;0;0;0;0;0
2012;356,00;0;0;0;0;0;0;0;0;0;0;0;0;0;0;0;0;0;0;0;0;0;0;0;0
2012;401,00;0;0;0;0;0;0;0;0;0;0;0;0;0;0;0;0;0;0;0;0;0;0;0;0
2012;733,00;33728;0;28;5099;0;2094;4714;2765;0;7796;8930;0;0;18323;8112;125873;59854;0;0;24495;4937;8525;1071;167
2012;243,00;0;0;0;0;0;0;0;0;0;466;0;0;0;7662;0;17990;0;0;0;2083;0;1997;0;0
2012;380,00;0;0;0;0;0;0;0;0;0;0;0;0;0;0;0;1181;0;0;0;0;0;0;0;0
2012;716,00;9874;0;0;264;0;655;0;0;0;1097;0;0;0;8440;0;113679;0;0;0;4588;0;502;0;0
2012;534,00;4870;0;0;197;0;1679;0;5679;0;1687;0;0;0;20688;0;41630;0;0;0;9047;0;2128;9;0
2012;185,00;0;0;0;0;0;415;0;0;0;1386;0;0;0;2446;0;7857;0;0;0;1338;0;0;0;0
2012;258,00;2712;0;0;29;0;316;0;0;0;3674;0;1181;0;4569;0;13001;0;0;0;3619;0;2287;28;15
2012;505,00;1223;0;0;0;0;628;0;0;0;10676;0;0;0;4197;0;8396;0;0;0;2480;0;2817;0;0
2012;268,00;4580;0;0;0;0;972;0;0;0;1246;0;0;0;14897;0;31597;0;0;0;5736;0;1104;33;0
2012;602,00;5264;0;3;575;0;1642;0;1281;0;5465;0;491;0;8973;0;27123;0;0;0;4082;0;784;60;13
2012;254,00;0;0;0;96;0;6924;0;2894;0;7222;0;642;0;19588;0;78421;0;0;0;6116;0;1253;18;3
2012;705,00;22213;0;0;572;0;0;0;0;0;3213;0;0;0;11469;0;48210;0;0;0;8467;0;2869;115;92
2012;133,00;2976;0;0;0;0;0;0;0;0;8585;0;0;0;0;0;846;0;0;0;82;0;0;0;0
2012;33,00;0;0;0;0;0;0;0;0;0;0;0;0;0;0;0;0;0;0;0;0;0;0;0;0
2012;143,00;0;0;0;0;0;0;0;0;0;0;0;0;0;0;0;0;0;0;0;0;0;0;0;0
2012;36,00;0;0;0;0;0;0;0;0;0;0;0;0;0;0;0;0;0;0;0;0;0;0;0;0
2012;756,00;5046;0;6;192;0;1725;0;1608;0;3366;0;0;0;6119;0;83569;0;688;0;11041;0;1786;161;140
2012;662,00;31881;0;14;0;0;2605;0;0;0;3747;2392;0;0;7540;4647;112565;51158;0;0;14506;3619;3856;585;120
2012;192,00;0;0;0;0;0;0;0;0;0;0;0;0;0;0;0;5129;0;0;0;0;0;0;0;0
2012;382,00;0;0;0;0;0;0;0;0;0;0;0;0;0;0;0;863;0;0;0;0;0;0;0;0
2012;322,00;0;0;0;0;0;0;0;0;0;0;0;0;0;0;0;1404;0;0;0;0;0;0;0;0
2012;478,00;0;0;0;0;0;0;0;0;0;0;0;0;0;5505;0;30737;0;0;0;1726;0;0;0;0
2012;352,00;0;0;0;0;0;0;0;0;0;0;0;0;0;0;0;5645;0;0;0;0;0;0;0;0
2012;628,00;16228;0;17;907;0;0;0;0;0;7148;0;0;0;5034;0;89267;45120;0;0;14897;0;2671;397;135
2012;291,00;0;0;0;0;0;0;0;0;0;0;0;0;0;0;0;0;0;0;0;0;0;0;0;0
2012;495,00;0;0;0;0;0;0;0;0;0;0;0;0;0;4643;0;21425;0;0;0;2648;0;0;0;0
2012;845,00;14018;0;28;0;0;0;0;0;0;5866;0;0;0;9417;0;105651;34489;0;0;10575;0;3461;324;74
2012;498,00;3410;0;4;0;0;0;0;0;0;2379;0;0;0;2793;0;7656;4952;0;0;2388;0;1222;3;0
2012;314,00;0;0;0;0;0;0;0;0;0;0;0;0;0;0;0;2940;0;0;0;0;0;0;0;0
2012;720,00;4287;0;0;0;0;0;0;0;0;3760;0;0;0;13758;0;63652;0;0;0;5435;0;2111;56;20
2012;721,00;17278;0;59;1031;0;0;0;0;0;3683;0;1789;0;11196;0;84838;28050;8251;0;13810;0;2227;308;109
2012;485,00;4;0;3;0;0;0;0;0;0;0;0;0;0;0;0;0;0;0;0;0;0;0;0;0
2012;273,00;7737;0;0;552;0;0;0;0;0;2156;0;0;0;8927;0;51419;0;0;0;10833;0;3366;83;78
2012;846,00;25321;0;88;358;0;1484;0;3632;0;6692;0;0;0;10654;0;119527;0;0;0;16544;0;3464;368;109
2012;847,00;0;0;0;0;0;0;0;2677;0;0;0;0;0;23127;0;49279;0;0;0;4747;0;1134;0;0
2012;848,00;13451;0;4;187;0;1960;0;0;0;7400;0;0;0;14444;0;65971;0;0;0;7916;0;3553;46;59
2012;864,00;0;0;0;0;0;0;0;0;0;0;0;0;0;0;0;0;0;0;0;0;0;0;0;0
2012;916,00;11916;0;0;0;0;0;0;0;0;2837;0;0;0;4586;0;7601;0;0;0;15499;0;1291;69;14
2012;930,00;0;0;0;194;0;2005;0;0;0;2587;0;0;0;14786;0;44674;0;0;0;5215;0;3025;32;37
2012;954,00;15789;0;38;79;0;0;0;1247;0;5332;0;653;0;5890;0;81494;33577;356;0;13311;0;2025;331;90
2012;943,00;6818;0;0;0;0;0;0;0;0;5124;0;0;0;10606;0;74454;0;0;0;4094;0;1836;21;0
2012;949,00;36625;0;215;322;0;7906;0;8990;0;20188;0;2704;0;13137;0;226084;45925;2407;0;39118;0;5747;878;318
2012;980,00;13593;0;0;623;0;2704;0;0;0;6755;0;426;0;14810;0;33233;0;3682;0;12528;0;0;0;0
2012;981,00;628;0;0;0;0;0;0;0;0;0;0;0;0;2675;0;2722;0;0;0;1661;0;0;0;0
2012;1024,00;22357;0;0;923;0;2799;0;2754;0;5051;0;2308;0;19661;0;47497;0;130;0;12121;0;3588;464;109
2012;1017,00;0;0;0;0;0;0;0;0;0;0;0;0;0;0;0;491;0;0;0;0;0;0;0;0
2012;1000,00;19210;0;0;373;0;2835;0;3031;0;7088;0;1909;0;17416;0;49178;0;457;0;13446;0;4660;194;116
2012;1018,00;8644;0;0;28;0;1568;0;0;0;2413;0;0;0;6830;0;69290;0;0;0;8239;0;4533;74;0
2012;1001,00;11767;0;0;193;0;704;0;0;0;2273;0;0;0;3950;0;11884;0;0;0;1484;0;560;0;0
2012;1007,00;11295;0;17;0;0;3564;0;0;0;4607;0;0;0;12104;0;103568;17858;0;0;12795;0;3448;298;70
2012;1008,00;13581;0;8;0;0;0;0;0;0;2096;0;0;0;7162;0;94502;0;0;0;8686;0;2887;236;104
2012;1009,00;18715;0;17;0;0;1069;0;0;0;4817;0;0;0;8322;0;95770;0;0;0;13223;0;3844;227;0
2012;1010,00;9994;0;16;0;0;0;0;0;0;2220;0;0;0;6428;0;55939;0;0;0;7042;0;2175;136;80
2012;1011,00;7433;0;3;51;0;0;0;0;0;1409;0;0;0;5060;0;15644;0;0;0;3195;0;107;0;34
2012;1012,00;12547;0;22;0;0;0;0;0;0;2745;0;0;0;7269;0;73276;0;0;0;8647;0;2087;177;66
2012;1013,00;33500;0;89;4278;0;2891;0;6848;0;7521;0;2666;0;20074;0;223880;0;0;0;30463;0;3532;894;0
2012;1041,00;0;0;0;0;0;0;0;0;0;0;0;0;0;0;0;0;0;0;0;0;0;0;0;0
2012;1073,00;14991;0;16;36;0;1437;0;0;0;6917;0;0;0;7850;0;70101;572;0;0;9281;0;2740;320;110
2012;1087,00;8125;0;0;386;0;686;0;0;0;1012;0;157;0;6804;0;54478;0;45;0;6107;0;1445;130;29
2012;789,00;0;0;0;0;0;0;0;0;0;0;0;0;0;0;0;0;0;0;0;0;0;0;0;0
2012;326,00;0;0;0;0;0;0;0;0;0;0;0;0;0;0;0;0;0;0;0;0;0;0;0;0
2012;442,00;1054;0;0;0;0;1365;0;1081;0;2065;0;0;0;5058;0;5797;0;0;0;2443;0;672;6;18
2012;294,00;0;0;0;0;0;597;0;0;0;1752;0;0;0;7875;0;51839;0;0;0;7403;0;1188;25;0
2012;378,00;0;0;0;0;0;0;0;0;0;0;0;0;0;0;0;1060;0;0;0;360;0;0;0;0
2012;402,00;989;0;0;0;0;0;0;0;0;1378;0;0;0;1992;0;27299;0;0;0;638;0;135;4;0
2012;29,00;0;0;0;0;0;0;0;0;0;0;0;0;0;0;0;0;0;0;0;0;0;0;0;0
2012;450,00;391;0;0;0;0;0;0;0;0;0;0;0;0;0;0;4176;0;0;0;0;0;42;0;0
2012;656,00;7617;0;4;0;0;0;0;0;0;7264;0;0;0;0;0;87511;0;0;0;6246;0;1679;1274;0
2012;333,00;6985;0;0;0;0;0;0;0;0;974;0;0;0;5200;0;30688;0;0;0;5759;0;1218;107;25
2012;668,00;7311;0;0;0;0;0;0;0;0;2142;0;0;0;0;0;72328;0;0;0;4590;0;1180;95;0
2012;684,00;4558;0;0;0;0;0;0;0;0;6386;0;0;0;0;0;122844;0;0;0;6964;0;0;0;0
2012;422,00;18;0;0;54;0;0;0;0;0;231;0;0;0;2654;0;12091;0;0;0;3544;0;481;26;2
2012;763,00;21286;0;45;310;0;3586;0;5315;0;7506;0;0;0;15051;0;336491;30171;2758;0;43779;0;5244;697;507
2012;741,00;21715;0;36;799;0;3866;0;7334;0;6792;2029;0;0;8241;0;275746;57932;0;0;28781;0;2947;682;172
2012;553,00;17318;0;16;196;0;0;0;0;0;8273;0;0;0;6335;0;109016;9184;0;0;13838;0;3866;600;211
2012;357,00;3391;0;0;0;0;0;0;0;0;2052;0;0;0;0;0;9251;0;0;0;0;0;2300;1;94
2012;899,00;0;0;0;0;0;0;0;0;0;0;0;0;0;0;0;0;0;0;0;0;0;0;0;0
2012;900,00;151;0;0;0;0;0;0;0;0;74;0;0;0;0;0;402;0;0;0;463;0;27;0;0
2012;932,00;0;0;0;0;0;0;0;0;0;0;0;0;0;0;0;0;0;0;0;0;0;0;0;0
2012;950,00;382;0;0;0;0;780;0;0;0;1300;0;0;0;3284;0;7854;0;0;0;854;0;201;0;0
2012;966,00;1494;0;0;100;0;414;0;0;0;1099;0;0;0;1192;0;7689;0;0;0;685;0;56;2;4
2012;967,00;0;0;0;0;0;0;0;0;0;0;0;0;0;0;0;0;0;0;0;0;0;0;0;0
2012;982,00;5142;0;0;13;0;731;0;1366;0;2315;0;0;0;6729;0;26060;0;219;0;9863;0;244;25;27
2012;1014,00;0;0;0;0;0;0;0;0;0;1638;0;0;0;0;0;32292;0;0;0;3260;0;726;34;0
2012;1048,00;0;0;0;0;0;0;0;0;0;0;0;0;0;0;0;0;0;0;0;0;0;0;0;0
2012;1080,00;4680;0;1;0;0;1403;0;0;0;3218;0;0;0;5952;0;26389;0;0;0;3880;0;1363;48;42
2012;1074,00;0;0;0;0;0;49;0;0;0;99;0;0;0;310;0;1207;0;0;0;190;0;0;0;0
2012;722,00;18243;0;84;547;0;0;0;8132;0;3592;0;3228;0;5831;0;158711;27021;1109;0;21840;0;5638;516;438
2012;660,00;17309;0;52;514;0;0;0;0;0;3507;0;0;0;3572;0;119413;0;0;0;17075;0;2707;623;44
2012;75,00;0;0;0;0;0;0;0;0;0;0;0;0;0;0;0;0;0;0;0;0;0;0;0;0
2012;249,00;250;0;0;352;0;213;0;0;0;293;0;0;0;0;0;30316;0;0;0;2416;0;651;0;0
2012;275,00;0;0;0;0;0;0;0;0;0;0;0;0;0;0;0;1164;0;0;0;0;0;0;0;0
2012;227,00;0;0;0;0;0;3742;0;0;0;3650;0;0;0;7256;0;53971;0;0;0;5678;0;0;0;0
2012;150,00;0;0;0;0;0;0;0;0;0;70;0;0;0;0;0;8550;0;0;0;0;0;0;0;0
2012;47,00;0;0;0;0;0;0;0;0;0;0;0;0;0;0;0;0;0;0;0;0;0;0;0;0
2012;172,00;139;0;0;0;0;0;0;0;0;0;0;0;0;4313;0;12025;0;0;0;965;0;148;0;0
2012;581,00;3137;0;5;0;0;0;0;0;0;1405;0;0;0;0;0;60426;0;0;0;8203;0;808;50;0
2012;120,00;47;0;0;0;0;0;0;0;0;0;0;0;0;0;0;5600;0;0;0;0;0;0;0;0
2012;445,00;0;0;0;0;0;0;0;0;0;0;0;0;0;0;0;0;0;0;0;0;0;0;0;0
2012;471,00;0;0;0;0;0;0;0;0;0;0;0;0;0;0;0;18206;0;0;0;0;0;173;5;0
2012;53,00;0;0;0;0;0;0;0;0;0;0;0;0;0;0;0;0;0;0;0;0;0;0;0;0
2012;199,00;339;0;0;0;0;0;0;0;0;109;0;0;0;37;0;8175;0;0;0;0;0;264;0;0
2012;575,00;133;0;0;0;0;0;0;0;0;0;0;0;0;250;0;58384;0;0;0;4864;0;1140;142;0
2012;528,00;3386;0;3;0;0;0;0;0;0;980;0;0;0;0;0;30350;7681;0;0;2904;0;967;19;0
2012;631,00;9994;0;7;0;0;0;0;0;0;2447;0;0;0;0;0;108199;40511;0;0;5747;0;1967;354;0
2012;699,00;20256;0;0;0;0;0;0;0;0;4255;0;0;0;3978;0;83890;13385;0;0;14114;0;4944;336;151
2012;823,00;0;0;0;0;0;0;0;0;0;0;0;0;0;0;0;15231;0;0;0;0;0;0;0;0
2012;849,00;2779;0;0;0;0;0;0;0;0;3566;0;0;0;0;0;43643;0;0;0;3747;0;645;260;0
2012;869,00;848;0;0;0;0;495;0;0;0;660;0;0;0;0;0;92741;0;0;0;1703;0;377;0;0
2012;955,00;0;0;0;0;0;0;0;0;0;0;0;0;0;0;0;0;0;0;0;0;0;0;0;0
2012;983,00;0;0;0;0;0;0;0;0;0;0;0;0;0;0;0;0;0;0;0;0;0;0;0;0
2012;1002,00;0;0;0;0;0;0;0;0;0;0;0;0;0;0;0;0;0;0;0;0;0;0;0;0
2012;1015,00;20668;0;67;544;0;0;0;1739;0;2207;0;1437;0;6066;0;179114;0;164;0;14517;0;4137;467;288
2012;51,00;0;0;0;0;0;0;0;0;0;0;0;0;0;0;0;0;0;0;0;0;0;0;0;0
2012;441,00;711;0;0;0;0;0;0;0;0;0;0;0;0;0;0;4537;0;0;0;0;0;0;0;0
2012;327,00;0;0;0;0;0;0;0;0;0;0;0;0;0;0;0;0;0;0;0;0;0;0;0;0
2012;690,00;9510;0;11;401;0;3782;0;0;0;4353;0;2280;0;8392;0;39050;0;2202;0;15690;0;2481;285;72
2012;262,00;2267;0;0;0;0;1056;0;0;0;1064;0;0;0;4387;0;18324;0;0;0;3529;0;1557;33;17
2012;403,00;0;0;0;0;0;0;0;0;0;0;0;0;0;0;0;0;0;0;0;0;0;0;0;0
2012;312,00;0;0;0;0;0;0;0;0;0;0;0;0;0;0;0;0;0;0;0;0;0;0;0;0
2012;589,00;0;0;0;0;0;0;0;0;0;385;0;0;0;0;0;43904;0;0;0;3149;0;1146;49;0
2012;665,00;5998;0;6;0;0;0;0;0;0;944;0;0;0;0;0;68940;0;0;0;7403;0;1465;83;0
2012;334,00;0;0;0;0;0;0;0;0;0;0;0;0;0;0;0;0;0;0;0;0;0;0;0;0
2012;1075,00;47947;0;191;1572;0;0;0;5663;0;16751;0;0;0;14838;0;179987;0;0;0;33653;0;7394;416;642
2012;751,00;90980;0;39;285;0;963;0;4209;0;7777;0;0;0;7296;0;141744;16346;1340;0;20563;0;4692;713;420
2012;186,00;434;0;0;0;0;302;0;0;0;1359;0;0;0;2736;0;11756;0;0;0;1426;0;249;0;0
2012;646,00;2239;0;0;0;0;0;0;0;0;1089;0;0;0;0;0;33295;0;0;0;2557;0;372;0;0
2012;536,00;0;0;0;0;0;0;0;0;0;1147;0;0;0;0;0;28009;0;0;0;2293;0;651;0;0
2012;242,00;300;0;0;0;0;0;0;0;0;0;0;0;0;0;0;0;0;0;0;0;0;266;0;0
2012;490,00;0;0;0;0;0;0;0;0;0;17263;0;0;0;0;0;10071;0;0;0;0;0;237;0;0
2012;500,00;4626;0;0;0;0;1513;0;751;0;3071;0;193;0;10275;0;30680;0;42;0;5063;0;1584;45;20
2012;206,00;10990;0;0;0;0;1442;0;0;0;1193;0;0;0;9135;0;12627;0;0;0;1519;0;158;0;0
2012;58,00;0;0;0;0;0;0;0;0;0;0;0;0;0;0;0;0;0;0;0;0;0;0;0;0
2012;572,00;8468;0;27;0;0;0;0;0;0;3337;0;0;0;4717;0;100502;0;0;0;7909;0;2520;302;110
2012;180,00;0;0;0;0;0;0;0;0;0;7536;0;0;0;0;0;1513;0;0;0;0;0;0;0;0
2012;549,00;2182;0;6;0;0;0;0;0;0;1570;0;0;0;0;0;28697;0;0;0;2031;0;480;40;0
2012;582,00;2846;0;6;0;0;0;0;0;0;3755;0;0;0;0;0;35125;0;0;0;2577;0;481;1;23
2012;743,00;13035;0;61;0;0;0;0;0;0;4639;0;0;0;7134;0;121826;38543;0;0;14311;0;4307;198;162
2012;795,00;5773;0;0;0;0;0;0;0;0;15890;0;0;0;0;0;4775;0;0;0;0;0;0;0;0
2012;269,00;62;0;0;0;0;25;0;0;0;0;0;0;0;2945;0;26245;0;0;0;0;0;425;0;0
2012;634,00;4347;0;10;0;0;0;0;0;0;3293;0;0;0;7345;0;43838;0;0;0;5244;0;1541;60;159
2012;1,00;0;0;0;0;0;0;0;0;0;1708;0;0;0;0;0;127210;0;0;0;0;0;46;51;0
2012;717,00;4897;0;15;0;0;0;0;0;0;1506;0;0;0;4457;0;54060;0;0;0;7295;0;1438;101;0
2012;373,00;0;0;0;0;0;0;0;0;0;4758;0;0;0;0;0;3294;0;0;0;0;0;0;0;0
2012;535,00;6804;0;7;0;0;0;0;0;0;4978;0;0;0;4144;0;32958;13267;0;0;5062;0;1665;65;46
2012;824,00;25267;0;117;736;0;6736;0;5037;0;12352;0;0;0;14004;0;231819;57086;869;0;39178;0;5183;703;321
2012;888,00;2130;0;3;0;0;0;0;0;0;3415;0;0;0;0;0;33899;0;0;0;3337;0;589;35;0
2012;902,00;0;0;0;0;0;0;0;0;0;0;0;0;0;0;0;25;0;0;0;0;0;0;0;0
2012;968,00;0;0;0;0;0;0;0;0;0;0;0;0;0;0;0;0;0;0;0;0;0;0;0;0
2012;346,00;0;0;0;0;0;0;0;0;0;0;0;0;0;0;0;0;0;0;0;0;0;0;0;0
2012;27,00;0;0;0;0;0;0;0;0;0;0;0;0;0;0;0;0;0;0;0;0;0;0;0;0
2012;165,00;680;0;0;0;0;0;0;0;0;691;0;0;0;0;0;1616;0;0;0;1069;0;373;0;0
2012;956,00;12289;0;0;0;0;1482;0;0;0;3985;0;0;0;6895;0;124928;0;0;0;15356;0;3285;345;664
2012;413,00;0;0;0;0;0;0;0;0;0;0;0;0;0;0;0;0;0;0;0;0;0;0;0;0
2012;149,00;0;0;0;0;0;0;0;0;0;575;0;0;0;0;0;1478;0;0;0;0;0;0;0;0
2012;612,00;0;0;0;0;0;1447;0;0;0;4154;0;0;0;7490;0;23653;0;0;0;1983;0;1860;0;0
2012;559,00;878;0;0;0;0;0;0;0;0;533;0;0;0;1297;0;5651;0;0;0;503;0;208;0;0
2012;7,00;0;0;0;0;0;0;0;0;0;426;0;0;0;0;0;3201;0;0;0;312;0;0;0;0
2012;283,00;2424;0;0;691;0;1119;0;7286;0;4380;0;1323;0;11430;0;41548;0;0;0;8193;0;2793;77;28
2012;37,00;0;0;0;0;0;0;0;0;0;0;0;0;0;0;0;0;0;0;0;0;0;0;0;0
2012;153,00;2544;0;0;0;0;1479;0;0;0;4068;0;0;0;10698;0;56035;0;0;0;4488;0;826;54;0
2012;547,00;7711;0;8;0;0;0;0;0;0;1133;0;0;0;0;0;64806;0;0;0;5454;0;1723;1525;0
2012;397,00;0;0;0;0;0;0;0;0;0;0;0;0;0;0;0;684;0;0;0;0;0;0;0;0
2012;556,00;3786;0;10;0;0;0;0;0;0;1373;0;0;0;0;0;39260;0;0;0;3194;0;794;0;0
2012;42,00;0;0;0;0;0;0;0;0;0;0;0;0;0;0;0;0;0;0;0;0;0;0;0;0
2012;31,00;0;0;0;0;0;0;0;0;0;0;0;0;0;0;0;0;0;0;0;0;0;0;0;0
2012;740,00;17409;1260;23;4918;0;1757;0;5053;0;7763;9811;0;0;1281;0;117964;79131;1121;0;17819;0;5608;621;178
2012;217,00;1360;0;0;0;0;0;0;0;0;866;0;0;0;1531;0;21844;0;0;0;1393;0;550;21;9
2012;863,00;235;0;0;0;0;0;0;0;0;331;0;0;0;5464;0;9233;0;0;0;1087;0;113;0;0
2012;889,00;17909;0;24;3137;0;3295;0;4983;0;3992;0;1297;0;3733;0;134582;102439;1923;0;23957;0;3340;572;128
2012;984,00;992;0;0;0;0;297;0;0;0;999;0;0;0;3297;0;27519;0;0;0;2359;0;289;2;0
2012;34,00;0;0;0;0;0;0;0;0;0;0;0;0;0;0;0;0;0;0;0;0;0;0;0;0
2012;791,00;4939;0;0;0;0;2356;0;0;0;1205;0;0;0;8770;0;63581;0;0;0;9336;0;1098;0;91
2012;181,00;0;0;0;0;0;0;0;0;0;0;0;0;0;0;0;163;0;0;0;0;0;0;0;0
2012;430,00;0;0;0;0;0;0;0;0;0;0;0;0;0;0;0;9586;0;0;0;0;0;0;0;0
2012;715,00;14176;0;3;91;0;0;0;1889;0;5795;0;0;0;16547;0;120772;0;0;0;26840;0;3148;320;85
2012;521,00;293;0;0;0;0;0;0;8;0;10;0;0;0;1652;0;14259;0;0;0;390;0;116;0;0
2012;524,00;0;0;0;0;0;0;0;653;0;3526;0;0;0;4530;0;10859;0;0;0;2601;0;236;44;38
2012;432,00;0;0;0;0;0;0;0;0;0;0;0;0;0;0;0;5972;0;0;0;0;0;50;0;0
2012;19,00;0;0;0;0;0;0;0;0;0;0;0;0;0;0;0;0;0;0;0;0;0;0;0;0
2012;25,00;0;0;0;0;0;0;0;0;0;0;0;0;0;0;0;0;0;0;0;0;0;0;0;0
2012;26,00;0;0;0;0;0;0;0;0;0;0;0;0;0;0;0;0;0;0;0;0;0;0;0;0
2012;890,00;20816;0;47;275;0;0;0;0;0;3515;0;0;0;5719;0;92004;29768;0;0;18202;0;4444;402;208
2012;904,00;0;0;0;0;0;0;0;0;0;2132;0;0;0;1133;0;32303;0;0;0;5787;0;674;0;0
2012;957,00;27361;0;106;274;0;3267;0;0;0;12111;0;2967;0;24236;0;226450;51850;11689;0;40494;0;3347;1852;250
2012;939,00;18455;0;26;532;0;9892;0;9942;0;5449;0;0;0;7508;0;180827;0;2244;0;20560;0;5401;621;394
2012;236,00;0;0;0;0;0;0;0;0;0;0;0;0;0;0;0;0;0;0;0;0;0;0;0;0
2012;735,00;17133;0;10;3942;0;8799;0;6477;0;8969;1330;1530;0;7717;0;126890;67522;574;0;30421;0;4440;866;377
2012;146,00;0;0;0;0;0;0;0;0;0;0;0;0;0;0;0;1150;0;0;0;0;0;0;0;0
2012;363,00;1976;0;0;0;0;0;0;0;0;0;0;0;0;474;0;7116;0;0;0;0;0;1486;0;0
2012;187,00;1245;0;0;0;0;0;0;0;0;624;0;0;0;6327;0;15026;0;0;0;1581;0;517;6;8
2012;265,00;0;0;0;0;0;0;0;0;0;2280;0;0;0;1415;0;20919;0;0;0;1107;0;1046;0;0
2012;295,00;892;0;0;0;0;906;0;0;0;1216;0;0;0;6028;0;24254;0;0;0;2005;0;405;15;0
2012;496,00;2827;0;0;690;0;1582;0;0;0;1475;0;0;0;10422;0;58152;0;0;0;9636;0;874;46;0
2012;77,00;0;0;0;0;0;0;0;0;0;0;0;0;0;0;0;0;0;0;0;0;0;0;0;0
2012;391,00;401;0;0;0;0;0;0;0;0;0;0;0;0;0;0;2424;0;0;0;637;0;103;0;0
2012;240,00;1311;0;0;0;0;340;0;0;0;1080;0;0;0;6106;0;39173;0;0;0;3251;0;411;2;0
2012;448,00;0;0;0;0;0;0;0;0;0;473;0;0;0;0;0;2392;0;0;0;717;0;219;0;0
2012;151,00;0;0;0;0;0;0;0;0;0;0;0;0;0;0;0;89;0;0;0;0;0;0;0;0
2012;425,00;0;0;0;0;0;0;0;0;0;396;0;0;0;0;0;4307;0;0;0;579;0;129;0;0
2012;300,00;0;0;0;0;0;0;0;0;0;642;0;0;0;0;0;8345;0;0;0;1106;0;156;0;0
2012;339,00;3629;0;0;1561;0;647;0;913;0;1951;0;0;0;9045;0;23451;0;0;0;3921;0;1539;76;0
2012;826,00;0;0;0;0;0;0;0;0;0;0;0;0;0;0;0;0;0;0;0;0;0;0;0;0
2012;874,00;4746;0;4;0;0;0;0;0;0;762;0;0;0;0;0;30870;10999;0;0;3579;0;715;111;0
2012;905,00;33419;0;69;2731;0;5642;0;4984;0;3709;3181;0;0;12927;0;140698;54329;938;0;41895;0;4869;843;340
2012;736,00;31092;0;169;1788;0;0;0;0;0;8192;0;2361;0;14356;0;200875;0;62;0;27402;0;4434;897;26
2012;459,00;0;0;0;0;0;0;0;0;0;0;0;0;0;0;0;9768;0;0;0;0;0;0;0;0
2012;320,00;31;0;0;0;0;0;0;0;0;0;0;0;0;0;0;3547;0;0;0;0;0;0;0;0
2012;45,00;0;0;0;0;0;0;0;0;0;0;0;0;0;0;0;0;0;0;0;0;0;0;0;0
2012;292,00;0;0;0;0;0;0;0;0;0;0;0;0;0;0;0;0;0;0;0;0;0;0;0;0
2012;618,00;4784;0;0;0;0;0;0;0;0;2270;0;0;0;0;0;50308;3990;0;0;3766;0;1075;141;0
2012;463,00;8428;0;7;0;0;0;0;0;0;3976;0;0;0;4564;0;65753;29811;0;0;7965;0;2460;147;87
2012;891,00;3547;0;2;0;0;0;0;0;0;0;0;0;0;137;0;16468;0;0;0;664;0;752;73;0
2012;958,00;13200;0;3;0;0;644;0;0;0;3680;0;0;0;6518;0;75673;0;0;0;17157;0;1878;178;87
2012;244,00;0;0;0;0;0;0;0;0;0;0;0;0;0;0;0;0;0;0;0;0;0;260;0;0
2012;28,00;0;0;0;0;0;0;0;0;0;0;0;0;0;0;0;0;0;0;0;0;0;0;0;0
2012;444,00;4883;0;0;0;0;0;0;0;0;363;0;0;0;0;0;11343;0;0;0;313;0;1399;0;0
2012;479,00;608;0;0;0;0;0;0;0;0;0;0;0;0;0;0;2678;0;0;0;0;0;468;0;0
2012;285,00;4303;0;1;0;0;0;0;0;0;3173;0;0;0;5941;0;30496;0;0;0;5143;0;1082;74;0
2012;253,00;9142;0;3;38;0;2759;0;0;0;6395;0;0;0;12804;0;66311;0;0;0;7879;0;2514;78;0
2012;481,00;1710;0;0;0;0;1117;0;0;0;1599;0;0;0;4153;0;23564;0;0;0;2468;0;380;9;6
2012;540,00;7792;0;0;85;0;0;0;1793;0;4710;0;73;0;6396;0;29457;0;0;0;4993;0;0;0;0
2012;332,00;0;0;0;0;0;0;0;0;0;0;0;0;0;0;0;0;0;0;0;0;0;0;0;0
2012;41,00;0;0;0;0;0;0;0;0;0;0;0;0;0;0;0;0;0;0;0;0;0;0;0;0
2012;510,00;1568;0;0;0;0;520;0;0;0;902;0;0;0;2729;0;28543;0;0;0;1171;0;587;0;3
2012;305,00;0;0;0;0;0;0;0;0;0;1539;0;0;0;0;0;11054;0;0;0;0;0;0;0;0
2012;708,00;4609;0;3;0;0;0;0;0;0;7709;0;0;0;0;0;105546;0;0;0;10118;0;1499;292;146
2012;755,00;30977;0;134;2581;0;9906;0;8328;0;10407;3905;4603;0;14658;0;357661;99564;3447;0;59750;0;5562;1441;498
2012;750,00;18680;1881;76;2055;0;4284;0;7118;0;12011;0;0;0;9473;0;327290;61212;0;0;34029;0;4183;172;35
2012;696,00;11579;0;28;266;0;0;0;0;0;8469;0;0;0;8638;0;171332;74111;0;0;33536;0;4325;394;161
2012;434,00;2038;0;0;0;0;0;0;0;0;3134;0;0;0;0;0;19355;0;0;0;2288;0;533;22;0
2012;421,00;0;0;0;0;0;0;0;0;0;0;0;0;0;4232;0;21559;0;0;0;1850;0;0;0;0
2012;827,00;0;0;0;0;0;0;0;0;0;0;0;0;0;0;0;0;0;0;0;0;0;0;0;0
2012;933,00;9923;0;1;0;0;0;0;0;0;3647;0;0;0;3894;0;118928;0;0;0;9203;0;2892;336;151
2012;1030,00;7511;0;4;0;0;838;0;0;0;2167;0;0;0;4557;0;21113;0;0;0;2416;0;680;10;0
2012;1003,00;2574;0;0;0;0;0;0;0;0;3457;0;0;0;0;0;18434;0;0;0;1467;0;525;25;0
2012;1050,00;758;0;0;37;0;0;0;0;0;546;0;0;0;0;0;7724;0;0;0;702;0;246;8;0
2012;1043,00;3117;0;20;0;0;810;0;0;0;3820;0;0;0;2606;0;15262;0;0;0;1392;0;205;5;0
2012;934,00;9917;0;10;0;0;2189;0;0;0;5411;0;0;0;3154;0;53116;0;0;0;8524;0;1575;124;71
2012;629,00;12010;0;62;494;0;2081;0;3402;0;8785;0;0;0;9042;0;76142;0;758;0;15195;0;0;0;0
2012;21,00;0;0;0;0;0;0;0;0;0;0;0;0;0;0;0;0;0;0;0;0;0;0;0;0
2012;615,00;7280;0;18;0;0;1912;0;0;0;4665;0;0;0;7178;0;0;0;0;0;7301;0;0;0;0
2012;626,00;1658;0;0;0;0;656;0;0;0;867;0;0;0;0;0;7414;0;0;0;0;0;0;0;0
2012;417,00;0;0;0;0;0;0;0;0;0;0;0;0;0;0;0;8885;0;0;0;0;0;0;0;0
2012;597,00;0;0;0;0;0;563;0;0;0;2474;0;0;0;0;0;11051;0;0;0;1065;0;0;0;0
2012;539,00;13017;0;0;0;0;0;0;0;0;8166;0;293;0;0;0;22734;0;0;0;14840;0;0;0;0
2012;343,00;0;0;0;0;0;0;0;0;0;1498;0;0;0;0;0;19762;0;0;0;1820;0;0;0;0
2012;135,00;0;0;0;0;0;0;0;0;0;0;0;0;0;0;0;0;0;0;0;0;0;0;0;0
2012;158,00;0;0;0;0;0;0;0;0;0;0;0;0;0;0;0;1021;0;0;0;0;0;0;0;0
2012;775,00;9752;0;34;0;0;1400;0;0;0;6101;0;0;0;3388;0;59710;0;0;0;9117;0;0;0;0
2012;177,00;0;0;0;0;0;0;0;0;0;0;0;0;0;0;0;1435;0;0;0;0;0;0;0;0
2012;578,00;1829;0;0;0;0;0;0;0;0;1203;0;0;0;0;0;13054;0;0;0;0;0;0;0;0
2012;416,00;398;0;0;0;0;441;0;0;0;1053;0;0;0;2795;0;21937;0;0;0;0;0;0;0;0
2012;561,00;4626;0;8;0;0;0;0;0;0;3550;0;0;0;0;0;40796;0;0;0;3782;0;0;0;0
2012;828,00;0;0;0;0;0;0;0;0;0;0;0;0;0;0;0;0;0;0;0;0;0;0;0;0
2012;860,00;0;0;0;0;0;0;0;0;0;3575;0;0;0;0;0;24084;0;0;0;1558;0;0;0;0
2012;935,00;0;0;0;0;0;0;0;0;0;0;0;0;0;0;0;0;0;0;0;0;0;0;0;0
2012;936,00;0;0;0;0;0;0;0;0;0;0;0;0;0;0;0;0;0;0;0;0;0;0;0;0
2012;986,00;0;0;0;0;0;0;0;0;0;0;0;0;0;0;0;0;0;0;0;0;0;0;0;0
2012;987,00;3625;0;2;0;0;0;0;0;0;5146;0;0;0;0;0;54986;0;0;0;6302;0;0;0;0
2012;1021,00;0;0;0;0;0;0;0;0;0;0;0;0;0;0;0;0;0;0;0;0;0;0;0;0
2012;1085,00;0;0;0;0;0;0;0;0;0;0;0;0;0;0;0;0;0;0;0;0;0;0;0;0
2012;658,00;5834;0;4;0;0;0;0;0;0;2264;0;0;0;3837;0;54463;0;0;0;5182;0;1351;85;0
2012;353,00;0;0;0;0;0;0;0;0;0;20799;0;0;0;0;0;15504;0;0;0;0;0;0;0;0
2012;323,00;0;0;0;0;0;0;0;0;0;0;0;0;0;0;0;0;0;0;0;0;0;0;0;0
2012;620,00;5486;0;0;0;0;0;0;0;0;2066;0;0;0;0;0;29729;0;0;0;3238;0;1155;46;0
2012;384,00;0;0;0;0;0;0;0;0;0;0;0;0;0;2094;0;11300;0;0;0;0;0;0;31;0
2012;484,00;2234;0;4;0;0;0;0;0;0;2744;0;0;0;0;0;9582;0;0;0;897;0;0;0;0
2012;554,00;7980;0;1;0;0;2480;0;0;0;3104;0;0;0;7864;0;116942;0;0;0;13784;0;1979;334;99
2012;209,00;934;0;0;0;0;150;0;0;0;973;0;0;0;1774;0;25381;0;0;0;1185;0;615;0;0
2012;707,00;28400;0;23;2629;0;0;0;0;0;32744;0;0;0;12585;0;159729;35062;0;0;25643;1637;3420;595;215
2012;395,00;9;0;0;0;0;0;0;0;0;0;0;0;0;0;0;6954;0;0;0;0;0;0;0;0
2012;969,00;4343;0;0;0;0;2176;0;1461;0;957;0;0;0;3286;0;21224;0;0;0;2014;0;837;0;0
2012;1052,00;0;0;0;0;0;0;0;0;0;0;0;0;0;0;0;0;0;0;0;0;0;0;0;0
2012;739,00;27929;0;79;5403;0;8627;0;5031;0;10419;0;715;0;35282;0;202867;49999;585;0;41512;0;3436;1114;215
2012;613,00;22021;0;65;2033;0;0;3378;2869;0;8594;0;0;0;5661;0;129949;37763;1241;0;20907;0;2577;448;158
2012;593,00;16076;0;12;0;0;0;3704;0;0;3344;0;0;0;7215;0;81962;34096;0;0;12029;0;4293;297;114
2012;704,00;30056;0;62;1032;0;0;0;4160;0;6593;0;0;0;18391;0;130357;25152;0;0;23556;0;3434;1942;296
2012;493,00;0;0;0;0;0;14282;0;0;0;0;0;0;0;0;0;7480;0;0;0;1520;0;0;0;0
2012;686,00;22275;0;58;1309;0;6143;0;1307;0;4649;0;857;0;12892;0;188782;0;0;0;22870;0;3160;1061;201
2012;257,00;7445;0;0;199;0;2414;0;1656;0;5477;0;596;0;10968;0;75746;0;0;0;4654;0;902;0;7
2012;494,00;168;0;12;0;0;0;0;0;0;42;0;0;0;0;0;10547;0;0;0;6;0;175;0;0
2012;681,00;24838;0;2;2;0;3120;0;1906;0;10331;0;558;0;3697;0;10007;0;3;0;22432;0;1303;138;0
2012;286,00;12407;0;0;0;0;1471;0;0;0;8699;0;0;0;6140;0;33479;0;0;0;3912;0;0;0;0
2012;255,00;5536;0;0;0;0;3201;0;0;0;4423;0;0;0;14420;0;117983;0;0;0;6218;0;3429;157;0
2012;79,00;0;0;0;0;0;0;0;0;0;0;0;0;0;0;0;0;0;0;0;0;0;0;0;0
2012;81,00;0;0;0;0;0;0;0;0;0;0;0;0;0;0;0;0;0;0;0;0;0;0;0;0
2012;688,00;10489;0;13;0;0;0;0;0;0;4457;0;0;0;5333;0;87953;0;0;0;9639;0;1734;168;88
2012;531,00;13114;0;11;0;0;0;3818;0;0;4317;0;0;0;7258;0;67589;30801;0;0;8325;0;1601;1528;90
2012;514,00;0;0;0;0;0;0;424;0;0;874;0;0;0;0;0;28663;0;0;0;1938;0;0;0;0
2012;499,00;95;0;0;0;0;0;0;0;0;0;0;0;0;7414;0;21090;0;0;0;3636;0;0;0;0
2012;532,00;12615;0;8;0;0;1812;0;0;0;1805;171;0;0;7472;0;47262;21842;0;0;7865;0;2026;237;70
2012;190,00;0;0;0;0;0;0;0;0;0;0;0;0;0;0;0;5850;0;0;0;0;0;0;0;0
2012;598,00;3217;0;0;0;0;0;0;0;0;2242;0;0;0;0;0;39901;0;0;0;4143;0;591;27;0
2012;260,00;15408;0;0;188;0;2614;0;187;0;7970;0;1676;0;12209;0;168541;0;48;0;7468;0;1504;0;12
2012;838,00;1358;0;0;0;0;0;0;0;0;1346;0;0;0;810;0;23760;0;0;0;1386;0;310;0;0
2012;839,00;261;0;0;0;0;267;0;0;0;1371;0;0;0;960;0;12710;0;0;0;519;0;211;0;0
2012;851,00;0;0;0;0;0;0;0;0;0;0;0;0;0;0;0;0;0;0;0;0;0;0;0;0
2012;852,00;22569;0;12;0;0;3363;0;3119;0;3177;0;231;0;15123;0;93784;62522;669;0;23594;0;3182;254;178
2012;988,00;0;0;0;0;0;0;0;0;0;0;0;0;0;0;0;1788;0;0;0;0;0;0;0;0
2012;1056,00;14476;0;13;1491;0;6622;0;0;0;5813;0;0;0;11522;0;119891;31755;0;0;16031;0;1766;142;0
2012;1044,00;0;0;0;0;0;0;0;0;0;0;0;0;0;0;0;0;0;0;0;0;0;0;0;0
2012;644,00;16265;0;29;2309;0;4218;0;0;0;3666;0;0;0;8775;0;109937;41279;0;0;14746;0;3975;438;1076
2012;752,00;14098;0;22;0;0;0;0;5972;0;3253;283;0;0;11437;0;131686;41215;525;0;17428;0;3907;1014;0
2012;238,00;0;0;0;0;0;0;0;0;0;0;0;0;0;0;0;0;0;0;0;0;0;0;0;0
2012;325,00;0;0;0;0;0;0;0;0;0;0;0;0;0;0;0;0;0;0;0;0;0;0;0;0
2012;622,00;3860;0;1;0;0;0;0;0;0;781;0;0;0;0;0;37711;0;0;0;5584;0;1083;0;0
2012;879,00;1211;0;0;0;0;0;0;0;0;0;0;0;0;1;0;3907;0;0;0;129;0;0;0;0
2012;906,00;1520;0;0;0;0;0;0;0;0;6;0;0;0;309;0;23226;0;0;0;1569;0;705;0;0
2012;370,00;0;0;0;0;0;0;0;0;0;0;0;0;0;0;0;9545;0;0;0;0;0;0;0;0
2012;418,00;0;0;0;0;0;0;0;0;0;0;0;0;0;3351;0;14946;0;0;0;0;0;0;0;0
2012;574,00;0;0;0;0;0;0;0;0;0;0;0;0;0;2917;0;11021;0;0;0;0;0;0;0;0
2012;399,00;0;0;0;0;0;0;0;0;0;0;0;0;0;0;0;3026;0;0;0;0;0;0;0;0
2012;195,00;0;0;0;0;0;0;0;0;0;0;0;0;0;0;0;6052;0;0;0;0;0;0;0;0
2012;783,00;24582;0;38;1238;0;0;2969;3141;0;14859;0;0;0;7737;0;136387;113726;529;0;29333;7018;0;0;0
2012;263,00;0;0;0;0;0;0;0;0;0;0;0;0;0;0;0;28909;0;0;0;0;0;0;0;0
2012;194,00;0;0;0;0;0;0;0;0;0;3058;0;0;0;0;0;19950;0;0;0;0;0;0;0;0
2012;214,00;0;0;0;0;0;0;0;0;0;0;0;0;0;0;0;0;0;0;0;0;0;;;
2012;785,00;26114;0;84;3187;0;7571;0;8759;0;7559;19674;1588;0;10182;0;155438;96143;1590;0;41690;0;0;0;0
2012;780,00;7878;0;12;0;0;0;0;0;0;1504;6817;0;0;0;0;40434;48166;0;0;7526;0;0;0;0
2012;782,00;13023;0;15;185;0;0;0;0;0;3845;0;0;0;0;0;91696;87798;0;0;13427;0;0;0;0
2012;369,00;0;0;0;0;0;0;0;0;0;0;0;0;0;0;0;4478;0;0;0;0;0;0;0;0
2012;84,00;0;0;0;0;0;0;0;0;0;0;0;0;0;0;0;0;0;0;0;0;0;0;0;0
2012;713,00;0;0;0;0;0;0;0;0;0;306;0;0;0;4490;0;37797;0;0;0;6437;0;0;0;0
2012;941,00;0;0;0;0;0;0;0;0;0;0;0;0;0;0;0;0;0;0;0;0;0;0;0;0
2012;1091,00;0;0;0;0;0;0;0;0;0;0;0;0;0;0;0;0;0;0;0;0;0;0;0;0
2012;1045,00;1194;0;2;32;0;303;0;235;0;1117;0;66;0;3622;0;13862;0;0;0;1185;0;0;0;0
2012;1086,00;0;0;0;0;0;1119;0;0;0;1823;0;1512;0;8423;0;48789;0;0;0;13263;0;0;0;0
2012;937,00;15867;0;11;0;0;2554;0;0;0;5382;0;0;0;4723;0;94253;0;0;0;15409;0;6828;250;0
2012;1004,00;0;0;0;0;0;0;0;0;0;0;0;0;0;0;0;0;0;0;0;0;0;454;5;0
2012;737,00;18238;0;46;316;0;0;0;5331;0;5601;4701;0;0;4818;0;112579;32208;691;0;16155;0;4330;621;365
2012;765,00;34008;0;99;315;0;6879;0;7977;0;7953;6143;0;0;16229;0;224580;80641;471;0;33744;0;6993;908;301
2012;329,00;6822;0;0;0;0;0;0;0;0;0;0;0;0;3293;0;56590;35436;0;0;6403;0;2203;225;87
2012;87,00;0;0;0;0;0;0;0;0;0;0;0;0;0;0;0;0;0;0;0;0;0;0;0;0
2012;527,00;4595;0;0;0;0;0;0;0;0;6886;0;0;0;0;0;19426;0;0;0;3852;0;0;0;0
2012;562,00;404;0;0;0;0;0;0;0;0;0;0;0;0;4968;0;51169;0;0;0;1975;0;0;0;0
2012;251,00;0;0;0;0;0;1383;0;0;0;731;0;0;0;4227;0;21965;0;0;0;2644;0;0;0;0
2012;129,00;0;0;0;0;0;0;0;0;0;0;0;0;0;0;0;0;0;0;0;0;0;0;0;0
2012;154,00;0;0;0;0;0;0;0;0;0;0;0;0;0;0;0;634;0;0;0;0;0;0;0;0
2012;516,00;0;0;0;0;0;742;0;0;0;1108;0;1176;0;8147;0;66435;0;0;0;3893;0;0;0;0
2012;184,00;0;0;0;0;0;0;0;0;0;0;0;0;0;793;0;4815;0;0;0;0;0;353;0;0
2012;652,00;1524;0;0;0;0;1207;0;0;0;3712;0;0;0;0;0;29929;0;0;0;3375;0;674;35;21
2012;637,00;5091;0;10;0;0;0;0;0;0;1226;0;0;0;0;0;23997;0;0;0;2786;0;0;0;0
2012;88,00;0;0;0;0;0;0;0;0;0;0;0;0;0;0;0;0;0;0;0;0;0;0;0;0
2012;907,00;0;0;0;0;0;0;0;0;0;0;0;0;0;0;0;0;0;0;0;0;0;0;0;0
2012;970,00;0;0;0;0;0;0;0;0;0;0;0;0;0;0;0;0;0;0;0;0;0;0;0;0
2012;1019,00;0;0;0;0;0;0;0;0;0;880;0;0;0;722;0;9206;0;0;0;395;0;146;0;0
2012;1016,00;0;0;0;6;0;0;0;0;0;340;0;0;0;4447;0;23696;0;0;0;939;0;191;0;2
2012;1047,00;3458;0;0;0;0;1002;0;0;0;887;0;0;0;2817;0;46656;0;0;0;5385;0;357;90;0
2012;635,00;3395;0;0;0;0;171;0;0;0;379;0;0;0;0;0;40016;0;0;0;6439;0;332;68;0
