"año";"NCODI";"partoVaginal";"cesareas";"rNacVivos";"vivos_menor2500";"exitusMaternal"
2012;113,00;0;0;0;0;0
2012;619,00;0;0;0;0;0
2012;163,00;0;0;0;0;0
2012;131,00;0;0;0;0;0
2012;375,00;0;0;0;0;0
2012;1090,00;2473;360;2959;253;0
2012;764,00;1754;518;2319;243;0
2012;14,00;331;209;550;0;0
2012;657,00;276;133;410;4;0
2012;362,00;37;14;51;0;0
2012;989,00;310;83;396;59;0
2012;990,00;386;109;503;16;0
2012;680,00;1853;575;2480;253;0
2012;411,00;313;247;536;24;0
2012;241,00;288;452;737;43;0
2012;558,00;707;328;1045;58;0
2012;167,00;10;10;20;0;0
2012;248,00;0;0;0;0;0
2012;224,00;126;61;185;3;0
2012;591,00;1173;351;1564;174;0
2012;586,00;1097;319;1426;120;0
2012;453,00;0;0;0;0;0
2012;145,00;0;0;0;0;0
2012;511,00;766;345;1133;75;0
2012;530,00;1136;274;1431;65;0
2012;6,00;235;328;563;55;0
2012;161,00;0;0;0;0;0
2012;623,00;845;301;1172;93;0
2012;489,00;11;5;16;0;0
2012;875,00;0;0;0;0;0
2012;940,00;0;0;0;0;0
2012;946,00;219;90;309;11;0
2012;1023,00;961;247;1247;66;0
2012;1054,00;884;351;1254;82;0
2012;1057,00;0;0;0;0;0
2012;1031,00;0;0;0;0;0
2012;1032,00;1199;295;1519;96;0
2012;1064,00;120;69;189;15;0
2012;226,00;279;214;479;14;0
2012;687,00;937;229;1178;68;1
2012;745,00;2534;675;3314;299;0
2012;109,00;219;155;376;1;0
2012;808,00;2110;488;2621;168;0
2012;971,00;0;0;0;0;0
2012;128,00;0;0;0;0;0
2012;919,00;813;241;1049;54;0
2012;725,00;2041;606;2689;187;0
2012;3,00;0;0;0;0;0
2012;386,00;0;0;0;0;0
2012;306,00;0;0;0;0;0
2012;15,00;0;0;0;0;0
2012;264,00;293;156;448;0;0
2012;867,00;0;0;0;0;0
2012;910,00;354;263;638;25;0
2012;1053,00;830;334;1165;68;0
2012;1055,00;1116;398;1536;111;0
2012;529,00;0;0;0;0;0
2012;345,00;0;0;0;0;0
2012;515,00;0;0;0;0;0
2012;174,00;0;0;0;0;0
2012;523,00;0;0;0;0;0
2012;697,00;641;325;963;49;0
2012;239,00;0;0;0;0;0
2012;287,00;562;236;798;73;0
2012;377,00;0;0;0;0;0
2012;692,00;939;243;1200;37;0
2012;335,00;0;0;0;0;0
2012;435,00;75;55;134;0;0
2012;423,00;54;53;107;0;0
2012;351,00;0;0;0;0;0
2012;830,00;846;178;1047;0;0
2012;892,00;1712;397;2154;159;0
2012;921,00;463;360;812;50;0
2012;991,00;73;20;93;0;0
2012;992,00;757;136;900;30;1
2012;993,00;530;156;698;35;1
2012;1071,00;1387;542;1990;296;0
2012;473,00;2392;925;3423;489;0
2012;663,00;1208;379;1605;122;1
2012;552,00;0;0;0;0;0
2012;772,00;0;0;0;0;0
2012;568,00;0;0;0;0;0
2012;398,00;0;0;0;0;0
2012;394,00;0;0;0;0;0
2012;614,00;0;0;0;0;0
2012;235,00;0;0;0;0;0
2012;616,00;0;0;0;0;0
2012;267,00;1468;1142;2784;122;0
2012;565,00;0;0;0;0;0
2012;220,00;351;275;631;28;0
2012;278,00;1124;688;1844;130;0
2012;107,00;0;0;0;0;0
2012;141,00;0;0;0;0;0
2012;711,00;1275;372;1680;160;0
2012;204,00;0;0;0;0;0
2012;579,00;0;0;0;0;0
2012;348,00;0;0;0;0;0
2012;766,00;0;0;0;0;0
2012;761,00;0;0;0;0;0
2012;728,00;15;12;27;0;0
2012;280,00;1523;1152;2757;218;0
2012;222,00;0;0;0;0;0
2012;276,00;2291;1210;3601;148;0
2012;11,00;280;181;486;14;0
2012;302,00;140;76;220;6;0
2012;682,00;0;0;0;0;0
2012;279,00;1760;813;2667;241;1
2012;282,00;1374;838;2274;161;0
2012;281,00;647;521;1205;16;0
2012;183,00;0;0;0;0;0
2012;610,00;0;0;0;0;0
2012;116,00;0;0;0;0;0
2012;115,00;0;0;0;0;0
2012;114,00;0;0;0;0;0
2012;126,00;0;0;0;0;0
2012;119,00;0;0;0;0;0
2012;770,00;1153;422;1590;150;0
2012;583,00;0;0;0;0;0
2012;136,00;0;0;0;0;0
2012;469,00;143;68;209;7;0
2012;642,00;757;256;1026;44;0
2012;674,00;2328;812;3241;429;0
2012;193,00;0;0;0;0;0
2012;526,00;1415;424;1863;132;0
2012;698,00;0;0;0;0;0
2012;630,00;1401;306;1705;89;0
2012;124,00;0;0;0;0;0
2012;364,00;0;0;0;0;0
2012;604,00;1541;613;2243;158;0
2012;123,00;0;0;0;0;0
2012;310,00;0;0;0;0;0
2012;571,00;593;169;772;42;0
2012;296,00;0;0;0;0;0
2012;566,00;660;166;824;0;0
2012;784,00;2074;485;2596;252;1
2012;102,00;0;0;0;0;0
2012;379,00;0;0;0;0;0
2012;639,00;1269;303;1586;72;0
2012;457,00;0;0;0;0;0
2012;609,00;1855;1004;2899;197;0
2012;101,00;0;0;0;0;0
2012;454,00;612;167;776;29;0
2012;318,00;0;0;0;0;0
2012;600,00;937;232;1167;28;0
2012;545,00;1254;183;1457;125;0
2012;100,00;0;0;0;0;0
2012;702,00;1405;396;1811;152;0
2012;778,00;1136;301;1452;82;0
2012;341,00;0;0;0;0;0
2012;99,00;0;0;0;0;0
2012;767,00;0;0;0;0;0
2012;359,00;0;0;0;0;0
2012;98,00;0;0;0;0;0
2012;132,00;0;0;0;0;0
2012;97,00;0;0;0;0;0
2012;103,00;0;0;0;0;0
2012;110,00;0;0;0;0;0
2012;94,00;0;0;0;0;0
2012;91,00;0;0;0;0;0
2012;664,00;1080;318;1417;103;0
2012;918,00;2338;766;3194;465;0
2012;92,00;0;0;0;0;0
2012;95,00;0;0;0;0;0
2012;96,00;0;0;0;0;0
2012;301,00;0;0;0;0;0
2012;492,00;544;121;663;18;0
2012;811,00;72;31;103;7;0
2012;812,00;0;0;0;0;0
2012;832,00;0;0;0;0;0
2012;841,00;0;0;0;0;0
2012;856,00;0;0;0;0;0
2012;859,00;0;0;0;0;0
2012;861,00;0;0;0;0;0
2012;880,00;0;0;0;0;0
2012;883,00;0;0;0;0;0
2012;884,00;0;0;0;0;0
2012;877,00;0;0;0;0;0
2012;911,00;0;0;0;0;0
2012;913,00;0;0;0;0;0
2012;922,00;0;0;0;0;0
2012;923,00;0;0;0;0;0
2012;924,00;0;0;0;0;0
2012;947,00;0;0;0;0;0
2012;951,00;0;0;0;0;0
2012;972,00;0;0;0;0;0
2012;973,00;0;0;0;0;0
2012;974,00;0;0;0;0;0
2012;975,00;0;0;0;0;0
2012;960,00;0;0;0;0;0
2012;1027,00;0;0;0;0;0
2012;1028,00;0;0;0;0;0
2012;976,00;0;0;0;0;0
2012;977,00;0;0;0;0;0
2012;1020,00;0;0;0;0;0
2012;994,00;910;164;1080;68;0
2012;995,00;0;0;0;0;0
2012;1060,00;0;0;0;0;0
2012;1005,00;0;0;0;0;0
2012;1061,00;0;0;0;0;0
2012;1006,00;0;0;0;0;0
2012;1088,00;0;0;0;0;0
2012;1089,00;0;0;0;0;0
2012;1076,00;0;0;0;0;0
2012;1078,00;0;0;0;0;0
2012;1033,00;0;0;0;0;0
2012;1036,00;0;0;0;0;0
2012;1037,00;0;0;0;0;0
2012;1039,00;0;0;0;0;0
2012;1067,00;0;0;0;0;0
2012;1065,00;0;0;0;0;0
2012;1066,00;148;105;253;9;0
2012;207,00;28;28;56;0;0
2012;431,00;0;0;0;0;0
2012;387,00;299;94;394;20;0
2012;179,00;0;0;0;0;0
2012;606,00;208;113;325;14;0
2012;925,00;1775;404;2234;211;0
2012;541,00;201;85;290;20;0
2012;797,00;270;136;411;3;0
2012;627,00;520;269;805;0;0
2012;173,00;0;0;0;0;0
2012;636,00;1130;452;1612;137;0
2012;205,00;0;0;0;0;0
2012;814,00;0;0;0;0;0
2012;881,00;0;0;0;0;0
2012;771,00;1402;700;2164;276;0
2012;533,00;12;40;52;0;0
2012;447,00;248;118;366;9;0
2012;815,00;0;0;0;0;0
2012;801,00;2362;695;3049;233;0
2012;800,00;0;0;0;0;0
2012;389,00;444;312;754;17;0
2012;759,00;0;0;0;0;0
2012;695,00;1554;523;1949;152;0
2012;816,00;110;139;249;17;0
2012;833,00;205;205;410;13;0
2012;870,00;246;157;403;20;0
2012;927,00;48;40;88;0;0
2012;961,00;1979;637;2642;146;0
2012;962,00;0;0;0;0;0
2012;1079,00;22;5;27;4;0
2012;666,00;1265;669;1949;211;0
2012;392,00;0;0;0;0;0
2012;790,00;0;0;0;0;0
2012;650,00;473;161;637;25;0
2012;876,00;1481;289;1795;63;0
2012;944,00;0;0;0;0;0
2012;952,00;696;417;1113;63;0
2012;54,00;0;0;0;0;0
2012;367,00;0;0;0;0;0
2012;538,00;925;322;1263;54;0
2012;557,00;318;109;439;18;0
2012;653,00;293;294;600;55;0
2012;647,00;418;144;559;9;0
2012;978,00;1517;522;2076;179;0
2012;996,00;485;127;486;23;0
2012;729,00;3066;756;3879;364;0
2012;182,00;881;592;1491;58;0
2012;633,00;0;0;0;0;0
2012;685,00;887;348;1236;86;0
2012;683,00;344;144;492;22;0
2012;945,00;426;96;524;16;0
2012;953,00;0;0;0;0;0
2012;1022,00;0;0;0;0;0
2012;1049,00;0;0;0;0;0
2012;794,00;2219;679;2934;217;0
2012;415,00;0;0;0;0;0
2012;592,00;212;172;394;0;0
2012;497,00;0;0;0;0;0
2012;726,00;922;245;1178;65;0
2012;272,00;0;0;0;0;0
2012;805,00;2147;548;2761;247;0
2012;5,00;0;0;0;0;0
2012;234,00;270;134;394;10;0
2012;64,00;0;0;0;0;0
2012;842,00;279;113;392;8;0
2012;843,00;154;37;191;25;0
2012;1025,00;687;539;1224;62;0
2012;803,00;798;168;975;64;0
2012;211,00;0;0;0;0;0
2012;773,00;1130;304;1494;241;0
2012;424,00;791;103;894;72;0
2012;298,00;647;298;965;42;0
2012;594,00;0;0;0;0;0
2012;237,00;0;0;0;0;0
2012;16,00;0;0;0;0;0
2012;768,00;138;25;161;5;0
2012;617,00;883;189;1080;58;0
2012;297,00;258;84;342;14;0
2012;544,00;329;75;409;16;0
2012;804,00;813;162;979;73;0
2012;470,00;113;19;133;7;0
2012;104,00;0;0;0;0;0
2012;20,00;0;0;0;0;0
2012;550,00;0;0;0;0;0
2012;112,00;0;0;0;0;0
2012;818,00;0;0;0;0;0
2012;914,00;0;0;0;0;0
2012;928,00;0;0;0;0;0
2012;964,00;1026;169;1205;45;0
2012;1026,00;0;0;0;0;0
2012;1068,00;0;0;0;0;0
2012;738,00;2031;646;2732;221;0
2012;404,00;0;0;0;0;0
2012;274,00;307;250;557;13;0
2012;270,00;207;121;227;9;0
2012;676,00;457;115;577;41;0
2012;709,00;985;221;1225;86;0
2012;754,00;2857;776;3694;311;0
2012;997,00;277;68;348;10;0
2012;734,00;1630;393;2054;97;0
2012;299,00;0;0;0;0;0
2012;645,00;0;0;0;0;0
2012;17,00;0;0;0;0;0
2012;1046,00;0;0;0;0;0
2012;420,00;0;0;0;0;0
2012;802,00;0;0;0;0;0
2012;266,00;548;158;706;25;0
2012;580,00;103;26;131;9;0
2012;137,00;84;82;176;14;0
2012;769,00;0;0;0;0;0
2012;776,00;0;0;0;0;0
2012;640,00;432;116;550;12;0
2012;315,00;0;0;0;0;0
2012;40,00;0;0;0;0;0
2012;508,00;0;0;0;0;0
2012;46,00;0;0;0;0;0
2012;590,00;767;120;900;30;5
2012;777,00;499;61;561;11;0
2012;897,00;3546;594;4257;385;0
2012;965,00;0;0;0;0;0
2012;671,00;1182;356;1549;64;0
2012;461,00;42;1;43;0;0
2012;376,00;72;16;89;8;0
2012;621,00;423;125;552;28;0
2012;793,00;1875;718;2643;298;0
2012;324,00;0;0;0;0;0
2012;712,00;478;207;703;58;0
2012;32,00;0;0;0;0;0
2012;361,00;0;0;0;0;0
2012;486,00;56;28;84;0;0
2012;595,00;549;122;683;33;0
2012;433,00;97;34;131;5;0
2012;1058,00;0;0;0;0;0
2012;261,00;113;60;173;0;0
2012;730,00;890;300;1179;83;0
2012;577,00;980;192;1269;69;0
2012;788,00;1920;507;2471;262;0
2012;865,00;451;102;559;33;0
2012;979,00;0;0;0;0;0
2012;998,00;0;0;0;0;0
2012;221,00;0;0;0;0;0
2012;462,00;0;0;0;0;0
2012;506,00;118;49;161;5;0
2012;727,00;552;166;728;55;0
2012;355,00;0;0;0;0;0
2012;487,00;0;0;0;0;0
2012;938,00;1782;466;2291;206;0
2012;886,00;0;0;0;0;0
2012;835,00;76;48;124;6;0
2012;999,00;0;0;0;0;0
2012;798,00;2227;659;2934;289;0
2012;504,00;0;0;0;0;0
2012;247,00;0;0;0;0;0
2012;216,00;164;147;313;16;0
2012;654,00;228;139;367;10;0
2012;65,00;0;0;0;0;0
2012;472,00;106;34;141;5;0
2012;427,00;0;0;0;0;0
2012;491,00;83;51;135;0;0
2012;551,00;54;50;103;3;0
2012;106,00;0;0;0;0;0
2012;819,00;0;0;0;0;0
2012;836,00;0;0;0;0;0
2012;915,00;0;0;0;0;0
2012;942,00;0;0;0;0;0
2012;748,00;1869;508;2363;106;0
2012;198,00;0;0;0;0;0
2012;871,00;470;140;618;31;0
2012;948,00;102;106;208;3;0
2012;1051,00;0;0;0;0;0
2012;1083,00;0;0;0;0;0
2012;679,00;1054;405;1493;146;0
2012;176,00;0;0;0;0;0
2012;537,00;0;0;0;0;0
2012;608,00;328;95;426;27;0
2012;596,00;170;36;203;12;0
2012;749,00;0;0;0;0;0
2012;758,00;3378;1111;4631;448;1
2012;724,00;1433;514;2003;87;0
2012;436,00;0;0;0;0;0
2012;567,00;0;0;0;0;0
2012;677,00;0;0;0;0;0
2012;670,00;0;0;0;0;0
2012;588,00;0;0;0;0;0
2012;446,00;0;0;0;0;0
2012;753,00;4321;972;5452;624;0
2012;887,00;0;0;0;0;0
2012;585,00;0;0;0;0;0
2012;245,00;1747;675;2438;220;0
2012;603,00;0;0;0;0;0
2012;426,00;0;0;0;0;0
2012;232,00;1823;971;2864;208;0
2012;288,00;0;0;0;0;0
2012;246,00;1127;867;2024;0;0
2012;284,00;282;315;606;23;0
2012;18,00;0;0;0;0;0
2012;356,00;0;0;0;0;0
2012;401,00;0;0;0;0;0
2012;733,00;1754;444;2235;161;0
2012;243,00;0;0;0;0;0
2012;380,00;0;0;0;0;0
2012;716,00;0;0;0;0;0
2012;534,00;0;0;0;0;0
2012;185,00;0;0;0;0;0
2012;258,00;0;0;0;0;0
2012;505,00;0;0;0;0;0
2012;268,00;0;0;0;0;0
2012;602,00;677;512;1230;73;0
2012;254,00;1100;624;1745;71;0
2012;705,00;778;261;1071;32;0
2012;133,00;970;638;1629;54;0
2012;33,00;0;0;0;0;0
2012;143,00;0;0;0;0;0
2012;36,00;0;0;0;0;0
2012;756,00;358;160;517;15;0
2012;662,00;1394;433;1854;111;0
2012;192,00;0;0;0;0;0
2012;382,00;0;0;0;0;0
2012;322,00;0;0;0;0;0
2012;478,00;0;0;0;0;0
2012;352,00;0;0;0;0;0
2012;628,00;1194;362;1585;116;0
2012;291,00;0;0;0;0;0
2012;495,00;0;0;0;0;0
2012;845,00;1078;325;1422;126;0
2012;498,00;206;121;330;27;0
2012;314,00;0;0;0;0;0
2012;720,00;0;0;0;0;0
2012;721,00;1453;407;1923;172;0
2012;485,00;0;0;0;0;0
2012;273,00;86;46;133;3;0
2012;846,00;1564;389;1972;121;0
2012;847,00;0;0;0;0;0
2012;848,00;1821;962;2856;139;0
2012;864,00;0;0;0;0;0
2012;916,00;0;0;0;0;0
2012;930,00;628;252;886;41;0
2012;954,00;1815;410;2278;132;0
2012;943,00;780;366;1160;28;0
2012;949,00;4562;1680;6449;766;0
2012;980,00;1385;500;1925;115;0
2012;981,00;0;0;0;0;0
2012;1024,00;1256;481;1750;96;0
2012;1017,00;0;0;0;0;0
2012;1000,00;0;0;0;0;0
2012;1018,00;1177;240;1463;103;0
2012;1001,00;496;491;1012;94;0
2012;1007,00;1914;495;2453;102;0
2012;1008,00;997;264;1277;72;0
2012;1009,00;1899;466;2384;126;0
2012;1010,00;882;251;1144;69;0
2012;1011,00;607;123;738;38;0
2012;1012,00;1606;430;2058;105;0
2012;1013,00;2695;631;3387;245;0
2012;1041,00;0;0;0;0;0
2012;1073,00;1317;246;1578;15;0
2012;1087,00;560;97;662;91;0
2012;789,00;0;0;0;0;0
2012;326,00;0;0;0;0;0
2012;442,00;666;360;1026;71;0
2012;294,00;244;165;415;21;0
2012;378,00;662;461;1135;38;0
2012;402,00;0;0;0;0;0
2012;29,00;0;0;0;0;0
2012;450,00;0;0;0;0;0
2012;656,00;666;248;919;48;0
2012;333,00;159;125;312;5;0
2012;668,00;493;169;623;49;0
2012;684,00;891;264;1165;75;0
2012;422,00;0;0;0;0;0
2012;763,00;3799;1493;5467;654;0
2012;741,00;1490;435;1930;95;0
2012;553,00;2544;637;3227;239;0
2012;357,00;0;0;0;0;0
2012;899,00;0;0;0;0;0
2012;900,00;0;0;0;0;0
2012;932,00;0;0;0;0;0
2012;950,00;0;0;0;0;0
2012;966,00;212;125;337;4;0
2012;967,00;0;0;0;0;0
2012;982,00;137;78;139;6;0
2012;1014,00;0;0;0;0;0
2012;1048,00;0;0;0;0;0
2012;1080,00;626;283;938;67;0
2012;1074,00;0;0;0;0;0
2012;722,00;5980;1449;7553;563;0
2012;660,00;0;0;0;0;0
2012;75,00;0;0;0;0;0
2012;249,00;610;390;1012;57;0
2012;275,00;0;0;0;0;0
2012;227,00;655;465;1152;35;0
2012;150,00;0;0;0;0;0
2012;47,00;0;0;0;0;0
2012;172,00;0;0;0;0;0
2012;581,00;457;156;625;32;0
2012;120,00;0;0;0;0;0
2012;445,00;0;0;0;0;0
2012;471,00;0;0;0;0;0
2012;53,00;0;0;0;0;0
2012;199,00;0;0;0;0;0
2012;575,00;869;294;1203;61;0
2012;528,00;487;108;588;24;0
2012;631,00;1293;423;1741;85;0
2012;699,00;0;0;0;0;0
2012;823,00;0;0;0;0;0
2012;849,00;0;0;0;0;0
2012;869,00;0;0;0;0;0
2012;955,00;0;0;0;0;0
2012;983,00;0;0;0;0;0
2012;1002,00;0;0;0;0;0
2012;1015,00;2103;773;2961;155;0
2012;51,00;0;0;0;0;0
2012;441,00;0;0;0;0;0
2012;327,00;0;0;0;0;0
2012;690,00;286;109;395;26;0
2012;262,00;127;82;212;10;0
2012;403,00;0;0;0;0;0
2012;312,00;0;0;0;0;0
2012;589,00;348;91;446;18;0
2012;665,00;787;175;980;0;0
2012;334,00;0;0;0;0;0
2012;1075,00;4505;694;4648;435;0
2012;751,00;1207;393;1621;135;0
2012;186,00;0;4;4;0;0
2012;646,00;122;26;147;11;0
2012;536,00;96;26;121;116;0
2012;242,00;0;14;14;0;0
2012;490,00;0;0;0;0;0
2012;500,00;323;134;457;10;0
2012;206,00;0;0;0;0;0
2012;58,00;0;0;0;0;0
2012;572,00;905;152;1063;67;0
2012;180,00;0;0;0;0;0
2012;549,00;116;28;137;5;0
2012;582,00;259;61;321;13;0
2012;743,00;1718;293;2049;105;0
2012;795,00;0;0;0;0;0
2012;269,00;0;0;0;0;0
2012;634,00;0;0;0;0;0
2012;1,00;41;26;67;4;0
2012;717,00;392;86;479;15;0
2012;373,00;0;0;0;0;0
2012;535,00;272;88;366;19;0
2012;824,00;1890;482;2456;284;0
2012;888,00;194;50;244;2;0
2012;902,00;0;0;0;0;0
2012;968,00;0;0;0;0;0
2012;346,00;0;0;0;0;0
2012;27,00;0;0;0;0;0
2012;165,00;4;3;7;0;0
2012;956,00;723;303;1042;57;0
2012;413,00;0;0;0;0;0
2012;149,00;0;0;0;0;0
2012;612,00;787;482;1225;44;0
2012;559,00;0;0;0;0;0
2012;7,00;0;0;0;0;0
2012;283,00;0;0;0;0;0
2012;37,00;0;0;0;0;0
2012;153,00;0;0;0;0;0
2012;547,00;990;295;1301;79;0
2012;397,00;0;0;0;0;0
2012;556,00;761;227;996;64;0
2012;42,00;0;0;0;0;0
2012;31,00;0;0;0;0;0
2012;740,00;4745;859;5749;614;0
2012;217,00;0;0;0;0;0
2012;863,00;13;26;39;1;0
2012;889,00;0;0;0;0;0
2012;984,00;0;0;0;0;0
2012;34,00;0;0;0;0;0
2012;791,00;191;118;309;0;0
2012;181,00;0;0;0;0;0
2012;430,00;0;0;0;0;0
2012;715,00;167;86;253;3;0
2012;521,00;0;0;0;0;0
2012;524,00;102;78;180;7;0
2012;432,00;0;0;0;0;0
2012;19,00;133;118;242;7;0
2012;25,00;0;0;0;0;0
2012;26,00;0;0;0;0;0
2012;890,00;1272;347;1649;119;0
2012;904,00;530;111;638;23;0
2012;957,00;3340;834;4261;349;0
2012;939,00;1513;644;2197;177;0
2012;236,00;227;212;439;11;0
2012;735,00;2552;714;3268;288;0
2012;146,00;0;0;0;0;0
2012;363,00;0;0;0;0;0
2012;187,00;0;0;0;0;0
2012;265,00;0;0;0;0;0
2012;295,00;0;0;0;0;0
2012;496,00;652;147;799;19;0
2012;77,00;0;0;0;0;0
2012;391,00;0;0;0;0;0
2012;240,00;144;72;216;6;0
2012;448,00;78;26;103;4;0
2012;151,00;0;0;0;0;0
2012;425,00;32;29;61;0;0
2012;300,00;0;0;0;0;0
2012;339,00;243;133;376;12;0
2012;826,00;0;0;0;0;0
2012;874,00;427;142;574;30;0
2012;905,00;2175;579;2806;240;0
2012;736,00;2956;711;3731;212;0
2012;459,00;0;0;0;0;0
2012;320,00;0;0;0;0;0
2012;45,00;0;0;0;0;0
2012;292,00;0;0;0;0;0
2012;618,00;382;150;533;11;0
2012;463,00;0;0;0;0;0
2012;891,00;358;272;630;35;0
2012;958,00;847;231;1095;89;0
2012;244,00;27;6;33;0;0
2012;28,00;0;0;0;0;0
2012;444,00;0;0;0;0;0
2012;479,00;0;0;0;0;0
2012;285,00;139;57;195;1;0
2012;253,00;1182;505;1707;99;0
2012;481,00;186;114;304;17;0
2012;540,00;407;163;560;36;0
2012;332,00;0;0;0;0;0
2012;41,00;0;0;0;0;0
2012;510,00;0;0;0;0;0
2012;305,00;0;0;0;0;0
2012;708,00;820;229;1049;45;0
2012;755,00;5713;1470;7308;593;0
2012;750,00;2513;765;3353;262;0
2012;696,00;2418;655;3185;217;0
2012;434,00;280;91;371;2;0
2012;421,00;0;0;0;0;0
2012;827,00;0;0;0;0;0
2012;933,00;0;0;0;0;0
2012;1030,00;665;467;1132;23;0
2012;1003,00;0;0;0;0;0
2012;1050,00;0;0;0;0;0
2012;1043,00;1585;663;2297;150;0
2012;934,00;535;138;680;49;0
2012;629,00;1114;392;1566;211;0
2012;21,00;0;0;0;0;0
2012;615,00;769;227;999;25;0
2012;626,00;277;215;494;10;0
2012;417,00;0;0;0;0;0
2012;597,00;139;79;216;6;0
2012;539,00;1358;331;1709;126;1
2012;343,00;100;156;258;7;0
2012;135,00;0;0;0;0;0
2012;158,00;0;0;0;0;0
2012;775,00;806;320;1143;75;0
2012;177,00;0;0;0;0;0
2012;578,00;72;94;166;0;0
2012;416,00;0;0;0;0;0
2012;561,00;354;87;444;22;0
2012;828,00;0;0;0;0;0
2012;860,00;30;27;57;0;0
2012;935,00;0;0;0;0;0
2012;936,00;0;0;0;0;0
2012;986,00;0;0;0;0;0
2012;987,00;792;168;960;22;0
2012;1021,00;0;0;0;0;0
2012;1085,00;0;0;0;0;0
2012;658,00;484;100;584;15;0
2012;353,00;0;0;0;0;0
2012;323,00;0;0;0;0;0
2012;620,00;433;73;507;29;0
2012;384,00;0;0;0;0;0
2012;484,00;0;0;0;0;0
2012;554,00;1042;282;1355;80;0
2012;209,00;0;0;0;0;0
2012;707,00;3195;796;4059;225;0
2012;395,00;0;0;0;0;0
2012;969,00;0;0;0;0;0
2012;1052,00;0;0;0;0;0
2012;739,00;3559;1276;4962;590;0
2012;613,00;1020;321;1357;91;0
2012;593,00;0;0;0;0;0
2012;704,00;1195;425;1664;192;0
2012;493,00;0;0;0;0;0
2012;686,00;1146;435;1593;94;0
2012;257,00;1325;926;2346;212;2
2012;494,00;0;0;0;0;0
2012;681,00;0;0;0;0;0
2012;286,00;339;217;556;26;0
2012;255,00;118;91;214;19;0
2012;79,00;0;0;0;0;0
2012;81,00;0;0;0;0;0
2012;688,00;712;345;1034;54;0
2012;531,00;823;173;1005;52;0
2012;514,00;164;117;284;20;0
2012;499,00;0;0;0;0;0
2012;532,00;622;293;920;54;0
2012;190,00;0;0;0;0;0
2012;598,00;289;81;370;14;0
2012;260,00;2731;2553;5284;430;0
2012;838,00;0;0;0;0;0
2012;839,00;0;0;0;0;0
2012;851,00;0;0;0;0;0
2012;852,00;1597;427;2050;80;0
2012;988,00;0;0;0;0;0
2012;1056,00;1207;216;1445;91;0
2012;1044,00;0;0;0;0;0
2012;644,00;1533;750;2331;201;0
2012;752,00;1012;344;1385;114;0
2012;238,00;0;0;0;0;0
2012;325,00;0;0;0;0;0
2012;622,00;213;112;325;8;0
2012;879,00;22;38;60;0;0
2012;906,00;412;327;739;64;0
2012;370,00;0;0;0;0;0
2012;418,00;0;0;0;0;0
2012;574,00;0;0;0;0;0
2012;399,00;0;0;0;0;0
2012;195,00;0;0;0;0;0
2012;783,00;2061;341;2458;183;0
2012;263,00;135;39;176;0;0
2012;194,00;0;0;0;0;0
2012;214,00;0;0;0;0;0
2012;785,00;5637;699;6498;546;0
2012;780,00;0;0;0;0;0
2012;782,00;0;0;0;0;0
2012;369,00;0;0;0;0;0
2012;84,00;0;0;0;0;0
2012;713,00;0;0;0;0;0
2012;941,00;0;0;0;0;0
2012;1091,00;0;0;0;0;0
2012;1045,00;259;109;375;0;2
2012;1086,00;888;397;1285;0;0
2012;937,00;755;256;1009;47;0
2012;1004,00;0;9;9;0;0
2012;737,00;1850;494;2402;186;0
2012;765,00;3501;566;4194;243;0
2012;329,00;0;0;0;0;0
2012;87,00;0;0;0;0;0
2012;527,00;0;0;0;0;0
2012;562,00;0;0;0;0;0
2012;251,00;21;13;34;1;0
2012;129,00;0;0;0;0;0
2012;154,00;0;0;0;0;0
2012;516,00;723;422;1171;1;0
2012;184,00;80;40;123;0;0
2012;652,00;0;0;0;0;0
2012;637,00;187;66;254;11;0
2012;88,00;0;0;0;0;0
2012;907,00;0;0;0;0;0
2012;970,00;0;0;0;0;0
2012;1019,00;0;0;0;0;0
2012;1016,00;628;341;998;64;0
2012;1047,00;1244;280;1547;72;0
2012;635,00;1741;631;2368;136;0
