"año";"NCODI";"pacienteTot_med";"sesionTot_med";"pacienteTot_psiquia";"sesionTot_psiquia";"pacienteTot_geria";"sesionTot_geria"
2012;272,00;0;0;0;0;0;0
2012;805,00;1865;25233;19;5281;0;0
2012;5,00;106;265;0;0;0;0
2012;234,00;92;562;0;0;0;0
2012;64,00;0;0;0;0;0;0
2012;842,00;0;0;0;0;0;0
2012;843,00;848;2598;0;0;0;0
2012;1025,00;0;0;0;0;0;0
2012;803,00;1371;11450;0;0;0;0
2012;211,00;0;0;0;0;0;0
2012;773,00;10492;15600;0;0;0;0
2012;424,00;0;0;0;0;0;0
2012;298,00;0;0;0;0;0;0
2012;594,00;0;0;0;0;0;0
2012;237,00;0;0;0;0;67;6012
2012;16,00;0;0;0;0;0;0
2012;768,00;293;927;0;0;77;5916
2012;617,00;1229;5614;0;0;0;0
2012;297,00;0;0;0;0;0;0
2012;544,00;0;0;0;0;38;4083
2012;804,00;1278;6016;0;0;0;0
2012;470,00;183;728;0;0;58;2890
2012;104,00;0;0;136;4289;0;0
2012;20,00;0;0;0;0;0;0
2012;550,00;108;771;0;0;0;0
2012;112,00;0;0;0;0;88;6068
2012;818,00;0;0;0;0;19;6640
2012;914,00;0;0;0;0;160;8538
2012;928,00;2385;19082;0;0;0;0
2012;964,00;6297;11977;0;0;0;0
2012;1026,00;0;0;0;0;44;3192
2012;1068,00;0;0;0;0;433;9948
2012;738,00;15955;42165;0;0;0;0
2012;404,00;0;0;0;0;0;0
2012;274,00;135;1190;22;870;0;0
2012;270,00;191;1227;0;0;0;0
2012;676,00;1570;3083;0;0;0;0
2012;709,00;475;3650;86;6172;0;0
2012;754,00;21317;27241;205;11899;0;0
2012;997,00;463;1854;0;0;0;0
2012;734,00;1529;7893;363;2546;1282;2530
2012;299,00;294;373;0;0;0;0
2012;645,00;0;0;0;0;0;0
2012;17,00;0;0;0;0;0;0
2012;1046,00;0;0;0;0;24;4662
2012;420,00;0;0;0;0;0;0
2012;802,00;0;0;0;0;0;0
2012;266,00;2472;2472;0;0;0;0
2012;580,00;0;0;0;0;0;0
2012;137,00;0;0;0;0;0;0
2012;769,00;680;2307;0;0;0;0
2012;776,00;1535;1994;0;0;0;0
2012;640,00;482;1929;0;0;0;0
2012;315,00;0;0;37;8546;0;0
2012;40,00;0;0;0;0;0;0
2012;508,00;0;0;0;0;0;0
2012;46,00;0;0;0;0;0;0
2012;590,00;934;3737;0;0;0;0
2012;777,00;999;1768;0;0;0;0
2012;897,00;9388;37552;325;1301;0;0
2012;965,00;0;0;0;0;0;0
2012;671,00;526;677;0;0;0;0
2012;461,00;4;31;0;0;0;0
2012;376,00;0;0;0;0;0;0
2012;621,00;424;1584;0;0;0;0
2012;793,00;3014;13968;35;4390;0;0
2012;324,00;0;0;0;0;0;0
2012;712,00;542;5435;1;1;1;1
2012;32,00;0;0;0;0;0;0
2012;361,00;0;0;0;0;173;2463
2012;486,00;0;0;0;0;0;0
2012;595,00;403;3334;0;0;0;0
2012;433,00;0;0;0;0;0;0
2012;1058,00;0;0;0;0;0;0
2012;261,00;0;0;0;0;0;0
2012;730,00;1464;3424;132;5270;0;0
2012;577,00;541;2381;0;0;0;0
2012;788,00;4353;24654;0;0;0;0
2012;865,00;0;0;0;0;0;0
2012;979,00;0;0;0;0;0;0
2012;998,00;0;0;0;0;0;0
2012;221,00;0;0;0;0;0;0
2012;462,00;0;0;0;0;0;0
2012;506,00;0;0;0;0;0;0
2012;727,00;1129;7787;0;0;0;0
2012;355,00;0;0;0;0;0;0
2012;487,00;0;0;0;0;0;0
2012;938,00;1696;11951;90;4272;0;0
2012;886,00;0;0;0;0;0;0
2012;835,00;152;608;0;0;0;0
2012;113,00;0;0;0;0;0;0
2012;619,00;135;512;0;0;0;0
2012;163,00;0;0;0;0;0;0
2012;131,00;0;0;0;0;0;0
2012;375,00;0;0;0;0;0;0
2012;1090,00;12445;39988;831;3325;0;0
2012;764,00;1830;11452;3339;10228;213;372
2012;14,00;0;0;0;0;0;0
2012;657,00;1612;1977;0;0;0;0
2012;362,00;0;0;0;0;0;0
2012;989,00;344;2513;0;0;0;0
2012;990,00;327;1661;0;0;0;0
2012;680,00;37178;49604;0;0;0;0
2012;411,00;271;1357;0;0;0;0
2012;241,00;156;896;0;0;0;0
2012;558,00;1944;54131;0;0;0;0
2012;167,00;0;0;0;0;0;0
2012;248,00;302;3246;0;0;0;0
2012;224,00;0;0;0;0;0;0
2012;591,00;3550;35498;0;0;0;0
2012;586,00;10386;32725;0;0;0;0
2012;453,00;52;1641;0;0;0;0
2012;145,00;0;0;0;0;0;0
2012;511,00;10993;12338;0;0;0;0
2012;530,00;4173;29598;0;0;0;0
2012;6,00;0;0;0;0;0;0
2012;161,00;0;0;0;0;0;0
2012;623,00;2223;10009;0;0;0;0
2012;489,00;0;0;0;0;0;0
2012;875,00;98;571;0;0;0;0
2012;940,00;0;0;0;0;0;0
2012;946,00;0;0;0;0;0;0
2012;1023,00;4539;49034;0;0;0;0
2012;1054,00;2598;9801;0;0;0;0
2012;1057,00;0;0;0;0;0;0
2012;1031,00;0;0;0;0;0;0
2012;1032,00;3932;31540;0;0;0;0
2012;1064,00;0;0;0;0;0;0
2012;226,00;0;0;0;0;0;0
2012;687,00;2235;3502;103;3704;0;0
2012;745,00;6924;17491;101;1221;0;0
2012;109,00;0;0;0;0;0;0
2012;808,00;0;0;68;5266;0;0
2012;971,00;142;233;0;0;0;0
2012;128,00;0;0;0;0;0;0
2012;919,00;1387;8465;31;118;0;0
2012;725,00;1129;11292;0;0;0;0
2012;3,00;0;0;0;0;0;0
2012;386,00;0;0;0;0;0;0
2012;306,00;0;0;0;0;0;0
2012;15,00;0;0;0;0;0;0
2012;264,00;0;0;0;0;0;0
2012;867,00;0;0;0;0;0;0
2012;910,00;511;4608;0;0;0;0
2012;1053,00;1632;6530;1;1;1;1
2012;1055,00;5920;10483;0;0;0;0
2012;529,00;0;0;0;0;0;0
2012;345,00;0;0;0;0;0;0
2012;515,00;0;0;0;0;0;0
2012;174,00;0;0;0;0;109;1912
2012;523,00;0;0;0;0;155;5111
2012;697,00;204;2045;0;0;0;0
2012;239,00;711;2844;0;0;0;0
2012;287,00;0;0;0;0;0;0
2012;377,00;0;0;0;0;0;0
2012;692,00;471;3693;51;2193;0;0
2012;335,00;0;0;0;0;0;0
2012;435,00;0;0;0;0;0;0
2012;423,00;0;0;0;0;0;0
2012;351,00;0;0;0;0;0;0
2012;830,00;5734;10777;0;0;0;0
2012;892,00;3308;13232;99;4052;0;0
2012;921,00;0;0;0;0;0;0
2012;991,00;3;12;0;0;0;0
2012;992,00;493;3484;171;3763;0;0
2012;993,00;2266;5030;25;1775;0;0
2012;1071,00;2296;11985;24;972;0;0
2012;473,00;1554;3340;0;0;0;0
2012;663,00;6011;29090;0;0;0;0
2012;552,00;1207;7970;0;0;0;0
2012;772,00;20874;79269;644;10643;126;12023
2012;568,00;0;0;0;0;0;0
2012;398,00;0;0;0;0;0;0
2012;394,00;0;0;0;0;0;0
2012;614,00;0;0;0;0;0;0
2012;235,00;0;0;0;0;0;0
2012;616,00;4001;8889;0;0;0;0
2012;267,00;0;0;0;0;0;0
2012;565,00;178;254;0;0;0;0
2012;220,00;251;6715;0;0;0;0
2012;278,00;0;0;0;0;0;0
2012;107,00;0;0;79;3659;115;12874
2012;141,00;0;0;0;0;0;0
2012;711,00;15115;64734;1447;11124;0;0
2012;204,00;0;0;0;0;35;5067
2012;579,00;0;0;0;0;0;0
2012;348,00;392;15517;0;0;0;0
2012;766,00;796;2980;0;0;0;0
2012;761,00;0;0;0;0;149;11613
2012;728,00;660;3503;0;0;0;0
2012;280,00;548;4750;0;0;0;0
2012;222,00;0;0;0;0;0;0
2012;276,00;658;5726;0;0;0;0
2012;11,00;0;0;0;0;0;0
2012;302,00;0;0;0;0;0;0
2012;682,00;3990;14250;0;0;0;0
2012;279,00;384;1970;0;0;0;0
2012;282,00;765;5709;0;0;0;0
2012;281,00;448;6638;0;0;0;0
2012;183,00;0;0;0;0;0;0
2012;610,00;0;0;0;0;0;0
2012;116,00;0;0;0;0;153;4618
2012;115,00;0;0;0;0;0;0
2012;114,00;0;0;0;0;0;0
2012;126,00;0;0;0;0;27;2097
2012;119,00;0;0;0;0;0;0
2012;770,00;5132;18418;74;3214;0;0
2012;583,00;247;9009;0;0;0;0
2012;136,00;0;0;0;0;203;10519
2012;469,00;1688;4062;0;0;23;3547
2012;642,00;254;1854;0;0;107;4638
2012;674,00;1947;9148;132;3297;0;0
2012;193,00;0;0;0;0;67;4115
2012;526,00;4097;16280;0;0;267;6961
2012;698,00;3323;23179;36;1316;0;0
2012;630,00;277;2445;0;0;206;7399
2012;124,00;0;0;0;0;201;7567
2012;364,00;0;0;0;0;138;8328
2012;604,00;4914;20651;216;4251;0;0
2012;123,00;0;0;0;0;353;14640
2012;310,00;0;0;236;12803;161;13273
2012;571,00;693;4012;0;0;0;0
2012;296,00;0;0;0;0;68;5692
2012;566,00;1319;2141;146;4078;1829;2552
2012;784,00;7748;39215;423;19700;235;6382
2012;102,00;0;0;97;3072;64;4887
2012;379,00;0;0;297;18658;0;0
2012;639,00;7974;9493;0;0;0;0
2012;457,00;465;962;0;0;0;0
2012;609,00;356;2508;39;4354;0;0
2012;101,00;0;0;0;0;37;4543
2012;454,00;569;3939;0;0;0;0
2012;318,00;0;0;51;4181;56;5935
2012;600,00;1463;14626;0;0;0;0
2012;545,00;0;0;71;4861;130;8583
2012;100,00;0;0;0;0;13;503
2012;702,00;1570;8151;81;5264;0;0
2012;778,00;774;5975;129;3506;0;0
2012;341,00;0;0;0;0;0;0
2012;99,00;0;0;0;0;355;8670
2012;767,00;1791;5465;0;0;0;0
2012;359,00;0;0;0;0;1057;7006
2012;98,00;0;0;0;0;64;5224
2012;132,00;0;0;0;0;0;0
2012;97,00;0;0;0;0;54;7181
2012;103,00;0;0;0;0;460;4637
2012;110,00;0;0;0;0;0;0
2012;94,00;0;0;0;0;0;0
2012;91,00;0;0;0;0;113;5908
2012;664,00;4526;19469;170;4714;0;0
2012;918,00;19788;79108;0;0;0;0
2012;92,00;0;0;0;0;0;0
2012;95,00;0;0;0;0;37;5767
2012;96,00;0;0;0;0;0;0
2012;301,00;0;0;0;0;0;0
2012;492,00;1741;5036;0;0;0;0
2012;811,00;0;0;0;0;0;0
2012;812,00;3697;35004;0;0;0;0
2012;832,00;0;0;0;0;0;0
2012;841,00;0;0;0;0;0;0
2012;856,00;0;0;0;0;48;6134
2012;859,00;0;0;58;2266;0;0
2012;861,00;0;0;0;0;0;0
2012;880,00;0;0;0;0;163;9671
2012;883,00;0;0;32;4484;0;0
2012;884,00;0;0;0;0;75;6804
2012;877,00;0;0;0;0;0;0
2012;911,00;0;0;0;0;129;6713
2012;913,00;0;0;206;4901;0;0
2012;922,00;0;0;0;0;0;0
2012;923,00;0;0;0;0;0;0
2012;924,00;2101;19193;0;0;0;0
2012;947,00;0;0;0;0;0;0
2012;951,00;0;0;0;0;25;1703
2012;972,00;0;0;0;0;0;0
2012;973,00;0;0;0;0;0;0
2012;974,00;0;0;0;0;0;0
2012;975,00;0;0;0;0;41;5837
2012;960,00;0;0;0;0;107;5839
2012;1027,00;0;0;0;0;0;0
2012;1028,00;0;0;0;0;0;0
2012;976,00;0;0;97;2711;196;7276
2012;977,00;0;0;0;0;0;0
2012;1020,00;0;0;170;2432;0;0
2012;994,00;1;7948;0;0;0;0
2012;995,00;0;0;0;0;58;6594
2012;1060,00;0;0;147;10497;0;0
2012;1005,00;0;0;0;0;0;0
2012;1061,00;0;0;0;0;0;0
2012;1006,00;0;0;84;4741;0;0
2012;1088,00;0;0;0;0;0;0
2012;1089,00;0;0;0;0;0;0
2012;1076,00;0;0;0;0;0;0
2012;1078,00;0;0;0;0;0;0
2012;1033,00;5158;20650;0;0;0;0
2012;1036,00;0;0;0;0;0;0
2012;1037,00;0;0;178;7126;0;0
2012;1039,00;0;0;196;10378;0;0
2012;1067,00;0;0;0;0;144;11276
2012;1065,00;0;0;0;0;0;0
2012;1066,00;157;1392;0;0;0;0
2012;207,00;99;286;0;0;0;0
2012;431,00;0;0;0;0;0;0
2012;387,00;327;1307;0;0;0;0
2012;179,00;0;0;0;0;0;0
2012;606,00;1033;4134;0;0;0;0
2012;925,00;6820;27282;133;13824;0;0
2012;541,00;265;2199;0;0;0;0
2012;797,00;111;788;0;0;0;0
2012;627,00;436;3954;0;0;0;0
2012;173,00;0;0;4;630;0;0
2012;636,00;1396;13965;0;0;472;4723
2012;205,00;0;0;0;0;0;0
2012;814,00;0;0;0;0;0;0
2012;881,00;0;0;0;0;0;0
2012;771,00;8091;20354;0;0;0;0
2012;533,00;0;0;0;0;0;0
2012;447,00;150;1164;0;0;0;0
2012;815,00;0;0;0;0;0;0
2012;801,00;6961;26521;0;0;0;0
2012;800,00;0;0;0;0;0;0
2012;389,00;0;0;0;0;0;0
2012;759,00;0;0;0;0;0;0
2012;695,00;11443;24239;0;0;0;0
2012;816,00;204;1287;0;0;0;0
2012;833,00;0;0;0;0;0;0
2012;870,00;224;2333;0;0;0;0
2012;927,00;53;159;0;0;0;0
2012;961,00;4251;7523;0;0;0;0
2012;962,00;1;10;0;0;0;0
2012;1079,00;0;0;0;0;0;0
2012;666,00;730;6539;0;0;0;0
2012;392,00;0;0;0;0;0;0
2012;790,00;1246;15364;491;23784;0;0
2012;650,00;4162;9387;0;0;0;0
2012;876,00;2198;5141;0;0;0;0
2012;944,00;0;0;0;0;0;0
2012;952,00;131;607;0;0;0;0
2012;54,00;0;0;30;11083;0;0
2012;367,00;63;306;0;0;0;0
2012;538,00;758;9709;198;2976;0;0
2012;557,00;2134;3127;0;0;0;0
2012;653,00;459;2402;0;0;0;0
2012;647,00;186;411;0;0;0;0
2012;978,00;3197;3888;2632;2860;0;0
2012;996,00;606;2423;0;0;0;0
2012;729,00;8085;32342;285;27702;0;0
2012;182,00;0;0;0;0;0;0
2012;633,00;0;0;0;0;0;0
2012;685,00;290;754;80;1800;0;0
2012;683,00;566;726;0;0;0;0
2012;945,00;0;0;0;0;0;0
2012;953,00;0;0;0;0;0;0
2012;1022,00;0;0;0;0;0;0
2012;1049,00;0;0;0;0;0;0
2012;794,00;660;35392;260;7879;0;0
2012;415,00;749;6719;0;0;0;0
2012;592,00;0;0;0;0;0;0
2012;497,00;0;0;0;0;0;0
2012;726,00;459;9436;201;9434;0;0
2012;999,00;0;0;0;0;0;0
2012;798,00;4530;28255;0;0;0;0
2012;504,00;86;577;230;6049;247;5260
2012;247,00;105;637;0;0;0;0
2012;216,00;13;133;0;0;0;0
2012;654,00;0;0;0;0;0;0
2012;65,00;0;0;20;6612;0;0
2012;472,00;109;936;0;0;30;2153
2012;427,00;0;0;0;0;19;2181
2012;491,00;13;160;0;0;0;0
2012;551,00;304;325;0;0;0;0
2012;106,00;0;0;0;0;0;0
2012;819,00;0;0;0;0;0;0
2012;836,00;0;0;0;0;0;0
2012;915,00;0;0;0;0;57;5661
2012;942,00;0;0;0;0;0;0
2012;748,00;11442;16243;8;162;0;0
2012;198,00;0;0;0;0;0;0
2012;871,00;849;3398;0;0;0;0
2012;948,00;0;0;0;0;0;0
2012;1051,00;0;0;0;0;0;0
2012;1083,00;0;0;0;0;0;0
2012;679,00;644;1789;275;2834;3786;4708
2012;176,00;48;305;0;0;0;0
2012;537,00;0;0;0;0;0;0
2012;608,00;410;1642;0;0;0;0
2012;596,00;618;734;0;0;0;0
2012;749,00;20976;36777;3333;13665;0;0
2012;758,00;17313;49869;796;13242;0;0
2012;724,00;4033;39465;153;7905;537;2534
2012;436,00;226;269;0;0;0;0
2012;567,00;0;0;319;6795;0;0
2012;677,00;5738;24277;81;4187;0;0
2012;670,00;1451;10257;1099;11485;0;0
2012;588,00;2603;10411;0;0;241;4441
2012;446,00;873;6237;0;0;0;0
2012;753,00;9642;49686;55;3889;0;0
2012;887,00;0;0;0;0;0;0
2012;585,00;0;0;0;0;0;0
2012;245,00;0;0;0;0;0;0
2012;603,00;846;3384;0;0;0;0
2012;426,00;0;0;0;0;0;0
2012;232,00;0;0;0;0;0;0
2012;288,00;276;5196;0;0;0;0
2012;246,00;0;0;0;0;0;0
2012;284,00;0;0;0;0;0;0
2012;18,00;0;0;0;0;0;0
2012;356,00;0;0;204;10234;0;0
2012;401,00;0;0;0;0;0;0
2012;733,00;21194;57577;148;1634;0;0
2012;243,00;0;0;0;0;0;0
2012;380,00;0;0;0;0;0;0
2012;716,00;137;937;0;0;0;0
2012;534,00;1470;6830;0;0;0;0
2012;185,00;0;0;0;0;0;0
2012;258,00;154;907;0;0;0;0
2012;505,00;654;1354;0;0;0;0
2012;268,00;136;1507;0;0;0;0
2012;602,00;2722;3234;0;0;0;0
2012;254,00;755;1105;0;0;0;0
2012;705,00;348;2671;0;0;0;0
2012;133,00;0;0;0;0;0;0
2012;33,00;0;0;25;1814;0;0
2012;143,00;0;0;139;1165;0;0
2012;36,00;0;0;79;4368;0;0
2012;756,00;404;4065;0;0;0;0
2012;662,00;6583;11080;458;4217;0;0
2012;192,00;0;0;0;0;0;0
2012;382,00;0;0;0;0;0;0
2012;322,00;0;0;0;0;0;0
2012;478,00;0;0;0;0;0;0
2012;352,00;0;0;0;0;279;1962
2012;628,00;1958;11387;0;0;0;0
2012;291,00;0;0;142;12860;0;0
2012;495,00;0;0;0;0;0;0
2012;845,00;5226;9492;198;4138;0;0
2012;498,00;467;567;0;0;0;0
2012;314,00;0;0;0;0;0;0
2012;720,00;4863;5252;0;0;0;0
2012;721,00;2498;11522;32;571;300;2219
2012;485,00;5980;6239;1107;1184;0;0
2012;273,00;1620;13690;0;0;0;0
2012;846,00;8408;20832;1;1;0;0
2012;847,00;0;0;0;0;0;0
2012;848,00;1236;3968;0;0;0;0
2012;864,00;0;0;0;0;0;0
2012;916,00;325;8577;0;0;0;0
2012;930,00;371;1314;0;0;0;0
2012;954,00;2879;15715;0;0;0;0
2012;943,00;1421;1736;0;0;0;0
2012;949,00;10260;47013;0;0;63;1315
2012;980,00;279;3090;0;0;0;0
2012;981,00;133;148;0;0;0;0
2012;1024,00;1245;12450;0;0;0;0
2012;1017,00;0;0;0;0;0;0
2012;1000,00;4670;14010;0;0;0;0
2012;1018,00;1970;7711;28;496;8;184
2012;1001,00;0;0;0;0;0;0
2012;1007,00;14209;20588;355;3923;0;0
2012;1008,00;8461;10851;0;0;0;0
2012;1009,00;14241;19620;580;5844;0;0
2012;1010,00;5129;6631;0;0;0;0
2012;1011,00;3578;4866;0;0;0;0
2012;1012,00;3736;9561;0;0;0;0
2012;1013,00;15836;32354;318;11416;0;0
2012;1041,00;0;0;0;0;0;0
2012;1073,00;2124;8970;0;0;0;0
2012;1087,00;2668;3565;0;0;0;0
2012;789,00;0;0;0;0;0;0
2012;326,00;0;0;0;0;0;0
2012;442,00;370;3703;0;0;0;0
2012;294,00;167;1021;0;0;0;0
2012;378,00;352;1408;0;0;0;0
2012;402,00;0;0;0;0;0;0
2012;29,00;0;0;0;0;0;0
2012;450,00;0;0;0;0;0;0
2012;656,00;1452;5598;346;4314;0;0
2012;333,00;850;3401;0;0;0;0
2012;668,00;167;1671;0;0;0;0
2012;684,00;333;1747;32;2195;0;0
2012;422,00;71;284;0;0;0;0
2012;763,00;8179;16413;0;0;0;0
2012;741,00;20039;28331;84;6008;0;0
2012;553,00;1323;7754;0;0;0;0
2012;357,00;0;0;0;0;0;0
2012;899,00;0;0;0;0;0;0
2012;900,00;0;0;0;0;0;0
2012;932,00;0;0;0;0;0;0
2012;950,00;0;0;0;0;0;0
2012;966,00;0;0;0;0;0;0
2012;967,00;59;946;0;0;0;0
2012;982,00;259;1293;0;0;0;0
2012;1014,00;382;414;0;0;0;0
2012;1048,00;0;0;0;0;0;0
2012;1080,00;1109;1822;0;0;0;0
2012;1074,00;173;173;0;0;0;0
2012;722,00;4063;20446;0;0;0;0
2012;660,00;1355;5421;0;0;0;0
2012;75,00;0;0;74;5699;0;0
2012;249,00;0;0;0;0;0;0
2012;275,00;0;0;0;0;0;0
2012;227,00;0;0;0;0;0;0
2012;150,00;0;0;0;0;0;0
2012;47,00;0;0;0;0;0;0
2012;172,00;25;110;0;0;0;0
2012;581,00;54;4065;0;0;0;0
2012;120,00;0;0;0;0;0;0
2012;445,00;0;0;0;0;0;0
2012;471,00;0;0;0;0;0;0
2012;53,00;0;0;0;0;0;0
2012;199,00;0;0;0;0;0;0
2012;575,00;237;2366;0;0;0;0
2012;528,00;92;922;0;0;0;0
2012;631,00;769;4350;0;0;0;0
2012;699,00;40484;49972;0;0;0;0
2012;823,00;0;0;0;0;0;0
2012;849,00;0;0;0;0;0;0
2012;869,00;0;0;0;0;0;0
2012;955,00;0;0;0;0;0;0
2012;983,00;0;0;0;0;0;0
2012;1002,00;0;0;0;0;0;0
2012;1015,00;3237;12950;0;0;0;0
2012;51,00;0;0;33;4347;0;0
2012;441,00;0;0;0;0;0;0
2012;327,00;0;0;0;0;56;8007
2012;690,00;1305;6740;0;0;0;0
2012;262,00;72;437;0;0;0;0
2012;403,00;0;0;0;0;0;0
2012;312,00;0;0;17;3856;0;0
2012;589,00;35;348;0;0;0;0
2012;665,00;1390;5559;0;0;0;0
2012;334,00;0;0;0;0;0;0
2012;1075,00;2897;29924;476;32621;0;0
2012;751,00;3268;14713;28;5230;0;0
2012;186,00;0;0;0;0;0;0
2012;646,00;760;1322;0;0;0;0
2012;536,00;0;0;0;0;0;0
2012;242,00;0;0;0;0;0;0
2012;490,00;0;0;0;0;49;1688
2012;500,00;183;1330;0;0;0;0
2012;206,00;0;0;0;0;0;0
2012;58,00;0;0;0;0;0;0
2012;572,00;3371;13484;34;701;0;0
2012;180,00;0;0;0;0;0;0
2012;549,00;27;342;0;0;0;0
2012;582,00;127;1060;0;0;0;0
2012;743,00;2959;12724;0;0;0;0
2012;795,00;0;0;0;0;0;0
2012;269,00;0;0;0;0;0;0
2012;634,00;471;1886;0;0;0;0
2012;1,00;0;0;0;0;0;0
2012;717,00;248;2971;33;5941;0;0
2012;373,00;0;0;0;0;0;0
2012;535,00;332;1469;23;10997;0;0
2012;824,00;12072;48290;45;1853;0;0
2012;888,00;0;0;0;0;0;0
2012;902,00;0;0;0;0;0;0
2012;968,00;0;0;0;0;0;0
2012;346,00;0;0;0;0;0;0
2012;27,00;0;0;0;0;0;0
2012;165,00;112;198;0;0;0;0
2012;956,00;1378;7446;57;2006;0;0
2012;413,00;0;0;0;0;0;0
2012;149,00;0;0;0;0;0;0
2012;612,00;0;0;0;0;0;0
2012;559,00;0;0;0;0;0;0
2012;7,00;0;0;0;0;0;0
2012;283,00;0;0;0;0;0;0
2012;37,00;0;0;0;0;0;0
2012;153,00;0;0;0;0;0;0
2012;547,00;701;8089;0;0;0;0
2012;397,00;0;0;0;0;630;15206
2012;556,00;148;5941;0;0;0;0
2012;42,00;0;0;0;0;0;0
2012;31,00;0;0;0;0;222;4597
2012;740,00;1452;7581;80;2444;0;0
2012;217,00;0;0;0;0;0;0
2012;863,00;0;0;0;0;0;0
2012;889,00;15148;29571;0;0;0;0
2012;984,00;0;0;0;0;0;0
2012;34,00;0;0;0;0;0;0
2012;791,00;0;0;0;0;0;0
2012;181,00;0;0;0;0;0;0
2012;430,00;0;0;0;0;0;0
2012;715,00;462;1499;0;0;0;0
2012;521,00;0;0;0;0;0;0
2012;524,00;218;1241;0;0;0;0
2012;432,00;0;0;0;0;0;0
2012;19,00;0;0;0;0;0;0
2012;25,00;0;0;0;0;0;0
2012;26,00;0;0;0;0;0;0
2012;890,00;301;3854;63;4728;0;0
2012;904,00;26;27;0;0;0;0
2012;957,00;3402;39676;89;8051;0;0
2012;939,00;3292;23771;470;1180;0;0
2012;236,00;944;3778;0;0;0;0
2012;735,00;1151;11206;308;3327;0;0
2012;146,00;0;0;0;0;0;0
2012;363,00;0;0;0;0;0;0
2012;187,00;0;0;0;0;0;0
2012;265,00;0;0;0;0;0;0
2012;295,00;0;0;0;0;0;0
2012;496,00;0;0;0;0;0;0
2012;77,00;0;0;0;0;0;0
2012;391,00;0;0;0;0;0;0
2012;240,00;0;0;0;0;0;0
2012;448,00;0;0;0;0;0;0
2012;151,00;0;0;0;0;0;0
2012;425,00;0;0;0;0;0;0
2012;300,00;0;0;0;0;0;0
2012;339,00;0;0;0;0;0;0
2012;826,00;0;0;0;0;0;0
2012;874,00;597;5228;0;0;0;0
2012;905,00;2415;16662;0;0;0;0
2012;736,00;8492;29646;207;4290;0;0
2012;459,00;0;0;0;0;0;0
2012;320,00;0;0;0;0;22;3523
2012;45,00;0;0;208;29352;84;11081
2012;292,00;0;0;180;2580;0;0
2012;618,00;1566;4073;0;0;0;0
2012;463,00;3667;13747;121;2399;0;0
2012;891,00;0;0;0;0;0;0
2012;958,00;1765;7060;0;0;68;1570
2012;244,00;0;0;0;0;0;0
2012;28,00;0;0;0;0;0;0
2012;444,00;69;69;0;0;0;0
2012;479,00;0;0;0;0;0;0
2012;285,00;543;841;0;0;0;0
2012;253,00;0;0;0;0;0;0
2012;481,00;0;0;0;0;0;0
2012;540,00;0;0;0;0;0;0
2012;332,00;0;0;0;0;0;0
2012;41,00;0;0;0;0;0;0
2012;510,00;9;34;0;0;0;0
2012;305,00;28;32;0;0;0;0
2012;708,00;2394;3196;0;0;0;0
2012;755,00;26613;49847;112;3258;0;0
2012;750,00;13157;65314;57;2008;0;0
2012;696,00;5430;19074;0;0;0;0
2012;434,00;987;1138;0;0;0;0
2012;421,00;0;0;0;0;0;0
2012;827,00;0;0;0;0;0;0
2012;933,00;4423;5311;0;0;0;0
2012;1030,00;111;560;0;0;0;0
2012;1003,00;943;1020;0;0;0;0
2012;1050,00;373;417;0;0;0;0
2012;1043,00;0;0;0;0;0;0
2012;934,00;777;4365;0;0;0;0
2012;629,00;2801;15201;10;517;0;0
2012;21,00;0;0;0;0;185;11999
2012;615,00;0;0;0;0;0;0
2012;626,00;0;0;0;0;0;0
2012;417,00;403;1611;0;0;0;0
2012;597,00;0;0;0;0;21;2312
2012;539,00;1308;9677;0;0;99;2310
2012;343,00;0;0;0;0;0;0
2012;135,00;0;0;0;0;0;0
2012;158,00;0;0;172;8671;56;4735
2012;775,00;2450;12115;0;0;0;0
2012;177,00;0;0;0;0;218;8381
2012;578,00;0;0;0;0;0;0
2012;416,00;0;0;0;0;24;3894
2012;561,00;2522;4829;0;0;112;7942
2012;828,00;0;0;0;0;39;5291
2012;860,00;0;0;0;0;0;0
2012;935,00;0;0;0;0;72;4931
2012;936,00;0;0;0;0;0;0
2012;986,00;0;0;40;6295;0;0
2012;987,00;0;0;0;0;0;0
2012;1021,00;0;0;0;0;0;0
2012;1085,00;0;0;0;0;0;0
2012;658,00;1879;3328;0;0;0;0
2012;353,00;0;0;0;0;369;2381
2012;323,00;0;0;20;3495;0;0
2012;620,00;0;0;0;0;0;0
2012;384,00;438;521;0;0;0;0
2012;484,00;35;246;36;3446;0;0
2012;554,00;885;7078;142;2233;0;0
2012;209,00;0;0;0;0;0;0
2012;707,00;2072;13752;0;0;85;2192
2012;395,00;0;0;0;0;0;0
2012;969,00;55;341;0;0;0;0
2012;1052,00;0;0;0;0;0;0
2012;739,00;1253;9594;0;0;0;0
2012;613,00;5943;17828;0;0;0;0
2012;593,00;4077;20033;0;0;0;0
2012;704,00;12177;36531;0;0;0;0
2012;493,00;0;0;0;0;0;0
2012;686,00;6652;25748;0;0;0;0
2012;257,00;0;0;0;0;0;0
2012;494,00;0;0;0;0;0;0
2012;681,00;1624;13320;0;0;0;0
2012;286,00;0;0;0;0;0;0
2012;255,00;446;4020;0;0;0;0
2012;79,00;0;0;0;0;0;0
2012;81,00;0;0;0;0;0;0
2012;688,00;710;7098;0;0;0;0
2012;531,00;1862;18619;0;0;0;0
2012;514,00;582;1251;0;0;0;0
2012;499,00;0;0;0;0;0;0
2012;532,00;533;8068;0;0;0;0
2012;190,00;0;0;0;0;0;0
2012;598,00;1994;5582;0;0;0;0
2012;260,00;0;0;0;0;0;0
2012;838,00;0;0;0;0;0;0
2012;839,00;0;0;0;0;0;0
2012;851,00;0;0;0;0;0;0
2012;852,00;2550;15105;129;787;0;0
2012;988,00;84;3714;53;5166;0;0
2012;1056,00;2316;8333;0;0;0;0
2012;1044,00;0;0;0;0;0;0
2012;644,00;2806;13371;0;0;0;0
2012;752,00;2691;13597;753;14827;0;0
2012;238,00;138;195;0;0;0;0
2012;325,00;0;0;0;0;0;0
2012;622,00;592;2368;0;0;0;0
2012;879,00;0;0;0;0;0;0
2012;906,00;189;1439;0;0;0;0
2012;370,00;0;0;0;0;0;0
2012;418,00;0;0;0;0;0;0
2012;574,00;0;0;0;0;0;0
2012;399,00;0;0;0;0;0;0
2012;195,00;0;0;0;0;0;0
2012;783,00;11030;32035;187;3381;0;0
2012;263,00;2430;9722;0;0;0;0
2012;194,00;0;0;0;0;0;0
2012;214,00;0;0;0;0;0;0
2012;785,00;8489;50688;128;3657;0;0
2012;780,00;334;3345;0;0;0;0
2012;782,00;1830;8650;102;1371;0;0
2012;369,00;0;0;0;0;0;0
2012;84,00;0;0;0;0;0;0
2012;713,00;0;0;0;0;0;0
2012;941,00;0;0;257;12413;0;0
2012;1091,00;0;0;363;88702;0;0
2012;1045,00;1179;1261;0;0;0;0
2012;1086,00;2153;8613;0;0;0;0
2012;937,00;1253;7590;28;898;0;0
2012;1004,00;23;201;0;0;0;0
2012;737,00;2370;9482;191;5353;0;0
2012;765,00;4339;27892;0;0;0;0
2012;329,00;823;3291;74;1618;0;0
2012;87,00;0;0;0;0;0;0
2012;527,00;0;0;0;0;497;4442
2012;562,00;0;0;0;0;0;0
2012;251,00;0;0;0;0;0;0
2012;129,00;0;0;0;0;0;0
2012;154,00;0;0;0;0;344;4636
2012;516,00;2644;3346;0;0;0;0
2012;184,00;0;0;0;0;0;0
2012;652,00;0;0;0;0;0;0
2012;637,00;485;1207;0;0;0;0
2012;88,00;0;0;0;0;0;0
2012;907,00;0;0;0;0;0;0
2012;970,00;0;0;124;2323;0;0
2012;1019,00;0;0;0;0;0;0
2012;1016,00;0;0;0;0;0;0
2012;1047,00;195;1950;0;0;0;0
2012;635,00;255;2547;147;1468;0;0
