"año";"NCODI";"inver_iIntangible";"inver_IMaterial";"inver_IMterrenos";"inver_IMresto";"inver_Otras";"inver_Total"
2012;113,00;0;55973;55973;0;0;55973
2012;619,00;53526;324239;6590;317649;0;377765
2012;163,00;5105;153817;0;153817;0;158922
2012;131,00;0;0;0;0;0;0
2012;375,00;0;0;0;0;0;0
2012;1090,00;0;2358415;0;2358415;0;2358415
2012;764,00;9616;497047;0;497047;0;506663
2012;14,00;1245;314922;0;314922;0;316167
2012;657,00;0;34739;0;34739;0;34739
2012;362,00;1563;216526;0;216526;0;218089
2012;989,00;0;0;0;0;5022;5022
2012;990,00;0;5061;0;5061;0;5061
2012;680,00;0;1011389;0;1011389;0;1011389
2012;411,00;77295;2580115;0;2580115;0;2657410
2012;241,00;88777;630493;0;630493;0;719270
2012;558,00;0;369819;0;369819;0;369819
2012;167,00;0;0;0;0;0;0
2012;248,00;1054037;2680642;0;2680642;0;3734679
2012;224,00;14695;266240;0;266240;0;280935
2012;591,00;171788;367643;0;367643;0;539431
2012;586,00;0;296105;0;296105;0;296105
2012;453,00;0;0;0;0;0;0
2012;145,00;0;0;0;0;0;0
2012;511,00;0;209446;0;209446;0;209446
2012;530,00;0;82819;0;82819;70917;153736
2012;6,00;0;1837958;0;1837958;711037;2548995
2012;161,00;0;15000;0;15000;0;15000
2012;623,00;0;0;0;0;375091;375091
2012;489,00;0;1816050;425000;1391050;300000;2116050
2012;875,00;5939;171143;0;171143;0;177082
2012;940,00;0;0;0;0;0;0
2012;946,00;57872;57553;0;57553;0;115425
2012;1023,00;359477;1585697;0;1585697;0;1945174
2012;1054,00;0;0;0;0;0;0
2012;1057,00;0;0;0;0;0;0
2012;1031,00;1016;24854;0;24854;0;25870
2012;1032,00;165258;2072973;0;2072973;0;2238231
2012;1064,00;0;5778820;0;5778820;0;5778820
2012;226,00;56064;3731697;0;3731697;0;3787761
2012;687,00;0;0;0;0;0;0
2012;745,00;0;2844772;0;2844772;0;2844772
2012;109,00;70378;270105;0;270105;0;340483
2012;808,00;4888;1080992;0;1080992;0;1085880
2012;971,00;0;169171;0;169171;0;169171
2012;128,00;0;127779;0;127779;0;127779
2012;919,00;43474;833;833;0;0;44307
2012;725,00;0;219135;0;219135;0;219135
2012;3,00;0;5327;0;5327;0;5327
2012;386,00;0;23833;0;23833;0;23833
2012;306,00;0;0;0;0;0;0
2012;15,00;0;55238;0;55238;0;55238
2012;264,00;0;418938;0;418938;0;418938
2012;867,00;0;111142;0;111142;0;111142
2012;910,00;0;0;0;0;0;0
2012;1053,00;0;55927;0;55927;0;55927
2012;1055,00;0;0;0;0;0;0
2012;529,00;0;379;0;379;0;379
2012;345,00;0;4669;0;4669;0;4669
2012;515,00;25280;302689;0;302689;0;327969
2012;174,00;0;73122;0;73122;0;73122
2012;523,00;3696;301519;0;301519;4558012;4863227
2012;697,00;620;662339;662339;0;0;662959
2012;239,00;32691;1356287;0;1356287;0;1388978
2012;287,00;2745700;147881;0;147881;1477099;4370680
2012;377,00;0;1811;0;1811;0;1811
2012;692,00;0;184868;0;184868;0;184868
2012;335,00;0;39577;0;39577;24450;64027
2012;435,00;0;647659;0;647659;0;647659
2012;423,00;10203;4338646;0;4338646;0;4348849
2012;351,00;42675;379009;0;379009;0;421684
2012;830,00;0;125206;0;125206;0;125206
2012;892,00;0;342475;0;342475;0;342475
2012;921,00;4882;213365;0;213365;1000000;1218247
2012;991,00;0;20602;0;20602;0;20602
2012;992,00;0;63058;0;63058;0;63058
2012;993,00;0;59157;0;59157;0;59157
2012;1071,00;0;266580;0;266580;0;266580
2012;473,00;0;0;0;0;1;1
2012;663,00;149259;6670614;0;6670614;0;6819873
2012;552,00;0;325458;0;325458;0;325458
2012;772,00;2110637;10904869;0;10904869;12180663;25196169
2012;568,00;0;402691;0;402691;0;402691
2012;398,00;0;1780549;0;1780549;0;1780549
2012;394,00;0;940558;0;940558;0;940558
2012;614,00;0;39722;0;39722;0;39722
2012;235,00;0;2053568;0;2053568;0;2053568
2012;616,00;0;91229;0;91229;67682;158911
2012;267,00;6617;41125;0;41125;0;47742
2012;565,00;164272;226817;0;226817;0;391089
2012;220,00;7506;296781;0;296781;0;304287
2012;278,00;40364;697980;0;697980;0;738344
2012;107,00;18898;93136;0;93136;4681;116715
2012;141,00;0;438796;0;438796;0;438796
2012;711,00;0;6674675;0;6674675;97913;6772588
2012;204,00;0;224690;0;224690;0;224690
2012;579,00;0;274753;0;274753;0;274753
2012;348,00;16760;326968;0;326968;0;343728
2012;766,00;543202;1243756;0;1243756;0;1786958
2012;761,00;0;676798;0;676798;0;676798
2012;728,00;369565;5183411;0;5183411;0;5552976
2012;280,00;3489;4267950;0;4267950;0;4271439
2012;222,00;6438;334495;120760;213735;0;340933
2012;276,00;175766;314910;0;314910;157860;648536
2012;11,00;9236;158376;0;158376;0;167612
2012;302,00;18479;179451;0;179451;0;197930
2012;682,00;202417;858517;0;858517;7194;1068128
2012;279,00;0;67933;0;67933;0;67933
2012;282,00;0;0;0;0;1;1
2012;281,00;0;1805607;0;1805607;221207;2026814
2012;183,00;0;14300;0;14300;13600;27900
2012;610,00;0;303763;0;303763;0;303763
2012;116,00;0;30350;0;30350;0;30350
2012;115,00;0;9910;0;9910;0;9910
2012;114,00;0;35521;0;35521;0;35521
2012;126,00;0;133613;0;133613;0;133613
2012;119,00;3090;81003;0;81003;0;84093
2012;770,00;9433;1189720;0;1189720;0;1199153
2012;583,00;50998;282477;0;282477;0;333475
2012;136,00;0;27311;0;27311;0;27311
2012;469,00;1297;187095;0;187095;0;188392
2012;642,00;0;0;0;0;1;1
2012;674,00;232343;23636245;0;23636245;7980;23876568
2012;193,00;0;73440;0;73440;0;73440
2012;526,00;48417;577238;0;577238;0;625655
2012;698,00;0;16612826;0;16612826;0;16612826
2012;630,00;91350;316942;0;316942;304784;713076
2012;124,00;15126;22207;0;22207;1262;38595
2012;364,00;0;1;0;1;0;1
2012;604,00;146702;8963530;0;8963530;0;9110232
2012;123,00;0;48667;0;48667;0;48667
2012;310,00;37513;443728;0;443728;0;481241
2012;571,00;33082;475587;0;475587;2608881;3117550
2012;296,00;0;4067;0;4067;0;4067
2012;566,00;0;4319094;0;4319094;0;4319094
2012;784,00;401579;6994463;0;6994463;0;7396042
2012;102,00;40139;756929;0;756929;115365;912433
2012;379,00;0;26147656;4541376;21606280;0;26147656
2012;639,00;0;3755416;0;3755416;0;3755416
2012;457,00;63757;104762;42659;62103;518653;687172
2012;609,00;51991;3170491;0;3170491;0;3222482
2012;101,00;0;47988;0;47988;8715;56703
2012;454,00;144137;408286;0;408286;0;552423
2012;318,00;57513;89032;0;89032;0;146545
2012;600,00;156720;458825;0;458825;0;615545
2012;545,00;438730;2213754;0;2213754;0;2652484
2012;100,00;0;88031;0;88031;0;88031
2012;702,00;127184;3181117;0;3181117;0;3308301
2012;778,00;125412;6175652;0;6175652;0;6301064
2012;341,00;0;139861;0;139861;33001;172862
2012;99,00;3186;129843;0;129843;0;133029
2012;767,00;0;983219;0;983219;0;983219
2012;359,00;72643;205771;0;205771;0;278414
2012;98,00;1079;30971;0;30971;0;32050
2012;132,00;0;182714;0;182714;0;182714
2012;97,00;0;9515;0;9515;0;9515
2012;103,00;15739;26189;10664;15525;129663;171591
2012;110,00;0;255454;47176;208278;0;255454
2012;94,00;0;27053;0;27053;0;27053
2012;91,00;0;397508;0;397508;0;397508
2012;664,00;382236;999914;0;999914;0;1382150
2012;918,00;44466;5079081;0;5079081;0;5123547
2012;92,00;0;1;0;1;0;1
2012;95,00;0;79562;0;79562;0;79562
2012;96,00;0;3000;0;3000;0;3000
2012;301,00;11337;115356;0;115356;0;126693
2012;492,00;85417;3259909;0;3259909;-1784541;1560785
2012;811,00;1670;32023;0;32023;0;33693
2012;812,00;405910;2978818;0;2978818;0;3384728
2012;832,00;0;8864;0;8864;0;8864
2012;841,00;0;21949;0;21949;0;21949
2012;856,00;0;126625;0;126625;0;126625
2012;859,00;3797;115528;0;115528;0;119325
2012;861,00;0;2022;0;2022;0;2022
2012;880,00;0;1911;0;1911;0;1911
2012;883,00;0;215257;0;215257;0;215257
2012;884,00;0;10030;0;10030;0;10030
2012;877,00;0;372967;0;372967;0;372967
2012;911,00;546518;1425804;0;1425804;0;1972322
2012;913,00;0;0;0;0;1;1
2012;922,00;4623;2769549;0;2769549;0;2774172
2012;923,00;0;26435;0;26435;0;26435
2012;924,00;0;538931;0;538931;0;538931
2012;947,00;0;4854;0;4854;0;4854
2012;951,00;0;14262;0;14262;0;14262
2012;972,00;0;15269;0;15269;15269;30538
2012;973,00;0;356089;0;356089;0;356089
2012;974,00;0;6000;0;6000;0;6000
2012;975,00;0;47193;0;47193;0;47193
2012;960,00;29678;2126860;0;2126860;0;2156538
2012;1027,00;0;154191;0;154191;0;154191
2012;1028,00;0;1301;0;1301;0;1301
2012;976,00;0;28400;0;28400;0;28400
2012;977,00;0;4160;0;4160;0;4160
2012;1020,00;0;0;0;0;1;1
2012;994,00;32782;125225;0;125225;0;158007
2012;995,00;0;4803;0;4803;0;4803
2012;1060,00;0;650;0;650;0;650
2012;1005,00;77866;8197;0;8197;0;86063
2012;1061,00;0;399345;0;399345;0;399345
2012;1006,00;0;1;0;1;0;1
2012;1088,00;1936;63294;0;63294;0;65230
2012;1089,00;0;183686;0;183686;0;183686
2012;1076,00;0;1304;0;1304;0;1304
2012;1078,00;0;21159;0;21159;0;21159
2012;1033,00;368512;453791;0;453791;724048;1546351
2012;1036,00;0;4284;0;4284;0;4284
2012;1037,00;0;0;0;0;1;1
2012;1039,00;3798;26507;0;26507;0;30305
2012;1067,00;1;2;1;1;0;3
2012;1065,00;4480;54781;0;54781;0;59261
2012;1066,00;17087;2142661;0;2142661;0;2159748
2012;207,00;405089;59592;0;59592;0;464681
2012;431,00;2946;218906;0;218906;0;221852
2012;387,00;0;0;0;0;0;0
2012;179,00;0;0;0;0;0;0
2012;606,00;0;85814;0;85814;0;85814
2012;925,00;4010;0;0;0;18119;22129
2012;541,00;0;36918;0;36918;0;36918
2012;797,00;0;35999;0;35999;0;35999
2012;627,00;0;0;0;0;0;0
2012;173,00;0;30897;0;30897;0;30897
2012;636,00;0;35000;0;35000;0;35000
2012;205,00;0;243367;0;243367;0;243367
2012;814,00;0;0;0;0;10416;10416
2012;881,00;5236;72600;0;72600;0;77836
2012;771,00;0;0;0;0;0;0
2012;533,00;0;39878;0;39878;0;39878
2012;447,00;0;36769;0;36769;0;36769
2012;815,00;0;36903;0;36903;0;36903
2012;801,00;0;0;0;0;12012;12012
2012;800,00;5286;505308;0;505308;0;510594
2012;389,00;0;89879;0;89879;0;89879
2012;759,00;0;43053;0;43053;280238;323291
2012;695,00;0;0;0;0;0;0
2012;816,00;0;95199;0;95199;0;95199
2012;833,00;0;105836;0;105836;0;105836
2012;870,00;0;0;0;0;237316;237316
2012;927,00;0;198553;0;198553;0;198553
2012;961,00;0;0;0;0;0;0
2012;962,00;18378;217868;0;217868;0;236246
2012;1079,00;78170;197001;0;197001;0;275171
2012;666,00;0;740149;555551;184598;0;740149
2012;392,00;0;9340;0;9340;0;9340
2012;790,00;0;2067010;0;2067010;206701;2273711
2012;650,00;0;161648;0;161648;0;161648
2012;876,00;0;353263;0;353263;0;353263
2012;944,00;0;176969;0;176969;0;176969
2012;952,00;0;338382;0;338382;0;338382
2012;54,00;0;0;0;0;0;0
2012;367,00;27599;13748404;0;13748404;0;13776003
2012;538,00;0;30039;0;30039;0;30039
2012;557,00;5022;58815;0;58815;0;63837
2012;653,00;0;51738;0;51738;5022;56760
2012;647,00;0;44133;0;44133;0;44133
2012;978,00;0;233056;0;233056;0;233056
2012;996,00;0;38303;33281;5022;0;38303
2012;729,00;60499;529172;0;529172;0;589671
2012;182,00;18067;148542;0;148542;0;166609
2012;633,00;0;7465108;0;7465108;0;7465108
2012;685,00;0;0;0;0;0;0
2012;683,00;0;0;0;0;0;0
2012;945,00;32480;86031;0;86031;0;118511
2012;953,00;0;35612;0;35612;0;35612
2012;1022,00;0;15516;0;15516;0;15516
2012;1049,00;0;15740;0;15740;0;15740
2012;794,00;0;349823;0;349823;0;349823
2012;415,00;0;42493;0;42493;0;42493
2012;592,00;9029;190384;0;190384;0;199413
2012;497,00;31205;611394;0;611394;0;642599
2012;726,00;0;58956;0;58956;121090;180046
2012;272,00;80712;598546;0;598546;0;679258
2012;805,00;0;252553;0;252553;146549;399102
2012;5,00;0;659234;0;659234;0;659234
2012;234,00;121284;184517;0;184517;0;305801
2012;64,00;0;0;0;0;0;0
2012;842,00;8000;36311;0;36311;0;44311
2012;843,00;0;0;0;0;0;0
2012;1025,00;54518;372456;0;372456;0;426974
2012;803,00;0;59603;0;59603;0;59603
2012;211,00;0;10625;0;10625;0;10625
2012;773,00;0;554406;0;554406;0;554406
2012;424,00;78269;204560;0;204560;0;282829
2012;298,00;80364;191278;0;191278;0;271642
2012;594,00;0;5065;0;5065;0;5065
2012;237,00;36633;301404;0;301404;0;338037
2012;16,00;0;0;0;0;1;1
2012;768,00;92158;200217;0;200217;0;292375
2012;617,00;436815;848128;0;848128;0;1284943
2012;297,00;0;107568;0;107568;0;107568
2012;544,00;67075;133448;0;133448;0;200523
2012;804,00;284;874822;0;874822;0;875106
2012;470,00;0;21837;0;21837;0;21837
2012;104,00;3121;47661;0;47661;0;50782
2012;20,00;0;1;0;1;0;1
2012;550,00;63671;1113900;0;1113900;0;1177571
2012;112,00;14290;428123;0;428123;0;442413
2012;818,00;0;1294;0;1294;0;1294
2012;914,00;0;32155;0;32155;0;32155
2012;928,00;0;336821;0;336821;0;336821
2012;964,00;7184;410612;0;410612;290;418086
2012;1026,00;0;15002;0;15002;0;15002
2012;1068,00;1696;24217;0;24217;0;25913
2012;738,00;0;0;0;0;0;0
2012;404,00;21322;1226499;0;1226499;59921;1307742
2012;274,00;58651;436374;0;436374;0;495025
2012;270,00;6640;2235398;0;2235398;0;2242038
2012;676,00;0;0;0;0;0;0
2012;709,00;0;0;0;0;0;0
2012;754,00;0;0;0;0;0;0
2012;997,00;0;284658;0;284658;0;284658
2012;734,00;0;495623;0;495623;0;495623
2012;299,00;2862;189514;0;189514;0;192376
2012;645,00;0;34387;0;34387;0;34387
2012;17,00;0;0;0;0;0;0
2012;1046,00;0;0;0;0;0;0
2012;420,00;17964;64499;64499;0;4834;87297
2012;802,00;0;32375;0;32375;0;32375
2012;266,00;348307;2179138;0;2179138;0;2527445
2012;580,00;0;123094;0;123094;0;123094
2012;137,00;0;119027;0;119027;0;119027
2012;769,00;0;290668;0;290668;0;290668
2012;776,00;0;428542;0;428542;0;428542
2012;640,00;4691048;4246082;907439;3338643;-15852;8921278
2012;315,00;0;532347;0;532347;0;532347
2012;40,00;4354;228452;0;228452;0;232806
2012;508,00;0;455858;0;455858;0;455858
2012;46,00;56829;40543;0;40543;0;97372
2012;590,00;0;1275629;0;1275629;0;1275629
2012;777,00;0;655195;0;655195;0;655195
2012;897,00;0;931920;0;931920;0;931920
2012;965,00;0;32681;0;32681;0;32681
2012;671,00;0;0;0;0;0;0
2012;461,00;0;81687;0;81687;0;81687
2012;376,00;0;388838;0;388838;0;388838
2012;621,00;0;17024;0;17024;7311;24335
2012;793,00;0;0;0;0;0;0
2012;324,00;0;0;0;0;0;0
2012;712,00;0;214584;0;214584;0;214584
2012;32,00;0;869;0;869;0;869
2012;361,00;0;2536;2536;0;0;2536
2012;486,00;0;107986;0;107986;0;107986
2012;595,00;0;191513;0;191513;0;191513
2012;433,00;2400;35586;0;35586;0;37986
2012;1058,00;0;942;0;942;0;942
2012;261,00;0;11779;0;11779;0;11779
2012;730,00;0;0;0;0;0;0
2012;577,00;0;0;0;0;5031;5031
2012;788,00;0;0;0;0;1036771;1036771
2012;865,00;177538;421239;0;421239;0;598777
2012;979,00;0;16881;0;16881;0;16881
2012;998,00;0;15717;0;15717;0;15717
2012;221,00;30000;450000;0;450000;0;480000
2012;462,00;0;46850;0;46850;0;46850
2012;506,00;0;0;0;0;0;0
2012;727,00;9811;19856;0;19856;0;29667
2012;355,00;5416;185295;0;185295;0;190711
2012;487,00;0;130491;0;130491;0;130491
2012;938,00;0;14795;0;14795;233354;248149
2012;886,00;1646;166750;0;166750;0;168396
2012;835,00;0;53274;0;53274;0;53274
2012;999,00;0;0;0;0;0;0
2012;798,00;58278;3226747;0;3226747;0;3285025
2012;504,00;112104;154844;0;154844;0;266948
2012;247,00;27886;136223;0;136223;0;164109
2012;216,00;0;174350;0;174350;128;174478
2012;654,00;0;0;0;0;12044;12044
2012;65,00;0;16772;0;16772;0;16772
2012;472,00;191711;41083;0;41083;0;232794
2012;427,00;0;183382;0;183382;0;183382
2012;491,00;30000;71842;0;71842;0;101842
2012;551,00;1534;349695;0;349695;0;351229
2012;106,00;0;26271;0;26271;195645;221916
2012;819,00;0;1870;0;1870;0;1870
2012;836,00;0;6020;0;6020;0;6020
2012;915,00;0;64692;0;64692;0;64692
2012;942,00;0;141082;0;141082;60904;201986
2012;748,00;190597;263153;0;263153;0;453750
2012;198,00;0;137376;0;137376;0;137376
2012;871,00;0;145363;0;145363;0;145363
2012;948,00;0;321218;0;321218;0;321218
2012;1051,00;0;0;0;0;0;0
2012;1083,00;0;0;0;0;3000;3000
2012;679,00;50539;189666;0;189666;0;240205
2012;176,00;17451;145584;0;145584;0;163035
2012;537,00;0;322033;0;322033;605;322638
2012;608,00;0;10103;0;10103;0;10103
2012;596,00;0;0;0;0;0;0
2012;749,00;0;4166813;0;4166813;0;4166813
2012;758,00;0;3714764;0;3714764;0;3714764
2012;724,00;0;3238184;0;3238184;0;3238184
2012;436,00;0;216278;0;216278;0;216278
2012;567,00;0;525993;0;525993;0;525993
2012;677,00;0;1340317;0;1340317;0;1340317
2012;670,00;0;78736;0;78736;0;78736
2012;588,00;0;399431;0;399431;0;399431
2012;446,00;0;347702;0;347702;0;347702
2012;753,00;28919;2144623;0;2144623;0;2173542
2012;887,00;0;247442;0;247442;0;247442
2012;585,00;0;7561;0;7561;9547;17108
2012;245,00;251738;759847;0;759847;0;1011585
2012;603,00;0;2279135;0;2279135;0;2279135
2012;426,00;11052;1103088;0;1103088;0;1114140
2012;232,00;4494;200557;0;200557;0;205051
2012;288,00;456564;471071;0;471071;0;927635
2012;246,00;24906;509659;0;509659;0;534565
2012;284,00;28837;878339;0;878339;0;907176
2012;18,00;0;1541771;0;1541771;0;1541771
2012;356,00;0;53062;0;53062;0;53062
2012;401,00;20411;538225;0;538225;0;558636
2012;733,00;342977;5201273;0;5201273;0;5544250
2012;243,00;2791;68112;0;68112;0;70903
2012;380,00;0;737853;0;737853;0;737853
2012;716,00;11070;88599;0;88599;0;99669
2012;534,00;95014;1744178;0;1744178;0;1839192
2012;185,00;0;142267;0;142267;0;142267
2012;258,00;0;1029316;0;1029316;0;1029316
2012;505,00;56852;187221;0;187221;0;244073
2012;268,00;16112;1284372;0;1284372;1971651;3272135
2012;602,00;0;1352964;0;1352964;0;1352964
2012;254,00;0;845000;0;845000;0;845000
2012;705,00;32151;34373152;4936541;29436611;0;34405303
2012;133,00;7599;334921;0;334921;0;342520
2012;33,00;0;0;0;0;0;0
2012;143,00;26186;209485;0;209485;600;236271
2012;36,00;0;8947;0;8947;0;8947
2012;756,00;0;3190018;0;3190018;0;3190018
2012;662,00;0;2208685;0;2208685;0;2208685
2012;192,00;0;65104;0;65104;0;65104
2012;382,00;500860;9013706;5096231;3917475;0;9514566
2012;322,00;0;3091262;0;3091262;0;3091262
2012;478,00;0;968911;0;968911;0;968911
2012;352,00;0;38390;0;38390;0;38390
2012;628,00;0;924941;0;924941;0;924941
2012;291,00;0;191758;0;191758;0;191758
2012;495,00;0;805780;0;805780;0;805780
2012;845,00;0;909754;0;909754;0;909754
2012;498,00;0;1394971;0;1394971;0;1394971
2012;314,00;0;82100;0;82100;0;82100
2012;720,00;30529;527131;0;527131;0;557660
2012;721,00;0;801500;0;801500;0;801500
2012;485,00;0;14288;0;14288;0;14288
2012;273,00;136809;333501;0;333501;1093989;1564299
2012;846,00;133437;3221225;0;3221225;0;3354662
2012;847,00;681298;2827690;0;2827690;0;3508988
2012;848,00;96198;1848458;0;1848458;0;1944656
2012;864,00;0;0;0;0;0;0
2012;916,00;151273;4983914;0;4983914;0;5135187
2012;930,00;11601;486326;0;486326;0;497927
2012;954,00;210400;601939;0;601939;0;812339
2012;943,00;39897;763157;763157;0;0;803054
2012;949,00;0;2035909;0;2035909;0;2035909
2012;980,00;17601;1517226;0;1517226;0;1534827
2012;981,00;0;28312;0;28312;0;28312
2012;1024,00;0;2316899;0;2316899;-2215659;101240
2012;1017,00;2904;44401;0;44401;0;47305
2012;1000,00;123778;1424301;0;1424301;0;1548079
2012;1018,00;667841;0;0;0;0;667841
2012;1001,00;44767;412588;0;412588;0;457355
2012;1007,00;3261;217854;0;217854;0;221115
2012;1008,00;13492;139728;0;139728;0;153220
2012;1009,00;2922;331921;0;331921;0;334843
2012;1010,00;0;60332;0;60332;0;60332
2012;1011,00;0;168902;0;168902;0;168902
2012;1012,00;0;132991;0;132991;0;132991
2012;1013,00;0;0;0;0;0;0
2012;1041,00;0;35449;0;35449;0;35449
2012;1073,00;121739;4233248;0;4233248;0;4354987
2012;1087,00;357176;29910492;0;29910492;0;30267668
2012;789,00;1082;1159877;0;1159877;0;1160959
2012;326,00;231871;311415;0;311415;0;543286
2012;442,00;54296;2827651;0;2827651;242514;3124461
2012;294,00;0;940339;0;940339;0;940339
2012;378,00;125193;98101;0;98101;0;223294
2012;402,00;20383;42450;0;42450;0;62833
2012;29,00;0;40299;0;40299;0;40299
2012;450,00;0;0;0;0;0;0
2012;656,00;0;0;0;0;0;0
2012;333,00;5940;112943;0;112943;67311;186194
2012;668,00;0;0;0;0;0;0
2012;684,00;0;3812;0;3812;0;3812
2012;422,00;0;91413;0;91413;0;91413
2012;763,00;0;16740;0;16740;0;16740
2012;741,00;0;0;0;0;0;0
2012;553,00;1562;1889201;0;1889201;0;1890763
2012;357,00;0;90962;0;90962;0;90962
2012;899,00;0;25277;0;25277;0;25277
2012;900,00;0;0;0;0;0;0
2012;932,00;1200;1480;0;1480;0;2680
2012;950,00;47351;2290785;0;2290785;515;2338651
2012;966,00;0;0;0;0;0;0
2012;967,00;1387;19051;0;19051;3921;24359
2012;982,00;21757;31120;0;31120;0;52877
2012;1014,00;0;21718;0;21718;0;21718
2012;1048,00;0;0;0;0;0;0
2012;1080,00;0;247461;0;247461;0;247461
2012;1074,00;0;0;0;0;0;0
2012;722,00;9000;3223474;0;3223474;0;3232474
2012;660,00;2788;1770363;0;1770363;0;1773151
2012;75,00;0;17152;0;17152;0;17152
2012;249,00;3301;419403;0;419403;0;422704
2012;275,00;0;24659;0;24659;0;24659
2012;227,00;0;3741655;0;3741655;15000;3756655
2012;150,00;0;719105;28586;690519;0;719105
2012;47,00;365;31773;0;31773;0;32138
2012;172,00;0;130375;0;130375;0;130375
2012;581,00;0;319652;0;319652;0;319652
2012;120,00;0;0;0;0;0;0
2012;445,00;0;0;0;0;0;0
2012;471,00;0;149828;0;149828;0;149828
2012;53,00;0;39508;0;39508;0;39508
2012;199,00;623;196936;0;196936;0;197559
2012;575,00;54697;23890;11600;12290;0;78587
2012;528,00;0;209696;0;209696;0;209696
2012;631,00;0;1633818;0;1633818;0;1633818
2012;699,00;319415;2316185;0;2316185;0;2635600
2012;823,00;0;7299;0;7299;17647;24946
2012;849,00;0;304565;0;304565;0;304565
2012;869,00;0;91823;0;91823;0;91823
2012;955,00;0;0;0;0;0;0
2012;983,00;0;3764;0;3764;0;3764
2012;1002,00;3120;130855;0;130855;0;133975
2012;1015,00;0;1716371;0;1716371;0;1716371
2012;51,00;0;416;0;416;0;416
2012;441,00;0;241984;0;241984;2071010;2312994
2012;327,00;0;137200;0;137200;0;137200
2012;690,00;63499;4052636;910364;3142272;0;4116135
2012;262,00;60468;154531;0;154531;0;214999
2012;403,00;0;0;0;0;0;0
2012;312,00;0;0;0;0;0;0
2012;589,00;0;247384;0;247384;0;247384
2012;665,00;0;4215231;3359339;855892;0;4215231
2012;334,00;0;0;0;0;0;0
2012;1075,00;0;19785793;0;19785793;0;19785793
2012;751,00;32398;0;0;0;0;32398
2012;186,00;15849;263662;0;263662;0;279511
2012;646,00;0;0;0;0;0;0
2012;536,00;2529;3000;3000;0;0;5529
2012;242,00;24116;175385;0;175385;0;199501
2012;490,00;0;0;0;0;0;0
2012;500,00;0;1284062;0;1284062;0;1284062
2012;206,00;5452;194760;0;194760;0;200212
2012;58,00;0;1000;0;1000;0;1000
2012;572,00;0;130000;0;130000;0;130000
2012;180,00;331;18125;0;18125;0;18456
2012;549,00;0;60890;0;60890;0;60890
2012;582,00;0;0;0;0;0;0
2012;743,00;117857;9163007;0;9163007;0;9280864
2012;795,00;1084;152867;0;152867;0;153951
2012;269,00;270;45655;0;45655;0;45925
2012;634,00;49311;585063;0;585063;0;634374
2012;1,00;1256;21548;0;21548;0;22804
2012;717,00;0;2584993;0;2584993;0;2584993
2012;373,00;18422;85578;0;85578;0;104000
2012;535,00;0;0;0;0;0;0
2012;824,00;0;828808;0;828808;0;828808
2012;888,00;0;46589;0;46589;0;46589
2012;902,00;0;3495;0;3495;0;3495
2012;968,00;0;82622;0;82622;0;82622
2012;346,00;4195;144216;0;144216;0;148411
2012;27,00;0;4137865;0;4137865;93010;4230875
2012;165,00;0;71955;0;71955;0;71955
2012;956,00;0;375048;0;375048;0;375048
2012;413,00;0;7795;0;7795;0;7795
2012;149,00;22498;130772;0;130772;0;153270
2012;612,00;34872;1241454;0;1241454;0;1276326
2012;559,00;1630;752368;0;752368;0;753998
2012;7,00;0;197429;0;197429;0;197429
2012;283,00;0;4057668;0;4057668;0;4057668
2012;37,00;0;36864;0;36864;4007643;4044507
2012;153,00;4335;1375131;346579;1028552;0;1379466
2012;547,00;0;0;0;0;0;0
2012;397,00;0;9590;0;9590;0;9590
2012;556,00;0;0;0;0;0;0
2012;42,00;0;2529;0;2529;0;2529
2012;31,00;3015;25091;0;25091;0;28106
2012;740,00;0;0;0;0;0;0
2012;217,00;5117;907726;0;907726;0;912843
2012;863,00;0;391177;0;391177;0;391177
2012;889,00;0;0;0;0;0;0
2012;984,00;0;333266;0;333266;0;333266
2012;34,00;0;0;0;0;0;0
2012;791,00;290994;376186;0;376186;0;667180
2012;181,00;290994;376186;0;376186;0;667180
2012;430,00;0;0;0;0;0;0
2012;715,00;335000;970000;0;970000;665000;1970000
2012;521,00;26950;1450902;0;1450902;0;1477852
2012;524,00;103456;1070694;0;1070694;0;1174150
2012;432,00;472;593208;26888;566320;152635;746315
2012;19,00;0;35490;0;35490;0;35490
2012;25,00;0;4148;0;4148;0;4148
2012;26,00;0;35858;0;35858;0;35858
2012;890,00;29621;39952;0;39952;0;69573
2012;904,00;0;9064;0;9064;850;9914
2012;957,00;43585;3912;0;3912;0;47497
2012;939,00;1631466;489062;0;489062;0;2120528
2012;236,00;5556;302737;54576;248161;0;308293
2012;735,00;0;0;0;0;0;0
2012;146,00;0;0;0;0;0;0
2012;363,00;0;1626445;12627;1613818;0;1626445
2012;187,00;0;0;0;0;0;0
2012;265,00;8779;128075;0;128075;0;136854
2012;295,00;7290;235374;0;235374;283767;526431
2012;496,00;172699;1543729;0;1543729;0;1716428
2012;77,00;0;0;0;0;0;0
2012;391,00;0;99128;0;99128;0;99128
2012;240,00;0;444388;0;444388;0;444388
2012;448,00;0;12101;12101;0;0;12101
2012;151,00;0;29113;0;29113;0;29113
2012;425,00;0;11461;0;11461;0;11461
2012;300,00;0;0;0;0;0;0
2012;339,00;0;470804;0;470804;0;470804
2012;826,00;0;0;0;0;0;0
2012;874,00;0;0;0;0;0;0
2012;905,00;27901;378081;0;378081;0;405982
2012;736,00;0;291299;0;291299;0;291299
2012;459,00;0;856217;0;856217;0;856217
2012;320,00;0;288624;0;288624;89025;377649
2012;45,00;0;3619840;0;3619840;493046;4112886
2012;292,00;0;0;0;0;21005;21005
2012;618,00;0;631239;0;631239;0;631239
2012;463,00;0;464962;0;464962;0;464962
2012;891,00;0;474423;0;474423;0;474423
2012;958,00;19156;0;0;0;0;19156
2012;244,00;0;0;0;0;84744;84744
2012;28,00;0;2907;0;2907;0;2907
2012;444,00;251978;40512;0;40512;0;292490
2012;479,00;0;565253;0;565253;0;565253
2012;285,00;19687;412667;0;412667;0;432354
2012;253,00;7819;959093;0;959093;58974;1025886
2012;481,00;44840;79899;0;79899;0;124739
2012;540,00;0;2993199;135594;2857605;0;2993199
2012;332,00;0;0;0;0;0;0
2012;41,00;0;0;0;0;0;0
2012;510,00;0;107158;0;107158;0;107158
2012;305,00;0;313;0;313;0;313
2012;708,00;0;0;0;0;0;0
2012;755,00;0;703094;0;703094;0;703094
2012;750,00;0;607235;0;607235;0;607235
2012;696,00;0;0;0;0;0;0
2012;434,00;0;103381;0;103381;0;103381
2012;421,00;0;326641;0;326641;246088;572729
2012;827,00;0;0;0;0;0;0
2012;933,00;390698;1138216;0;1138216;0;1528914
2012;1030,00;79455;262926;0;262926;0;342381
2012;1003,00;0;53746;0;53746;0;53746
2012;1050,00;0;9954;0;9954;0;9954
2012;1043,00;0;0;0;0;0;0
2012;934,00;0;205619;0;205619;0;205619
2012;629,00;0;412806;0;412806;0;412806
2012;21,00;2360;261043;0;261043;0;263403
2012;615,00;19122;223388;0;223388;0;242510
2012;626,00;0;235611;0;235611;0;235611
2012;417,00;0;92206;0;92206;0;92206
2012;597,00;27098;167926;0;167926;0;195024
2012;539,00;16646;204877;0;204877;0;221523
2012;343,00;10800;195011;0;195011;0;205811
2012;135,00;3915;292809;0;292809;0;296724
2012;158,00;8897;762074;0;762074;0;770971
2012;775,00;188450;27927409;48081;27879328;0;28115859
2012;177,00;0;0;0;0;1;1
2012;578,00;0;112450;0;112450;0;112450
2012;416,00;0;567458;0;567458;0;567458
2012;561,00;0;37252;0;37252;0;37252
2012;828,00;0;4099;0;4099;0;4099
2012;860,00;11671;154139;0;154139;590582;756392
2012;935,00;2356;0;0;0;0;2356
2012;936,00;0;2029;0;2029;0;2029
2012;986,00;3102;9736;0;9736;0;12838
2012;987,00;21060;225937;0;225937;0;246997
2012;1021,00;0;1319;0;1319;0;1319
2012;1085,00;21345;0;0;0;0;21345
2012;658,00;0;107015;0;107015;0;107015
2012;353,00;0;0;0;0;8903;8903
2012;323,00;0;4467;0;4467;0;4467
2012;620,00;0;179062;0;179062;0;179062
2012;384,00;0;153992;0;153992;0;153992
2012;484,00;0;1660;1660;0;0;1660
2012;554,00;0;0;0;0;163856;163856
2012;209,00;5678;8160;0;8160;0;13838
2012;707,00;0;469525;0;469525;0;469525
2012;395,00;26195;181604;0;181604;0;207799
2012;969,00;14891;93714;0;93714;0;108605
2012;1052,00;0;4000;0;4000;0;4000
2012;739,00;0;0;0;0;0;0
2012;613,00;0;784720;0;784720;0;784720
2012;593,00;0;264000;0;264000;0;264000
2012;704,00;0;536307;0;536307;0;536307
2012;493,00;0;0;0;0;0;0
2012;686,00;0;5708594;0;5708594;0;5708594
2012;257,00;404966;942613;0;942613;0;1347579
2012;494,00;24800;199344;0;199344;0;224144
2012;681,00;77979;529364;0;529364;0;607343
2012;286,00;883588;47559727;1590639;45969088;14701;48458016
2012;255,00;0;816548;0;816548;7225;823773
2012;79,00;6383;17176;0;17176;0;23559
2012;81,00;0;0;0;0;0;0
2012;688,00;0;20000;0;20000;389754;409754
2012;531,00;0;160037;0;160037;93813;253850
2012;514,00;0;54401;0;54401;0;54401
2012;499,00;158139;330205;0;330205;0;488344
2012;532,00;0;102402;0;102402;0;102402
2012;190,00;0;39410;0;39410;0;39410
2012;598,00;0;110727;33496;77231;0;110727
2012;260,00;127000;32000;0;32000;0;159000
2012;838,00;0;1816050;425000;1391050;300000;2116050
2012;839,00;15812;124162;14147;110015;0;139974
2012;851,00;0;24195;0;24195;0;24195
2012;852,00;678636;2754327;0;2754327;0;3432963
2012;988,00;0;54555;0;54555;0;54555
2012;1056,00;175602;1543515;0;1543515;0;1719117
2012;1044,00;0;0;0;0;0;0
2012;644,00;0;90046;0;90046;0;90046
2012;752,00;658019;0;0;0;5237;663256
2012;238,00;0;49500;0;49500;6000;55500
2012;325,00;3532;4692704;0;4692704;0;4696236
2012;622,00;0;264112;0;264112;0;264112
2012;879,00;0;3536;0;3536;0;3536
2012;906,00;1312484;38758;0;38758;0;1351242
2012;370,00;0;354542;0;354542;0;354542
2012;418,00;0;183997;0;183997;0;183997
2012;574,00;17964;139767;0;139767;0;157731
2012;399,00;65235;494073;0;494073;0;559308
2012;195,00;0;44007;0;44007;0;44007
2012;783,00;0;2525998;0;2525998;0;2525998
2012;263,00;44394;524039;524039;0;0;568433
2012;194,00;4250;14486;0;14486;0;18736
2012;214,00;0;20000;0;20000;0;20000
2012;785,00;0;3746702;0;3746702;0;3746702
2012;780,00;0;26802;0;26802;0;26802
2012;782,00;2817475;4740404;0;4740404;0;7557879
2012;369,00;0;16617;0;16617;0;16617
2012;84,00;0;0;0;0;26750;26750
2012;713,00;0;2534011;0;2534011;0;2534011
2012;941,00;69338;38186;0;38186;0;107524
2012;1091,00;0;569674;0;569674;0;569674
2012;1045,00;0;66531;0;66531;0;66531
2012;1086,00;985605;7523555;0;7523555;209242;8718402
2012;937,00;1063;12501;0;12501;0;13564
2012;1004,00;450845;74189;0;74189;0;525034
2012;737,00;0;464951;0;464951;0;464951
2012;765,00;0;948546;0;948546;0;948546
2012;329,00;0;144441;0;144441;0;144441
2012;87,00;0;6839;0;6839;0;6839
2012;527,00;0;60002;60002;0;0;60002
2012;562,00;13430;383925;0;383925;0;397355
2012;251,00;83819;195445;0;195445;289386;568650
2012;129,00;5406;391460;0;391460;0;396866
2012;154,00;75942;87248;0;87248;0;163190
2012;516,00;18831;550683;312964;237719;0;569514
2012;184,00;0;137468;0;137468;0;137468
2012;652,00;0;0;0;0;447056;447056
2012;637,00;0;66847;0;66847;0;66847
2012;88,00;0;0;0;0;39663;39663
2012;907,00;169;4326;0;4326;0;4495
2012;970,00;20407;23174;0;23174;0;43581
2012;1019,00;0;23515;0;23515;0;23515
2012;1016,00;0;178884;0;178884;0;178884
2012;1047,00;0;78132;0;78132;0;78132
2012;635,00;0;1686060;0;1686060;0;1686060
