"año";"NCODI";"Camas instaladas";"incubadoras_instalada";"paritorios_instalada";"quirofanos_instalada";"salasHemo_instalada";"camas_funcionamiento";"incubadoras_funcionamiento";"paritorios_funcionamiento";"quirofanos_funcionamiento";"salasHemo_funcionamiento";"salas_rx_Hospital";"salas_rx_CEP";"puesto_HDia_medico";"puesto_HDia_psiquiatrico";"puesto_HDia_geriatrico";"integradasPuestos_HDia_CMA";"propiasPuestos_HDia_CMA";"propiasQuirofanos_HDia_CMA"
2013;113,00;"200 - 500 camas";0;0;0;0;219;0;0;0;0;0;0;0;1;0;0;0;0
2013;619,00;"Menos de 200 camas";1;2;5;1;69;1;2;5;1;3;0;4;0;0;4;0;1
2013;163,00;"Menos de 200 camas";0;0;4;0;20;0;0;4;0;5;0;0;0;0;0;9;4
2013;131,00;"Menos de 200 camas";0;0;0;0;35;0;0;0;0;0;0;0;0;0;0;0;0
2013;375,00;"Menos de 200 camas";0;0;0;0;63;0;0;0;0;1;0;0;0;0;0;0;0
2013;1090,00;"501 - 1000 camas";23;3;23;2;685;23;3;23;2;11;5;44;4;0;40;0;2
2013;764,00;"501 - 1000 camas";13;2;15;1;624;13;2;15;1;17;0;16;56;8;32;0;0
2013;14,00;"Menos de 200 camas";3;2;3;0;42;3;2;3;0;1;0;0;0;0;0;0;0
2013;657,00;"Menos de 200 camas";3;2;4;0;80;3;1;3;0;3;0;1;0;0;3;1;1
2013;362,00;"Menos de 200 camas";2;1;3;1;65;2;1;3;1;7;0;0;0;0;8;0;0
2013;989,00;"Menos de 200 camas";0;1;4;0;52;0;1;2;0;4;0;5;0;0;0;0;0
2013;990,00;"Menos de 200 camas";1;1;4;0;77;1;1;4;0;2;0;10;0;0;0;8;0
2013;680,00;"501 - 1000 camas";24;3;27;2;755;24;3;27;2;12;3;36;0;0;3;0;0
2013;411,00;"Menos de 200 camas";4;2;7;2;104;4;2;7;2;3;0;6;0;0;0;0;0
2013;241,00;"Menos de 200 camas";3;2;7;1;96;3;2;7;1;2;0;6;0;0;2;0;0
2013;558,00;"200 - 500 camas";4;3;9;0;237;4;3;8;0;10;0;21;0;0;5;12;2
2013;167,00;"Menos de 200 camas";2;1;2;0;16;1;1;2;0;1;0;0;0;0;0;0;0
2013;248,00;"Menos de 200 camas";1;0;4;1;151;0;0;4;1;2;0;10;0;0;0;0;0
2013;224,00;"Menos de 200 camas";1;1;2;0;23;1;1;2;0;2;0;0;0;0;2;0;0
2013;591,00;"200 - 500 camas";15;2;15;1;401;15;2;15;1;10;0;57;0;0;0;0;4
2013;586,00;"200 - 500 camas";14;2;12;0;364;14;2;12;0;4;4;27;12;0;0;0;0
2013;453,00;"Menos de 200 camas";0;0;0;0;137;0;0;0;0;1;0;0;0;0;0;0;0
2013;145,00;"Menos de 200 camas";0;0;0;0;96;0;0;0;0;0;0;0;0;0;0;0;0
2013;511,00;"200 - 500 camas";11;2;9;0;257;11;2;9;0;6;3;10;0;0;0;14;0
2013;530,00;"200 - 500 camas";8;2;9;0;319;8;2;9;0;6;3;25;0;0;0;2;2
2013;6,00;"Menos de 200 camas";2;1;7;0;54;2;1;7;0;1;0;0;0;0;10;0;0
2013;161,00;"200 - 500 camas";0;0;0;0;294;0;0;0;0;0;0;0;0;0;0;0;0
2013;623,00;"200 - 500 camas";14;2;10;1;350;14;2;10;1;8;2;18;0;0;0;0;0
2013;489,00;"Menos de 200 camas";1;1;1;0;10;1;1;1;0;1;0;0;0;0;0;0;0
2013;875,00;"Menos de 200 camas";0;0;6;1;82;0;0;6;1;2;0;6;0;0;2;0;0
2013;940,00;"Menos de 200 camas";0;0;0;0;11;0;0;0;0;0;0;0;0;0;0;0;0
2013;946,00;"Menos de 200 camas";3;1;4;1;91;1;1;4;1;3;0;0;0;0;0;0;0
2013;1023,00;"200 - 500 camas";8;2;12;1;238;8;2;12;1;4;0;38;0;0;13;0;0
2013;1054,00;"200 - 500 camas";12;2;15;1;209;6;2;13;1;6;0;16;0;0;0;24;2
2013;1057,00;"Menos de 200 camas";0;0;0;0;78;0;0;0;0;4;0;0;0;0;0;0;0
2013;1031,00;"Menos de 200 camas";0;0;0;0;21;0;0;0;0;0;0;0;0;0;0;0;0
2013;1032,00;"200 - 500 camas";8;8;12;1;197;8;8;12;1;4;0;25;0;0;14;0;0
2013;1064,00;"Menos de 200 camas";2;2;6;1;100;2;2;6;1;1;0;0;0;0;0;0;0
2013;226,00;"Menos de 200 camas";2;1;5;1;82;2;1;5;1;2;0;0;0;0;0;0;0
2013;687,00;"Menos de 200 camas";8;2;6;0;170;8;2;6;0;7;0;10;20;0;0;10;1
2013;745,00;"501 - 1000 camas";46;3;16;2;730;46;3;16;2;22;10;71;42;0;0;19;2
2013;109,00;"Menos de 200 camas";2;1;6;1;54;2;1;6;1;4;0;0;0;0;0;0;0
2013;808,00;"200 - 500 camas";8;8;9;0;288;6;8;9;0;6;0;0;22;0;16;0;0
2013;971,00;"Menos de 200 camas";0;0;6;0;5;0;0;2;0;2;0;2;0;0;12;0;0
2013;128,00;"Menos de 200 camas";1;1;3;0;33;0;0;3;0;1;0;3;0;0;2;2;1
2013;919,00;"200 - 500 camas";8;2;8;0;361;8;2;8;0;5;3;24;8;0;0;0;0
2013;725,00;"501 - 1000 camas";32;3;32;2;824;32;3;30;2;16;0;91;0;0;0;20;2
2013;3,00;"Menos de 200 camas";0;0;0;0;88;0;0;0;0;0;0;0;0;0;0;0;0
2013;386,00;"Menos de 200 camas";0;0;2;0;74;0;0;0;0;1;0;0;0;0;0;0;0
2013;306,00;"200 - 500 camas";0;0;0;0;466;0;0;0;0;0;0;0;0;0;0;0;0
2013;15,00;"Menos de 200 camas";0;0;3;0;29;0;0;2;0;1;0;0;0;0;0;0;0
2013;264,00;"Menos de 200 camas";3;1;4;0;77;3;1;4;0;2;0;0;0;0;0;0;0
2013;867,00;"Menos de 200 camas";0;0;2;0;15;0;0;2;0;2;0;0;0;0;0;0;0
2013;910,00;"200 - 500 camas";2;1;10;0;208;1;1;8;0;7;0;16;0;0;0;0;0
2013;1053,00;"200 - 500 camas";7;2;8;0;303;7;2;8;0;6;1;10;0;0;0;14;3
2013;1055,00;"200 - 500 camas";8;3;14;1;360;8;3;14;1;18;0;30;0;0;0;39;0
2013;1081,00;"Menos de 200 camas";0;0;0;0;63;0;0;0;0;0;0;0;0;0;0;0;0
2013;1099,00;"Menos de 200 camas";3;2;4;0;32;3;2;4;0;4;0;1;0;0;0;0;0
2013;529,00;"Menos de 200 camas";0;0;0;0;82;0;0;0;0;1;0;0;0;0;0;0;0
2013;345,00;"Menos de 200 camas";0;0;0;0;169;0;0;0;0;0;0;0;0;0;0;0;0
2013;515,00;"Menos de 200 camas";0;0;3;0;40;0;0;3;0;2;0;0;0;0;0;0;0
2013;174,00;"Menos de 200 camas";0;0;3;0;32;0;0;2;0;0;0;0;0;1;0;0;0
2013;523,00;"Menos de 200 camas";0;0;3;0;154;0;0;3;0;2;0;0;0;25;0;0;0
2013;697,00;"Menos de 200 camas";9;3;6;1;193;9;3;6;1;5;0;1;1;1;1;1;1
2013;239,00;"Menos de 200 camas";0;0;5;1;112;0;0;5;1;3;0;10;0;0;0;0;0
2013;287,00;"200 - 500 camas";4;3;11;1;206;4;3;11;1;6;0;0;0;0;0;0;0
2013;377,00;"Menos de 200 camas";0;0;0;0;95;0;0;0;0;1;0;0;0;0;0;0;0
2013;692,00;"200 - 500 camas";4;2;6;0;192;4;2;6;0;3;0;8;15;0;0;0;0
2013;335,00;"Menos de 200 camas";0;0;0;0;160;0;0;0;0;0;0;0;0;0;0;0;0
2013;435,00;"Menos de 200 camas";2;1;5;1;68;1;1;5;1;1;0;0;0;0;5;5;5
2013;423,00;"Menos de 200 camas";3;1;2;0;31;3;1;2;0;2;0;1;0;0;2;3;2
2013;351,00;"Menos de 200 camas";0;0;3;0;52;0;0;2;0;0;0;0;0;0;0;2;1
2013;810,00;"Menos de 200 camas";0;0;1;0;9;0;0;1;0;1;0;1;0;0;1;1;1
2013;830,00;"200 - 500 camas";0;2;8;0;208;6;2;8;0;3;0;7;0;0;0;10;2
2013;892,00;"200 - 500 camas";19;6;13;0;341;11;6;11;0;5;0;30;24;0;0;31;0
2013;921,00;"Menos de 200 camas";4;5;8;2;167;4;5;8;2;2;0;14;0;0;0;5;8
2013;991,00;"Menos de 200 camas";1;1;1;0;12;1;1;1;0;1;0;0;0;0;0;0;0
2013;992,00;"Menos de 200 camas";6;1;6;0;159;2;1;6;0;4;0;7;15;0;8;12;1
2013;993,00;"Menos de 200 camas";5;3;5;0;120;5;3;5;0;2;2;21;16;0;0;6;1
2013;1070,00;"501 - 1000 camas";30;6;27;3;645;30;6;21;3;7;0;43;26;0;0;0;0
2013;1095,00;"Menos de 200 camas";0;0;2;0;38;0;0;2;0;1;0;0;0;0;0;0;0
2013;1094,00;"Menos de 200 camas";0;0;4;0;4;0;0;3;0;2;0;1;0;0;3;3;1
2013;473,00;"Menos de 200 camas";27;6;6;0;78;27;6;6;0;2;0;1;0;0;0;0;4
2013;663,00;"200 - 500 camas";9;2;11;1;362;9;2;11;1;4;2;53;0;0;7;0;0
2013;552,00;"Menos de 200 camas";0;0;6;0;104;0;0;6;0;4;0;16;0;0;14;0;0
2013;772,00;"501 - 1000 camas";0;0;25;2;586;0;0;25;2;7;0;70;56;50;0;0;6
2013;568,00;"Menos de 200 camas";0;0;2;0;35;0;0;2;0;2;0;0;0;0;0;0;0
2013;398,00;"Menos de 200 camas";0;0;5;0;100;0;0;5;0;2;0;0;0;0;0;0;0
2013;394,00;"Menos de 200 camas";0;0;2;0;55;0;0;2;0;2;0;0;0;0;0;0;0
2013;614,00;"Menos de 200 camas";0;0;2;0;22;0;0;2;0;0;0;0;0;0;0;7;0
2013;235,00;"Menos de 200 camas";0;0;4;0;32;0;0;3;0;2;0;0;0;0;0;0;0
2013;616,00;"Menos de 200 camas";0;0;6;0;60;0;0;5;0;0;0;19;0;0;0;15;0
2013;267,00;"Menos de 200 camas";6;2;9;1;163;6;2;9;1;0;0;0;0;0;0;0;0
2013;565,00;"200 - 500 camas";0;0;5;0;178;0;0;5;0;2;0;4;0;0;0;7;0
2013;220,00;"Menos de 200 camas";4;3;9;0;138;4;3;9;0;3;0;17;0;0;0;0;8
2013;278,00;"Menos de 200 camas";6;3;8;0;154;6;3;8;0;0;0;0;0;0;0;8;2
2013;107,00;"Menos de 200 camas";0;0;0;0;112;0;0;0;0;0;0;0;15;55;0;0;0
2013;141,00;"Menos de 200 camas";0;0;0;0;39;0;0;0;0;1;0;0;0;0;0;0;0
2013;711,00;"501 - 1000 camas";17;3;22;3;530;17;3;19;3;6;0;75;25;0;16;0;0
2013;204,00;"Menos de 200 camas";0;0;0;0;116;0;0;0;0;1;0;0;0;24;0;0;0
2013;579,00;"Menos de 200 camas";0;0;2;0;30;0;0;2;0;4;0;0;0;0;0;0;0
2013;348,00;"Menos de 200 camas";0;0;2;0;138;0;0;2;0;1;0;70;0;0;0;0;0
2013;766,00;"Menos de 200 camas";0;0;8;0;111;0;0;8;0;5;0;8;0;0;0;0;0
2013;761,00;"200 - 500 camas";0;0;0;0;271;0;0;0;0;0;0;0;0;60;0;0;0
2013;728,00;"200 - 500 camas";0;0;18;0;196;0;0;18;0;6;0;8;0;0;0;16;4
2013;280,00;"Menos de 200 camas";12;4;11;0;154;12;4;11;0;0;0;10;0;0;0;6;0
2013;222,00;"Menos de 200 camas";0;0;6;0;44;0;0;6;0;2;0;1;0;0;0;0;0
2013;276,00;"Menos de 200 camas";10;3;14;1;184;10;3;14;1;8;0;13;0;0;18;0;0
2013;11,00;"200 - 500 camas";1;2;8;1;201;0;2;8;1;3;0;0;0;0;0;0;0
2013;302,00;"Menos de 200 camas";2;2;3;0;60;2;2;3;0;0;0;0;0;0;1;1;1
2013;682,00;"Menos de 200 camas";0;0;8;0;161;0;0;8;0;1;0;11;0;0;0;0;0
2013;279,00;"Menos de 200 camas";20;5;9;1;181;20;5;9;1;4;0;10;0;0;0;10;3
2013;282,00;"200 - 500 camas";10;3;18;1;257;10;3;18;1;8;0;10;0;0;0;37;4
2013;281,00;"200 - 500 camas";8;5;10;1;273;8;4;10;1;3;0;10;0;0;0;15;0
2013;183,00;"Menos de 200 camas";0;0;3;0;30;0;0;3;0;1;0;0;0;0;0;0;0
2013;610,00;"Menos de 200 camas";0;0;5;0;43;0;0;5;0;1;0;0;0;0;0;19;0
2013;116,00;"200 - 500 camas";0;0;0;0;428;0;0;0;0;0;0;0;0;20;0;0;0
2013;115,00;"Menos de 200 camas";0;0;0;0;50;0;0;0;0;1;0;0;0;0;0;0;0
2013;114,00;"Menos de 200 camas";0;0;0;0;71;0;0;0;0;0;0;0;0;0;0;0;0
2013;126,00;"Menos de 200 camas";0;0;0;0;145;0;0;0;0;0;0;0;0;10;0;0;0
2013;119,00;"Menos de 200 camas";0;0;4;0;30;0;0;4;0;1;0;0;0;0;0;0;0
2013;770,00;"501 - 1000 camas";10;3;19;2;455;10;3;19;2;7;0;42;20;0;0;8;3
2013;583,00;"Menos de 200 camas";0;0;4;0;108;0;0;4;0;4;0;28;0;0;0;0;4
2013;136,00;"200 - 500 camas";0;0;0;0;187;0;0;0;0;1;0;0;0;50;0;0;0
2013;469,00;"Menos de 200 camas";2;1;3;0;99;2;1;3;0;2;0;12;0;15;9;9;0
2013;642,00;"200 - 500 camas";2;3;5;0;204;2;3;5;0;5;0;7;0;20;0;0;0
2013;674,00;"200 - 500 camas";37;6;13;1;325;37;6;13;1;10;1;13;29;0;7;12;2
2013;193,00;"Menos de 200 camas";0;0;0;0;155;0;0;0;0;1;0;0;0;17;0;0;0
2013;526,00;"200 - 500 camas";12;3;6;0;332;12;3;6;0;4;0;34;0;68;0;10;0
2013;698,00;"501 - 1000 camas";0;0;27;2;599;0;0;27;2;10;0;19;10;0;0;24;0
2013;630,00;"Menos de 200 camas";3;2;11;0;77;3;2;11;0;3;0;8;0;0;0;0;0
2013;124,00;"Menos de 200 camas";0;0;0;0;130;0;0;0;0;0;0;0;0;30;0;0;0
2013;364,00;"Menos de 200 camas";0;0;0;0;70;0;0;0;0;0;0;0;0;35;0;0;0
2013;604,00;"501 - 1000 camas";8;6;19;0;514;8;6;19;0;9;0;60;31;0;0;30;4
2013;123,00;"Menos de 200 camas";0;0;0;0;166;0;0;0;0;0;0;0;0;58;0;0;0
2013;310,00;"200 - 500 camas";0;0;0;0;396;0;0;0;0;0;0;0;55;57;0;0;0
2013;571,00;"Menos de 200 camas";2;2;5;0;127;2;2;5;0;3;0;15;0;0;0;1;1
2013;296,00;"Menos de 200 camas";0;0;0;0;177;0;0;0;0;1;0;0;0;22;0;0;0
2013;566,00;"Menos de 200 camas";4;3;6;0;148;0;3;6;0;4;0;20;20;15;11;0;0
2013;784,00;"501 - 1000 camas";18;6;16;0;662;18;6;16;0;6;0;109;60;39;0;17;4
2013;102,00;"501 - 1000 camas";0;0;0;0;731;0;0;0;0;1;0;0;15;20;0;0;0
2013;379,00;"501 - 1000 camas";0;0;0;0;531;0;0;0;0;0;0;0;90;0;0;0;0
2013;639,00;"Menos de 200 camas";1;4;5;0;136;1;4;5;0;5;0;6;0;0;0;8;0
2013;457,00;"Menos de 200 camas";0;0;2;0;70;0;0;2;0;2;0;2;0;0;10;0;0
2013;609,00;"200 - 500 camas";10;2;13;2;288;10;2;13;2;8;0;9;10;0;9;0;0
2013;101,00;"Menos de 200 camas";0;0;0;0;82;0;0;0;0;0;0;0;0;20;0;0;0
2013;454,00;"200 - 500 camas";2;1;4;0;231;2;1;4;0;3;0;17;0;0;0;4;1
2013;318,00;"200 - 500 camas";0;0;0;0;374;0;0;0;0;0;0;0;20;25;0;0;0
2013;600,00;"Menos de 200 camas";2;5;8;0;117;2;5;8;0;5;0;20;0;0;0;16;0
2013;545,00;"200 - 500 camas";19;3;14;15;320;13;3;14;15;5;0;48;30;36;0;0;0
2013;100,00;"Menos de 200 camas";0;0;0;0;76;0;0;0;0;0;0;0;0;35;0;0;0
2013;702,00;"200 - 500 camas";9;3;15;1;410;9;3;15;1;5;0;22;35;0;0;21;4
2013;778,00;"200 - 500 camas";3;5;13;0;186;3;5;13;0;4;0;58;22;0;0;20;3
2013;341,00;"Menos de 200 camas";1;1;2;0;65;0;0;2;0;2;0;0;0;0;0;0;0
2013;99,00;"Menos de 200 camas";0;0;0;0;105;0;0;0;0;0;0;0;0;50;0;0;0
2013;767,00;"Menos de 200 camas";0;0;5;0;85;0;0;5;0;6;0;8;0;0;0;0;0
2013;359,00;"Menos de 200 camas";0;0;2;0;110;0;0;2;0;2;0;0;0;30;4;8;2
2013;98,00;"Menos de 200 camas";0;0;0;0;114;0;0;0;0;0;0;0;0;25;0;0;0
2013;132,00;"Menos de 200 camas";0;0;0;0;88;0;0;0;0;0;0;0;0;0;0;0;0
2013;97,00;"Menos de 200 camas";0;0;0;0;120;0;0;0;0;0;0;0;0;30;0;0;0
2013;103,00;"Menos de 200 camas";0;0;0;0;36;0;0;0;0;0;0;0;0;20;0;0;0
2013;110,00;"Menos de 200 camas";0;0;0;0;60;0;0;0;0;0;0;0;0;0;0;0;0
2013;94,00;"Menos de 200 camas";0;0;0;0;30;0;0;0;0;0;0;0;0;0;0;0;0
2013;91,00;"Menos de 200 camas";0;0;0;0;61;0;0;0;0;0;0;0;0;18;0;0;0
2013;664,00;"200 - 500 camas";4;2;12;0;316;4;2;12;0;8;0;55;25;0;17;0;0
2013;918,00;"Más de 1.000 camas";45;6;39;3;1072;45;6;39;3;11;0;137;0;0;0;0;6
2013;92,00;"Menos de 200 camas";0;0;0;0;56;0;0;0;0;0;0;0;0;0;0;0;0
2013;95,00;"Menos de 200 camas";0;0;0;0;152;0;0;0;0;0;0;0;0;23;0;0;0
2013;96,00;"Menos de 200 camas";0;0;0;0;77;0;0;0;0;0;0;0;0;0;0;0;0
2013;301,00;"Menos de 200 camas";0;0;4;0;20;0;0;4;0;1;0;0;0;0;0;0;0
2013;492,00;"Menos de 200 camas";2;1;5;0;123;2;1;5;0;3;0;17;0;0;0;11;1
2013;811,00;"Menos de 200 camas";0;1;1;0;55;0;1;1;0;1;0;0;0;0;0;0;0
2013;812,00;"Menos de 200 camas";0;0;1;0;89;0;0;1;0;0;0;38;0;0;0;0;0
2013;832,00;"Menos de 200 camas";0;0;0;0;20;0;0;0;0;0;0;0;0;0;0;0;0
2013;841,00;"Menos de 200 camas";0;0;0;0;12;0;0;0;0;0;0;0;0;20;0;0;0
2013;856,00;"Menos de 200 camas";0;0;0;0;74;0;0;0;0;0;0;0;0;30;0;0;0
2013;859,00;"Menos de 200 camas";0;0;0;0;79;0;0;0;0;0;0;0;25;0;0;0;0
2013;861,00;"Menos de 200 camas";0;0;0;0;40;0;0;0;0;0;0;0;0;0;0;0;0
2013;880,00;"Menos de 200 camas";0;0;0;0;97;0;0;0;0;0;0;0;0;40;0;0;0
2013;883,00;"Menos de 200 camas";0;0;0;0;21;0;0;0;0;0;0;0;21;0;0;0;0
2013;884,00;"Menos de 200 camas";0;0;0;0;104;0;0;0;0;0;0;0;0;30;0;0;0
2013;877,00;"Menos de 200 camas";0;0;0;0;38;0;0;0;0;0;0;0;0;0;0;0;0
2013;911,00;"200 - 500 camas";0;0;0;0;354;0;0;0;0;0;0;0;0;27;0;0;0
2013;913,00;"Menos de 200 camas";0;0;0;0;28;0;0;0;0;0;0;0;20;0;0;0;0
2013;922,00;"Menos de 200 camas";0;0;6;0;53;0;0;6;0;2;0;0;0;0;0;0;0
2013;923,00;"Menos de 200 camas";0;0;0;0;84;0;0;0;0;0;0;0;0;0;0;0;0
2013;924,00;"Menos de 200 camas";0;0;0;0;46;0;0;0;0;0;0;28;0;0;0;0;0
2013;947,00;"Menos de 200 camas";0;0;0;0;26;0;0;0;0;0;0;0;0;0;0;0;0
2013;951,00;"Menos de 200 camas";0;0;0;0;50;0;0;0;0;0;0;0;0;22;0;0;0
2013;1103,00;"Menos de 200 camas";0;0;0;0;109;0;0;0;0;0;0;0;0;30;0;0;0
2013;972,00;"Menos de 200 camas";0;0;0;0;30;0;0;0;0;0;0;0;0;0;0;0;0
2013;973,00;"Menos de 200 camas";0;0;2;1;30;0;0;2;1;2;0;0;0;0;10;5;2
2013;974,00;"Menos de 200 camas";0;0;0;0;150;0;0;0;0;0;0;0;0;0;0;0;0
2013;975,00;"Menos de 200 camas";0;0;0;0;101;0;0;0;0;0;0;0;0;25;0;0;0
2013;960,00;"Menos de 200 camas";0;0;0;0;198;0;0;0;0;0;0;0;0;40;0;0;0
2013;1028,00;"Menos de 200 camas";0;0;0;0;18;0;0;0;0;0;0;0;0;0;0;0;0
2013;976,00;"200 - 500 camas";0;0;0;0;224;0;0;0;0;0;0;0;12;35;0;0;0
2013;977,00;"Menos de 200 camas";0;0;0;0;174;0;0;0;0;0;0;0;0;0;0;0;0
2013;1020,00;"Menos de 200 camas";0;0;0;0;22;0;0;0;0;0;0;0;15;0;0;0;0
2013;994,00;"200 - 500 camas";6;3;5;0;245;6;3;5;0;6;0;23;0;0;0;30;0
2013;995,00;"Menos de 200 camas";0;0;0;0;76;0;0;0;0;0;0;0;0;30;0;0;0
2013;1060,00;"Menos de 200 camas";0;0;0;0;25;0;0;0;0;0;0;0;35;0;0;0;0
2013;1005,00;"Menos de 200 camas";0;0;0;0;75;0;0;0;0;0;0;0;0;0;0;0;0
2013;1061,00;"Menos de 200 camas";0;0;0;0;10;0;0;0;0;0;0;0;0;0;0;0;0
2013;1006,00;"Menos de 200 camas";0;0;0;0;52;0;0;0;0;0;0;0;20;0;0;0;0
2013;1088,00;"Menos de 200 camas";0;0;5;0;5;0;0;3;0;0;0;0;0;0;0;3;3
2013;1089,00;"Menos de 200 camas";4;2;7;0;54;0;0;3;0;3;0;0;0;0;8;0;0
2013;1076,00;"Menos de 200 camas";0;0;0;0;10;0;0;0;0;0;0;0;0;0;0;0;0
2013;1078,00;"Menos de 200 camas";0;0;0;0;49;0;0;0;0;0;0;0;0;0;0;0;0
2013;1033,00;"200 - 500 camas";0;0;12;0;301;0;0;12;0;3;0;47;0;0;0;0;0
2013;1036,00;"Menos de 200 camas";0;0;0;0;104;0;0;0;0;0;0;0;0;0;0;0;0
2013;1037,00;"Menos de 200 camas";0;0;0;0;35;0;0;0;0;0;0;0;30;0;0;0;0
2013;1039,00;"Menos de 200 camas";0;0;0;0;50;0;0;0;0;0;0;0;40;0;0;0;0
2013;1067,00;"200 - 500 camas";0;0;0;0;189;0;0;0;0;0;0;0;0;46;0;0;0
2013;1065,00;"200 - 500 camas";0;0;0;0;228;0;0;0;0;1;0;0;0;0;0;0;0
2013;1066,00;"Menos de 200 camas";4;3;6;0;83;4;3;6;0;2;0;6;0;0;0;12;0
2013;207,00;"Menos de 200 camas";1;1;7;0;92;1;1;7;0;4;0;8;0;0;0;0;0
2013;431,00;"Menos de 200 camas";0;0;0;0;156;0;0;0;0;1;0;0;0;0;0;0;0
2013;387,00;"Menos de 200 camas";4;2;3;0;110;2;2;3;0;3;0;6;0;0;1;0;0
2013;179,00;"Menos de 200 camas";0;0;0;0;75;0;0;0;0;1;0;0;0;0;0;0;0
2013;606,00;"Menos de 200 camas";3;2;3;0;105;3;2;3;0;4;1;16;0;0;0;0;0
2013;925,00;"501 - 1000 camas";28;8;24;1;822;28;8;20;1;15;0;58;49;0;35;0;0
2013;541,00;"Menos de 200 camas";6;2;4;0;103;6;2;4;0;3;0;1;0;0;0;0;0
2013;797,00;"Menos de 200 camas";2;2;5;0;102;2;2;5;0;4;0;4;0;0;0;9;0
2013;627,00;"200 - 500 camas";6;2;6;0;231;5;2;6;0;3;3;16;0;0;0;6;0
2013;173,00;"200 - 500 camas";0;0;0;0;330;0;0;0;0;0;0;0;4;0;0;0;0
2013;636,00;"501 - 1000 camas";20;3;17;1;460;20;3;17;1;11;0;22;0;18;0;17;3
2013;205,00;"Menos de 200 camas";0;0;3;0;33;0;0;3;0;1;0;0;0;0;0;0;0
2013;814,00;"Menos de 200 camas";0;0;1;0;20;0;0;1;0;1;0;0;0;0;1;0;1
2013;881,00;"Menos de 200 camas";2;1;3;1;34;2;1;3;1;1;0;0;0;0;0;0;0
2013;771,00;"501 - 1000 camas";46;2;18;2;562;46;2;18;2;11;3;10;0;0;21;0;0
2013;533,00;"Menos de 200 camas";4;1;1;1;48;4;1;1;1;2;0;1;0;0;4;0;1
2013;447,00;"200 - 500 camas";4;1;7;0;190;2;1;7;0;2;0;8;0;0;0;0;1
2013;815,00;"Menos de 200 camas";0;1;3;0;14;0;0;3;0;1;0;0;0;0;0;0;0
2013;801,00;"200 - 500 camas";23;2;10;1;482;23;2;10;1;8;3;25;0;0;3;20;10
2013;800,00;"Menos de 200 camas";0;0;3;0;116;0;0;3;0;2;0;0;0;0;0;0;0
2013;389,00;"200 - 500 camas";3;2;4;0;290;3;2;4;0;2;0;0;0;0;0;8;1
2013;695,00;"200 - 500 camas";10;3;8;1;275;10;3;8;1;7;2;36;0;0;4;12;3
2013;816,00;"Menos de 200 camas";2;1;4;0;95;2;1;4;0;1;0;7;0;0;0;10;2
2013;833,00;"Menos de 200 camas";2;1;5;0;110;2;1;5;0;3;0;5;0;0;9;10;1
2013;870,00;"Menos de 200 camas";2;2;6;1;60;1;2;6;1;2;0;1;0;0;0;0;0
2013;927,00;"Menos de 200 camas";1;1;2;0;44;0;1;2;0;1;0;1;0;0;0;0;1
2013;961,00;"200 - 500 camas";12;3;12;0;445;12;3;12;0;9;4;38;0;0;8;16;0
2013;962,00;"Menos de 200 camas";1;1;2;1;28;0;1;2;1;1;0;2;0;0;2;0;2
2013;1079,00;"Menos de 200 camas";2;1;2;1;40;2;1;2;1;1;0;0;0;0;0;0;0
2013;1101,00;"Menos de 200 camas";3;1;3;0;35;3;1;3;0;1;0;2;0;0;7;0;0
2013;666,00;"501 - 1000 camas";25;2;15;1;555;25;2;15;1;5;5;12;0;0;0;22;0
2013;392,00;"Menos de 200 camas";0;0;0;0;95;0;0;0;0;2;0;0;0;0;0;0;0
2013;790,00;"200 - 500 camas";0;0;7;0;253;0;0;7;0;4;0;36;85;0;6;0;0
2013;650,00;"Menos de 200 camas";2;2;3;0;132;2;2;3;0;3;0;14;0;0;0;8;0
2013;876,00;"200 - 500 camas";9;2;10;0;239;9;2;10;0;5;0;17;0;0;0;0;0
2013;944,00;"Menos de 200 camas";0;0;4;0;15;0;0;4;0;2;0;0;0;0;0;0;0
2013;952,00;"Menos de 200 camas";11;2;10;0;84;11;2;10;0;3;0;5;0;0;0;0;1
2013;54,00;"Menos de 200 camas";0;0;0;0;95;0;0;0;0;0;0;0;30;0;0;0;0
2013;367,00;"Menos de 200 camas";0;0;4;0;17;0;0;3;0;2;0;1;0;0;0;6;0
2013;538,00;"200 - 500 camas";8;2;9;0;250;8;2;9;0;6;1;22;12;0;0;19;3
2013;557,00;"Menos de 200 camas";3;2;5;0;85;3;2;4;0;2;0;13;0;0;0;6;0
2013;653,00;"Menos de 200 camas";5;2;5;0;134;2;2;5;0;5;2;14;0;0;6;0;0
2013;647,00;"Menos de 200 camas";2;2;6;0;78;2;2;4;0;8;0;2;0;0;0;6;0
2013;978,00;"501 - 1000 camas";23;2;13;1;513;22;2;13;1;15;1;18;20;0;0;23;0
2013;996,00;"Menos de 200 camas";4;1;4;0;61;1;1;4;0;3;0;9;0;0;0;12;4
2013;729,00;"Más de 1.000 camas";40;8;35;4;1051;35;8;35;4;19;1;72;80;0;32;0;5
2013;182,00;"Menos de 200 camas";5;1;7;0;138;5;1;7;0;3;0;0;0;0;0;9;1
2013;633,00;"Menos de 200 camas";0;0;5;0;140;0;0;5;0;2;0;0;0;0;0;23;0
2013;685,00;"200 - 500 camas";9;3;6;0;223;9;3;6;0;3;0;12;20;0;0;0;0
2013;683,00;"Menos de 200 camas";6;3;5;0;134;6;3;5;0;3;0;4;0;0;4;0;0
2013;945,00;"Menos de 200 camas";4;2;4;0;37;2;2;2;0;4;0;0;0;0;0;8;0
2013;953,00;"Menos de 200 camas";0;0;4;0;2;0;0;2;0;0;0;0;0;0;6;0;0
2013;1022,00;"Menos de 200 camas";0;0;2;0;20;0;0;2;0;2;0;0;0;0;0;0;0
2013;1049,00;"Menos de 200 camas";0;0;2;0;5;0;0;1;0;1;0;0;0;0;0;0;0
2013;794,00;"Más de 1.000 camas";21;3;30;3;1346;21;3;30;3;13;5;89;25;0;30;0;0
2013;415,00;"Menos de 200 camas";0;0;4;0;56;0;0;4;0;1;0;24;0;0;0;0;0
2013;592,00;"Menos de 200 camas";0;1;6;0;96;0;1;6;0;2;0;0;0;0;0;0;0
2013;497,00;"Menos de 200 camas";0;0;5;1;152;0;0;5;1;2;0;0;0;0;0;0;0
2013;726,00;"200 - 500 camas";16;2;12;0;401;16;2;12;0;9;1;28;15;0;0;8;4
2013;272,00;"200 - 500 camas";0;0;4;0;185;0;0;4;0;2;0;0;0;0;0;0;0
2013;805,00;"Más de 1.000 camas";33;3;30;2;1297;33;3;30;2;16;1;35;50;0;0;0;4
2013;5,00;"Menos de 200 camas";0;0;8;0;39;0;0;8;0;2;0;5;0;0;10;0;0
2013;234,00;"Menos de 200 camas";6;1;6;0;91;2;1;6;0;1;0;5;0;0;0;0;0
2013;64,00;"Menos de 200 camas";0;0;0;0;98;0;0;0;0;0;0;0;0;0;0;0;0
2013;842,00;"Menos de 200 camas";0;1;4;0;80;0;1;4;0;3;0;0;0;0;9;0;0
2013;843,00;"Menos de 200 camas";2;1;3;0;78;2;1;3;0;4;0;4;0;0;3;4;0
2013;1025,00;"Menos de 200 camas";9;2;9;1;144;9;2;9;1;4;0;0;0;0;0;0;0
2013;803,00;"200 - 500 camas";10;2;10;0;304;6;2;8;0;6;2;23;6;0;14;0;0
2013;211,00;"Menos de 200 camas";0;0;3;0;60;0;0;3;0;2;0;0;0;0;0;0;0
2013;773,00;"200 - 500 camas";26;3;11;1;322;26;3;11;1;3;0;21;0;0;0;0;1
2013;424,00;"Menos de 200 camas";2;1;3;0;45;2;1;3;0;1;0;6;0;0;6;4;1
2013;298,00;"Menos de 200 camas";4;1;7;1;114;4;1;7;1;6;0;0;0;0;10;0;0
2013;594,00;"Menos de 200 camas";1;0;3;0;19;0;0;3;0;1;0;0;0;0;14;14;2
2013;237,00;"Menos de 200 camas";0;0;3;0;101;0;0;3;0;0;0;0;0;25;0;0;0
2013;16,00;"Menos de 200 camas";0;0;0;0;24;0;0;0;0;0;0;0;0;0;0;0;0
2013;768,00;"Menos de 200 camas";1;1;2;0;72;1;1;2;0;2;0;6;0;25;5;0;0
2013;617,00;"Menos de 200 camas";3;5;6;0;145;3;5;5;0;3;0;10;0;0;0;15;0
2013;297,00;"Menos de 200 camas";1;1;3;0;42;1;1;3;0;1;0;0;0;0;0;0;0
2013;105,00;"Menos de 200 camas";0;0;0;0;63;0;0;0;0;0;0;0;0;10;0;0;0
2013;544,00;"Menos de 200 camas";2;1;4;0;142;2;1;4;0;4;0;2;0;17;0;0;0
2013;804,00;"Menos de 200 camas";2;4;5;0;114;2;4;5;0;3;0;11;0;0;15;0;0
2013;470,00;"Menos de 200 camas";4;1;2;1;81;4;1;2;1;2;0;2;0;60;0;0;0
2013;104,00;"Menos de 200 camas";0;0;0;0;110;0;0;0;0;0;0;0;50;0;0;0;0
2013;20,00;"Menos de 200 camas";0;0;0;0;42;0;0;0;0;0;0;0;0;0;0;0;0
2013;550,00;"Menos de 200 camas";0;0;4;0;76;0;0;4;0;6;0;4;0;0;0;6;0
2013;112,00;"Menos de 200 camas";0;0;0;0;24;0;0;0;0;0;0;0;0;25;0;0;0
2013;818,00;"Menos de 200 camas";0;0;0;0;105;0;0;0;0;0;0;0;0;19;0;0;0
2013;914,00;"Menos de 200 camas";0;0;0;0;123;0;0;0;0;0;0;0;0;40;0;0;0
2013;928,00;"Menos de 200 camas";0;0;0;0;36;0;0;0;0;0;0;25;0;0;0;0;0
2013;964,00;"200 - 500 camas";4;3;5;0;219;4;3;5;0;3;0;23;0;0;6;0;0
2013;1026,00;"Menos de 200 camas";0;0;0;0;100;0;0;0;0;0;0;0;0;20;0;0;0
2013;1068,00;"Menos de 200 camas";0;0;0;0;100;0;0;0;0;0;0;0;0;32;0;0;0
2013;738,00;"501 - 1000 camas";18;6;18;1;463;18;6;18;1;13;3;82;0;0;50;0;4
2013;404,00;"Menos de 200 camas";0;0;2;0;156;0;0;2;0;1;0;0;0;0;0;7;2
2013;274,00;"Menos de 200 camas";1;1;6;1;77;1;1;6;1;5;0;5;10;0;0;0;0
2013;270,00;"Menos de 200 camas";1;2;6;1;92;1;2;6;1;2;0;7;0;0;0;0;0
2013;676,00;"Menos de 200 camas";7;2;5;0;119;7;2;5;0;7;0;11;0;0;15;0;1
2013;709,00;"200 - 500 camas";3;4;7;0;175;3;4;7;0;4;0;18;11;0;11;11;7
2013;754,00;"501 - 1000 camas";18;4;50;2;960;18;4;50;2;11;0;122;85;0;0;60;19
2013;997,00;"Menos de 200 camas";2;2;2;0;24;2;2;2;0;2;0;2;0;0;8;0;0
2013;734,00;"200 - 500 camas";8;1;12;2;341;8;1;12;2;6;2;30;15;12;0;26;0
2013;299,00;"Menos de 200 camas";0;0;2;0;57;0;0;2;0;2;0;1;0;0;0;3;2
2013;645,00;"Menos de 200 camas";1;1;1;0;50;1;1;1;0;1;0;0;0;0;0;0;0
2013;17,00;"Menos de 200 camas";0;0;0;0;165;0;0;0;0;0;0;0;0;0;0;0;0
2013;1046,00;"Menos de 200 camas";0;0;0;0;101;0;0;0;0;0;0;0;0;18;0;0;0
2013;420,00;"Menos de 200 camas";0;0;3;0;29;0;0;3;0;4;0;0;0;0;0;0;0
2013;802,00;"Menos de 200 camas";0;0;0;0;102;0;0;0;0;1;0;0;0;0;0;0;0
2013;266,00;"Menos de 200 camas";2;2;9;2;149;2;2;9;2;3;0;18;0;0;18;18;9
2013;580,00;"Menos de 200 camas";2;1;5;0;60;2;1;5;0;3;0;0;0;0;6;0;3
2013;137,00;"Menos de 200 camas";2;1;4;0;38;2;1;4;0;2;0;0;0;0;0;0;0
2013;769,00;"Menos de 200 camas";0;0;4;0;39;0;0;3;0;2;0;16;0;0;0;0;0
2013;776,00;"Menos de 200 camas";1;0;4;0;96;1;0;4;0;2;1;7;0;0;8;4;1
2013;640,00;"Menos de 200 camas";1;3;6;0;73;1;3;5;0;3;0;8;0;0;8;0;0
2013;315,00;"200 - 500 camas";0;0;0;0;452;0;0;0;0;0;0;0;20;0;0;0;0
2013;40,00;"200 - 500 camas";0;0;0;0;290;0;0;0;0;0;0;0;0;0;0;0;0
2013;508,00;"Menos de 200 camas";0;0;5;0;63;0;0;5;0;2;2;0;0;0;1;9;2
2013;46,00;"Menos de 200 camas";0;0;0;0;80;0;0;0;0;0;0;0;0;0;0;0;0
2013;590,00;"Menos de 200 camas";1;4;5;0;117;1;4;5;0;4;2;10;0;0;0;0;0
2013;777,00;"Menos de 200 camas";2;2;5;0;104;2;2;5;0;4;1;6;0;0;14;12;1
2013;897,00;"Más de 1.000 camas";25;6;34;1;1056;25;6;34;1;11;9;120;0;0;39;12;3
2013;965,00;"Menos de 200 camas";0;0;0;0;81;0;0;0;0;0;0;0;0;0;0;0;0
2013;671,00;"200 - 500 camas";12;2;7;0;260;10;2;7;0;6;0;10;0;0;7;0;0
2013;461,00;"200 - 500 camas";1;1;5;0;202;1;1;5;0;4;0;2;0;0;0;0;0
2013;376,00;"Menos de 200 camas";1;1;2;0;20;1;1;2;0;2;0;0;0;0;0;0;0
2013;621,00;"Menos de 200 camas";2;2;4;0;109;2;2;4;0;4;0;8;0;0;12;0;0
2013;793,00;"501 - 1000 camas";18;3;20;2;559;18;3;19;2;7;6;34;16;0;23;19;7
2013;1102,00;"Menos de 200 camas";2;2;4;1;6;1;1;1;1;1;0;0;0;0;0;0;0
2013;712,00;"200 - 500 camas";3;2;8;0;234;3;2;5;0;5;0;20;0;0;8;0;0
2013;32,00;"Menos de 200 camas";0;0;0;0;96;0;0;0;0;0;0;0;0;0;0;0;0
2013;361,00;"Menos de 200 camas";0;0;0;0;69;0;0;0;0;1;0;0;0;12;0;0;0
2013;486,00;"Menos de 200 camas";1;1;3;0;30;0;1;3;0;1;0;0;0;0;0;0;0
2013;595,00;"Menos de 200 camas";4;2;5;0;152;4;2;4;0;3;1;12;0;0;8;0;0
2013;433,00;"Menos de 200 camas";2;2;2;0;44;2;2;2;0;2;0;0;0;0;0;0;0
2013;1058,00;"Menos de 200 camas";0;0;2;0;20;0;0;2;0;1;0;0;0;0;0;0;0
2013;261,00;"Menos de 200 camas";0;1;3;0;42;0;1;3;0;1;0;0;0;0;0;0;0
2013;730,00;"200 - 500 camas";10;2;7;0;180;8;2;4;0;6;0;12;20;0;22;0;0
2013;577,00;"200 - 500 camas";6;2;7;0;233;6;2;7;0;5;0;6;0;0;0;22;0
2013;788,00;"501 - 1000 camas";27;4;25;1;725;25;4;24;1;24;0;36;0;0;1;1;5
2013;865,00;"Menos de 200 camas";3;3;4;0;50;2;1;1;0;2;0;0;0;0;0;0;0
2013;979,00;"Menos de 200 camas";0;0;2;0;17;0;0;1;0;1;0;0;0;0;0;0;0
2013;998,00;"Menos de 200 camas";0;0;1;0;6;0;0;1;0;1;0;0;0;0;0;0;0
2013;221,00;"Menos de 200 camas";0;0;2;0;82;0;0;2;0;1;0;0;0;0;0;0;0
2013;506,00;"Menos de 200 camas";3;2;5;0;75;3;2;5;0;2;0;0;0;0;0;0;3
2013;727,00;"200 - 500 camas";9;3;8;0;362;9;3;8;0;8;0;22;0;0;0;0;0
2013;355,00;"Menos de 200 camas";0;0;2;0;87;0;0;2;0;3;0;0;0;0;0;0;0
2013;487,00;"200 - 500 camas";0;0;6;0;285;0;0;6;0;2;0;0;0;0;0;0;0
2013;938,00;"Más de 1.000 camas";20;2;21;2;887;20;2;21;2;9;12;20;10;0;0;0;2
2013;886,00;"Menos de 200 camas";0;0;3;0;113;0;0;2;0;1;0;3;0;0;0;6;1
2013;835,00;"Menos de 200 camas";1;1;2;0;46;1;1;2;0;4;0;1;0;0;0;0;0
2013;999,00;"Menos de 200 camas";0;0;0;0;10;0;0;0;0;1;0;0;0;0;0;0;0
2013;798,00;"200 - 500 camas";16;4;14;1;406;16;4;14;1;9;0;66;0;0;10;10;2
2013;504,00;"Menos de 200 camas";0;0;5;0;190;0;0;5;0;5;0;15;30;20;0;8;0
2013;247,00;"Menos de 200 camas";1;1;3;0;41;1;1;3;0;6;0;8;0;0;0;5;3
2013;216,00;"Menos de 200 camas";2;1;3;0;55;2;1;3;0;2;0;1;0;0;3;3;1
2013;654,00;"Menos de 200 camas";1;2;5;0;44;1;2;5;0;1;0;0;0;0;5;0;0
2013;65,00;"Menos de 200 camas";0;0;0;0;75;0;0;0;0;0;0;0;20;0;0;0;0
2013;472,00;"Menos de 200 camas";2;1;3;0;58;2;1;2;0;2;0;4;0;10;0;0;1
2013;427,00;"Menos de 200 camas";0;0;0;0;36;0;0;0;0;1;0;0;0;10;0;0;0
2013;491,00;"Menos de 200 camas";2;1;2;0;61;2;1;2;0;2;0;2;0;0;8;0;0
2013;551,00;"Menos de 200 camas";1;1;1;0;30;1;1;1;0;1;0;15;0;0;15;0;0
2013;106,00;"Menos de 200 camas";0;0;0;0;104;0;0;0;0;0;0;0;0;0;0;0;0
2013;819,00;"Menos de 200 camas";0;0;0;0;126;0;0;0;0;0;0;0;0;0;0;0;0
2013;836,00;"Menos de 200 camas";0;0;0;0;20;0;0;0;0;0;0;0;0;0;0;0;0
2013;915,00;"Menos de 200 camas";0;0;0;0;116;0;0;0;0;0;0;0;0;25;0;0;0
2013;942,00;"Menos de 200 camas";0;0;0;0;60;0;0;0;0;0;0;0;0;0;0;0;0
2013;748,00;"501 - 1000 camas";12;4;23;1;548;12;4;20;1;13;4;25;1;0;0;22;4
2013;198,00;"Menos de 200 camas";0;0;0;0;75;0;0;0;0;1;0;0;0;0;0;0;0
2013;871,00;"Menos de 200 camas";1;3;4;0;75;1;3;4;0;3;0;10;0;0;11;0;0
2013;948,00;"Menos de 200 camas";1;1;3;1;54;1;1;3;1;1;0;0;0;0;0;0;0
2013;1051,00;"Menos de 200 camas";0;0;0;0;137;0;0;0;0;0;0;0;0;0;0;0;0
2013;1083,00;"Menos de 200 camas";0;0;0;0;26;0;0;0;0;0;0;0;0;0;0;0;0
2013;1096,00;"Menos de 200 camas";0;0;0;0;75;0;0;0;0;1;0;0;0;0;0;0;0
2013;679,00;"501 - 1000 camas";19;1;18;1;783;18;1;18;1;22;0;46;15;12;0;0;0
2013;176,00;"Menos de 200 camas";0;0;5;0;64;0;0;5;0;1;0;1;0;0;0;0;0
2013;537,00;"Menos de 200 camas";0;0;6;0;42;0;0;5;0;1;0;0;0;0;3;1;1
2013;608,00;"Menos de 200 camas";8;2;6;0;137;8;2;5;0;7;0;1;0;0;0;4;0
2013;596,00;"Menos de 200 camas";5;1;5;0;137;5;1;4;0;5;0;10;0;0;0;0;0
2013;749,00;"Más de 1.000 camas";0;0;46;3;922;0;0;36;3;33;6;50;15;0;23;0;0
2013;758,00;"Más de 1.000 camas";50;5;40;5;1198;46;5;40;5;13;8;60;40;0;0;36;5
2013;1104,00;"501 - 1000 camas";20;2;31;3;751;17;2;25;3;17;7;36;55;14;15;18;8
2013;436,00;"Menos de 200 camas";0;0;0;0;86;0;0;0;0;2;4;4;0;0;0;0;0
2013;567,00;"Menos de 200 camas";0;0;11;0;96;0;0;9;0;2;0;0;50;0;0;30;3
2013;677,00;"501 - 1000 camas";0;0;14;1;415;0;0;11;1;6;2;64;10;0;18;0;0
2013;670,00;"Menos de 200 camas";2;0;6;0;150;2;0;6;0;3;0;12;15;0;13;0;0
2013;588,00;"Menos de 200 camas";0;0;9;0;119;0;0;8;0;2;0;11;0;22;8;0;0
2013;446,00;"Menos de 200 camas";0;0;3;0;75;0;0;3;0;1;0;19;0;0;11;0;0
2013;753,00;"Más de 1.000 camas";66;9;45;5;1204;50;9;31;5;17;3;96;24;0;0;41;9
2013;887,00;"200 - 500 camas";0;0;0;0;313;0;0;0;0;1;0;0;0;0;0;0;0
2013;585,00;"Menos de 200 camas";0;0;3;0;61;0;0;3;0;3;0;0;0;0;0;0;0
2013;245,00;"Menos de 200 camas";5;2;9;1;191;5;2;9;1;4;0;0;0;0;0;0;0
2013;603,00;"Menos de 200 camas";0;0;6;1;171;0;0;6;1;3;0;5;0;0;8;4;1
2013;426,00;"Menos de 200 camas";0;0;3;0;80;0;0;3;0;4;0;0;0;0;0;0;0
2013;232,00;"Menos de 200 camas";10;2;7;0;82;10;2;7;0;2;0;0;0;0;6;0;2
2013;288,00;"Menos de 200 camas";0;0;7;0;157;0;0;7;0;4;0;9;0;0;0;9;2
2013;246,00;"Menos de 200 camas";6;2;9;0;96;6;2;9;0;2;0;0;0;0;0;0;0
2013;284,00;"Menos de 200 camas";12;1;10;1;138;8;1;10;1;4;0;0;0;0;0;0;0
2013;18,00;"Menos de 200 camas";0;0;0;0;66;0;0;0;0;0;0;0;0;0;0;0;0
2013;356,00;"Menos de 200 camas";0;0;0;0;96;0;0;0;0;0;0;0;60;0;0;0;0
2013;401,00;"200 - 500 camas";0;0;0;0;388;0;0;0;0;1;0;1;0;0;0;0;0
2013;733,00;"501 - 1000 camas";15;5;15;2;593;11;5;15;2;10;4;20;3;0;0;0;3
2013;243,00;"Menos de 200 camas";0;0;4;0;80;0;0;4;0;3;0;0;0;0;0;0;0
2013;380,00;"200 - 500 camas";0;0;3;0;213;0;0;0;0;1;0;0;0;0;0;0;0
2013;716,00;"Menos de 200 camas";0;0;9;0;82;0;0;9;0;3;0;10;0;0;0;0;0
2013;534,00;"Menos de 200 camas";0;0;7;1;100;0;0;7;1;4;0;7;0;0;0;0;0
2013;185,00;"Menos de 200 camas";0;0;11;1;68;0;0;11;1;2;0;0;0;0;8;0;0
2013;258,00;"Menos de 200 camas";0;0;10;1;155;0;0;10;1;3;0;9;0;0;4;4;3
2013;505,00;"Menos de 200 camas";0;0;3;0;32;0;0;3;0;1;0;4;0;0;4;4;3
2013;268,00;"Menos de 200 camas";0;0;11;1;115;0;0;10;1;6;0;8;0;0;8;0;0
2013;602,00;"Menos de 200 camas";7;2;9;1;153;7;2;9;1;2;0;3;0;0;4;0;0
2013;254,00;"Menos de 200 camas";8;9;10;1;172;8;9;10;1;2;0;5;0;0;0;0;0
2013;705,00;"Menos de 200 camas";14;3;7;1;114;14;3;7;1;3;0;7;0;0;3;0;0
2013;133,00;"Menos de 200 camas";10;2;3;0;46;8;2;3;0;1;0;0;0;0;0;0;0
2013;33,00;"Menos de 200 camas";0;0;0;0;96;0;0;0;0;0;0;0;20;0;0;0;0
2013;143,00;"Menos de 200 camas";0;0;0;0;67;0;0;0;0;0;0;0;3;0;0;0;0
2013;36,00;"Menos de 200 camas";0;0;0;0;99;0;0;0;0;0;0;0;30;0;0;0;0
2013;756,00;"501 - 1000 camas";3;2;16;2;495;3;2;16;2;6;0;24;0;0;0;0;0
2013;662,00;"501 - 1000 camas";10;3;15;1;427;10;3;13;1;6;4;19;30;0;18;0;0
2013;192,00;"200 - 500 camas";0;0;0;0;185;0;0;0;0;1;0;0;0;0;0;0;0
2013;382,00;"200 - 500 camas";0;0;0;0;300;0;0;0;0;1;0;0;0;0;0;0;0
2013;322,00;"501 - 1000 camas";0;0;0;0;527;0;0;0;0;1;0;0;0;0;0;0;0
2013;478,00;"Menos de 200 camas";0;0;5;0;106;0;0;5;0;4;0;0;0;0;0;0;0
2013;352,00;"Menos de 200 camas";0;0;0;0;125;0;0;0;0;1;0;0;0;17;0;0;0
2013;628,00;"200 - 500 camas";10;2;12;1;351;10;2;11;1;10;5;40;0;0;0;0;0
2013;291,00;"Menos de 200 camas";0;0;0;0;194;0;0;0;0;0;0;0;90;0;0;0;0
2013;495,00;"Menos de 200 camas";0;0;6;0;86;0;0;6;0;3;0;0;0;0;0;6;0
2013;845,00;"200 - 500 camas";17;2;12;0;313;14;2;10;0;10;4;12;30;0;0;0;0
2013;498,00;"Menos de 200 camas";3;1;5;0;70;3;1;4;0;2;0;3;0;0;6;0;0
2013;314,00;"200 - 500 camas";0;0;0;0;177;0;0;0;0;2;0;0;0;0;0;0;0
2013;720,00;"Menos de 200 camas";0;0;5;0;92;0;0;5;0;3;0;5;0;0;5;0;0
2013;721,00;"501 - 1000 camas";14;2;18;1;403;14;2;14;1;11;3;25;30;15;13;0;0
2013;485,00;"Menos de 200 camas";0;1;3;0;19;0;1;3;0;1;0;5;1;0;0;4;3
2013;273,00;"200 - 500 camas";3;1;14;1;236;3;1;13;1;3;0;1;0;0;14;0;0
2013;846,00;"200 - 500 camas";10;2;15;1;353;10;2;15;1;11;0;34;1;0;21;0;0
2013;847,00;"Menos de 200 camas";0;0;9;0;80;0;0;9;0;3;0;0;0;0;0;23;3
2013;848,00;"Menos de 200 camas";25;3;8;2;177;25;3;8;2;7;0;11;0;0;5;0;0
2013;864,00;"Menos de 200 camas";0;0;0;0;60;0;0;0;0;0;0;0;0;0;0;0;0
2013;916,00;"Menos de 200 camas";0;0;4;0;70;0;0;3;0;2;0;16;0;0;6;0;0
2013;930,00;"Menos de 200 camas";3;2;4;1;80;3;2;4;1;1;0;8;0;0;0;4;0
2013;954,00;"200 - 500 camas";14;3;11;0;289;14;3;10;0;5;2;20;0;0;12;0;0
2013;943,00;"Menos de 200 camas";5;1;5;0;91;5;1;5;0;3;0;8;0;0;8;0;0
2013;949,00;"Más de 1.000 camas";46;9;48;3;1141;44;9;43;3;17;9;102;68;8;44;0;0
2013;980,00;"Menos de 200 camas";14;2;6;1;116;14;2;6;1;3;0;7;0;0;6;0;0
2013;981,00;"Menos de 200 camas";0;0;5;0;45;0;0;5;0;1;0;1;0;0;12;8;2
2013;1024,00;"200 - 500 camas";14;2;16;1;197;10;2;14;1;2;0;26;0;0;0;17;0
2013;1017,00;"Menos de 200 camas";0;0;0;0;43;0;0;0;0;0;0;0;0;0;0;0;0
2013;1000,00;"Menos de 200 camas";0;0;12;1;155;0;0;9;1;3;0;34;0;0;7;0;0
2013;1018,00;"Menos de 200 camas";4;4;6;0;97;3;4;6;0;2;0;25;1;1;0;0;0
2013;1001,00;"Menos de 200 camas";7;2;10;1;55;5;2;9;1;2;0;0;0;0;0;0;0
2013;1007,00;"200 - 500 camas";12;7;12;0;261;10;6;10;0;10;2;18;30;0;0;20;4
2013;1008,00;"200 - 500 camas";8;3;7;0;192;8;3;7;0;4;0;18;0;0;0;17;0
2013;1009,00;"200 - 500 camas";11;8;13;0;218;11;5;12;0;6;0;39;16;0;21;9;0
2013;1010,00;"Menos de 200 camas";4;3;5;0;123;4;3;5;0;4;0;11;0;0;0;15;0
2013;1011,00;"Menos de 200 camas";4;2;5;0;88;4;2;4;0;3;0;9;0;0;18;0;0
2013;1012,00;"200 - 500 camas";8;8;9;0;175;6;6;9;0;5;0;24;0;0;0;13;0
2013;1013,00;"501 - 1000 camas";24;12;20;2;535;24;12;16;2;11;0;37;30;0;34;0;0
2013;1041,00;"Menos de 200 camas";0;0;0;0;120;0;0;0;0;0;0;0;0;0;0;0;0
2013;1073,00;"200 - 500 camas";14;6;10;1;155;7;6;10;1;3;1;21;14;0;12;26;10
2013;1087,00;"200 - 500 camas";6;6;12;1;206;3;6;12;1;4;0;56;0;0;0;0;0
2013;789,00;"200 - 500 camas";0;0;0;0;340;0;0;0;0;0;0;0;0;0;0;0;0
2013;326,00;"Menos de 200 camas";0;0;0;0;126;0;0;0;0;0;0;0;0;0;0;0;0
2013;442,00;"Menos de 200 camas";4;3;9;1;89;4;3;9;1;2;0;6;0;0;7;7;0
2013;294,00;"Menos de 200 camas";2;1;5;1;118;2;1;5;1;1;0;6;0;0;1;0;0
2013;378,00;"Menos de 200 camas";3;2;5;0;59;3;2;5;0;1;0;1;0;0;0;3;0
2013;402,00;"Menos de 200 camas";0;0;7;1;48;0;0;7;1;3;0;0;0;0;0;0;0
2013;29,00;"Menos de 200 camas";0;0;0;0;172;0;0;0;0;0;0;0;0;0;0;0;0
2013;450,00;"Menos de 200 camas";0;0;4;0;2;0;0;4;0;1;0;0;0;0;5;0;0
2013;656,00;"Menos de 200 camas";4;2;6;0;137;4;2;6;0;4;0;20;12;0;0;12;4
2013;333,00;"Menos de 200 camas";1;1;5;1;60;1;1;5;1;1;0;6;0;0;0;0;0
2013;668,00;"Menos de 200 camas";5;2;6;0;135;5;2;6;0;5;0;7;0;0;0;8;2
2013;684,00;"Menos de 200 camas";8;2;8;0;193;8;2;8;0;6;0;7;4;0;7;0;0
2013;422,00;"Menos de 200 camas";0;0;4;1;50;0;0;3;1;1;0;1;0;0;0;0;1
2013;763,00;"Más de 1.000 camas";47;13;33;2;1024;47;13;32;2;22;2;48;0;0;60;3;3
2013;741,00;"501 - 1000 camas";8;5;20;2;535;8;5;20;2;20;10;56;9;0;64;0;0
2013;553,00;"200 - 500 camas";14;6;11;1;352;14;6;11;1;6;1;22;0;0;0;6;0
2013;357,00;"Menos de 200 camas";0;0;6;0;160;0;0;6;0;2;0;0;0;0;0;12;1
2013;899,00;"Menos de 200 camas";0;0;0;0;70;0;0;0;0;0;0;0;0;0;0;0;0
2013;900,00;"Menos de 200 camas";0;0;2;0;9;0;0;2;0;1;0;0;0;0;2;0;0
2013;932,00;"Menos de 200 camas";0;0;2;0;15;0;0;2;0;0;0;2;0;0;0;0;0
2013;950,00;"Menos de 200 camas";0;0;1;0;6;0;0;1;0;1;0;0;0;0;0;0;0
2013;966,00;"Menos de 200 camas";2;4;2;1;70;1;4;2;1;2;0;0;0;0;0;0;0
2013;967,00;"Menos de 200 camas";0;0;0;0;9;0;0;0;0;0;0;20;0;0;0;0;0
2013;982,00;"Menos de 200 camas";3;1;5;1;93;1;1;4;1;4;0;11;0;0;4;0;2
2013;1014,00;"Menos de 200 camas";0;0;3;0;19;0;0;3;0;3;0;1;0;0;0;0;0
2013;1048,00;"Menos de 200 camas";0;0;1;0;1;0;0;1;0;0;0;0;0;0;0;0;0
2013;1080,00;"Menos de 200 camas";8;2;7;1;105;8;2;6;1;2;0;7;0;0;0;6;1
2013;1074,00;"Menos de 200 camas";0;0;2;0;12;0;0;2;0;1;0;1;0;0;0;3;2
2013;722,00;"501 - 1000 camas";74;3;27;3;867;74;3;27;3;12;2;69;0;0;12;13;2
2013;660,00;"200 - 500 camas";0;0;12;0;308;0;0;9;0;3;0;10;0;0;21;0;0
2013;75,00;"Menos de 200 camas";0;0;0;0;100;0;0;0;0;0;0;0;40;0;0;0;0
2013;249,00;"Menos de 200 camas";3;2;7;1;118;3;2;7;1;3;0;1;0;0;7;0;0
2013;275,00;"Menos de 200 camas";0;0;5;0;94;0;0;5;0;1;0;0;0;0;6;0;0
2013;227,00;"Menos de 200 camas";6;2;6;1;98;6;2;6;1;2;0;0;0;0;0;0;0
2013;150,00;"Menos de 200 camas";0;0;4;0;82;0;0;4;0;2;0;0;0;0;4;0;0
2013;47,00;"Menos de 200 camas";0;0;0;0;44;0;0;0;0;0;0;0;0;0;0;0;0
2013;172,00;"Menos de 200 camas";0;0;6;0;148;0;0;6;0;1;0;6;0;0;6;0;1
2013;581,00;"Menos de 200 camas";3;2;4;0;103;3;2;4;0;3;0;1;0;0;1;0;0
2013;120,00;"Menos de 200 camas";0;0;1;0;39;0;0;1;0;1;0;0;0;0;0;1;1
2013;445,00;"Menos de 200 camas";0;0;2;0;164;0;0;2;0;0;0;0;0;0;0;0;0
2013;471,00;"200 - 500 camas";0;0;5;0;238;0;0;5;0;2;0;0;0;0;0;0;0
2013;53,00;"Menos de 200 camas";0;0;0;0;80;0;0;0;0;0;0;0;0;0;0;0;0
2013;199,00;"Menos de 200 camas";0;0;3;0;175;0;0;3;0;1;0;0;0;0;4;0;0
2013;575,00;"Menos de 200 camas";6;7;10;0;162;6;7;10;0;5;0;9;0;0;9;0;0
2013;528,00;"Menos de 200 camas";6;3;4;0;98;6;3;3;0;3;1;2;0;0;5;0;0
2013;631,00;"200 - 500 camas";6;2;6;0;264;6;2;6;0;4;2;12;0;0;6;0;1
2013;699,00;"200 - 500 camas";0;0;10;0;362;0;0;9;0;9;2;30;0;0;37;0;0
2013;823,00;"Menos de 200 camas";0;0;3;0;30;0;0;3;0;2;0;0;0;0;3;0;0
2013;849,00;"Menos de 200 camas";0;0;5;0;108;0;0;5;0;2;0;0;0;0;6;0;0
2013;869,00;"Menos de 200 camas";0;0;4;0;90;0;0;4;0;3;0;0;0;0;0;0;0
2013;955,00;"Menos de 200 camas";0;0;0;0;40;0;0;0;0;0;0;0;0;0;0;0;0
2013;983,00;"200 - 500 camas";0;0;0;0;222;0;0;0;0;0;0;0;0;0;0;0;0
2013;1002,00;"Menos de 200 camas";0;0;0;0;60;0;0;0;0;0;0;0;0;0;0;0;0
2013;1015,00;"501 - 1000 camas";22;8;25;2;549;22;8;25;2;22;0;69;0;0;43;0;0
2013;51,00;"Menos de 200 camas";0;0;0;0;28;0;0;0;0;0;0;0;32;0;0;0;0
2013;441,00;"Menos de 200 camas";0;0;7;0;193;0;0;7;0;3;0;0;0;0;0;0;0
2013;327,00;"Menos de 200 camas";0;0;0;0;199;0;0;0;0;0;0;0;18;38;0;0;0
2013;690,00;"200 - 500 camas";4;2;15;2;209;4;2;15;2;3;0;24;0;0;2;0;0
2013;262,00;"Menos de 200 camas";2;2;7;0;90;2;2;7;0;2;0;3;0;0;0;7;0
2013;403,00;"Menos de 200 camas";0;0;3;0;13;0;0;3;0;1;0;0;0;0;0;0;0
2013;312,00;"Menos de 200 camas";0;0;0;0;155;0;0;0;0;0;0;0;15;0;0;0;0
2013;589,00;"Menos de 200 camas";2;1;4;0;91;2;1;4;0;6;0;6;0;0;6;0;0
2013;665,00;"Menos de 200 camas";3;2;4;0;179;3;2;4;0;4;0;3;0;0;0;0;0
2013;334,00;"Menos de 200 camas";0;0;0;0;21;0;0;0;0;0;0;0;0;0;0;0;0
2013;1075,00;"Más de 1.000 camas";26;4;31;1;990;26;4;31;1;8;6;63;140;0;0;23;0
2013;751,00;"501 - 1000 camas";11;3;22;1;837;11;3;18;1;10;3;79;20;0;0;26;4
2013;186,00;"Menos de 200 camas";1;0;3;1;49;1;0;3;1;3;0;0;0;0;0;0;0
2013;646,00;"Menos de 200 camas";2;1;2;0;101;2;1;2;0;3;0;10;0;0;2;1;2
2013;536,00;"Menos de 200 camas";1;1;3;0;79;1;1;3;0;5;0;8;0;0;3;1;1
2013;242,00;"Menos de 200 camas";2;1;2;0;49;1;1;2;0;2;0;0;0;0;0;0;0
2013;490,00;"Menos de 200 camas";0;0;5;0;170;0;0;4;0;2;0;1;0;15;0;15;0
2013;500,00;"200 - 500 camas";3;2;5;1;126;3;2;5;1;4;0;9;0;0;0;0;0
2013;206,00;"Menos de 200 camas";0;0;3;0;48;0;0;3;0;1;0;0;0;0;0;0;0
2013;58,00;"Menos de 200 camas";0;0;0;0;30;0;0;0;0;0;0;0;0;0;0;0;0
2013;572,00;"200 - 500 camas";12;4;11;0;354;12;4;9;0;10;0;17;50;0;12;0;0
2013;180,00;"Menos de 200 camas";0;0;2;0;84;0;0;2;0;1;0;0;0;0;0;0;0
2013;549,00;"Menos de 200 camas";4;2;3;0;103;4;2;3;0;6;0;4;0;0;0;0;0
2013;582,00;"Menos de 200 camas";3;3;3;0;100;3;3;3;0;3;0;4;0;0;2;0;0
2013;743,00;"200 - 500 camas";15;2;14;1;453;15;2;12;1;7;3;41;0;0;20;0;0
2013;795,00;"Menos de 200 camas";0;0;5;0;113;0;0;5;0;1;0;0;0;0;7;8;0
2013;269,00;"Menos de 200 camas";0;0;3;0;24;0;0;3;0;1;0;0;0;0;0;0;0
2013;634,00;"200 - 500 camas";0;0;6;0;188;0;0;6;0;3;0;6;0;0;6;0;0
2013;1,00;"Menos de 200 camas";2;1;4;0;46;2;1;4;0;1;0;2;0;0;0;0;0
2013;717,00;"200 - 500 camas";8;2;5;0;201;8;2;4;0;4;0;7;15;0;8;0;0
2013;373,00;"Menos de 200 camas";0;0;0;0;138;0;0;0;0;1;0;0;0;0;0;0;0
2013;535,00;"Menos de 200 camas";2;2;5;0;151;2;2;5;0;5;2;5;20;0;0;13;0
2013;824,00;"Más de 1.000 camas";17;4;30;2;1043;17;4;26;2;50;7;113;12;0;46;1;1
2013;888,00;"Menos de 200 camas";2;1;3;0;90;2;1;3;0;2;0;0;0;0;0;0;0
2013;902,00;"Menos de 200 camas";0;0;1;0;19;0;0;1;0;1;0;0;0;0;0;0;0
2013;968,00;"Menos de 200 camas";0;0;0;0;35;0;0;0;0;0;0;0;0;0;0;0;0
2013;346,00;"200 - 500 camas";0;0;0;0;284;0;0;0;0;0;0;0;0;0;0;0;0
2013;27,00;"Menos de 200 camas";0;0;0;0;97;0;0;0;0;0;0;0;0;0;0;0;0
2013;165,00;"Menos de 200 camas";2;1;2;0;44;2;1;2;0;1;0;2;0;0;0;0;0
2013;956,00;"200 - 500 camas";10;2;12;0;460;10;2;9;0;9;0;47;16;0;0;19;0
2013;413,00;"Menos de 200 camas";0;0;0;0;53;0;0;0;0;0;0;0;0;0;0;0;0
2013;149,00;"Menos de 200 camas";0;0;3;0;66;0;0;3;0;1;0;0;0;0;16;0;0
2013;612,00;"Menos de 200 camas";7;3;7;1;163;7;3;7;1;9;0;6;0;0;0;0;0
2013;559,00;"Menos de 200 camas";0;0;4;0;87;0;0;4;0;3;0;0;0;0;0;0;0
2013;7,00;"Menos de 200 camas";0;0;5;0;113;0;0;5;0;1;0;0;0;0;0;0;0
2013;283,00;"Menos de 200 camas";0;0;8;1;160;0;0;8;1;6;0;0;0;0;0;0;0
2013;37,00;"Menos de 200 camas";0;0;0;0;43;0;0;0;0;0;0;0;0;0;0;0;0
2013;153,00;"Menos de 200 camas";0;0;8;0;177;0;0;8;0;5;0;0;0;0;0;0;0
2013;547,00;"200 - 500 camas";4;5;9;0;230;4;5;7;0;8;0;19;0;0;1;2;1
2013;397,00;"Menos de 200 camas";0;0;0;0;80;0;0;0;0;2;0;0;0;18;0;0;0
2013;556,00;"Menos de 200 camas";6;4;4;0;121;6;4;4;0;4;0;15;0;0;0;0;0
2013;42,00;"Menos de 200 camas";0;0;0;0;76;0;0;0;0;0;0;0;0;0;0;0;0
2013;31,00;"200 - 500 camas";0;0;0;0;241;0;0;0;0;0;0;0;0;40;0;0;0
2013;740,00;"501 - 1000 camas";40;8;26;1;799;40;8;18;1;14;4;38;37;0;32;0;0
2013;217,00;"Menos de 200 camas";0;0;3;0;41;0;0;3;0;1;0;0;0;0;0;0;0
2013;863,00;"Menos de 200 camas";2;1;3;0;21;1;1;2;0;1;0;0;0;0;0;0;0
2013;889,00;"501 - 1000 camas";0;0;22;3;688;0;0;15;3;14;7;64;0;0;0;23;4
2013;984,00;"Menos de 200 camas";0;0;5;0;127;0;0;5;0;3;0;0;0;0;0;0;0
2013;34,00;"Menos de 200 camas";0;0;0;0;69;0;0;0;0;0;0;0;0;0;0;0;0
2013;791,00;"Menos de 200 camas";2;1;5;0;120;0;1;5;0;3;0;0;0;0;0;0;0
2013;181,00;"Menos de 200 camas";0;0;0;0;77;0;0;0;0;1;0;0;0;0;0;0;0
2013;430,00;"Menos de 200 camas";0;0;1;0;14;0;0;1;0;1;0;0;0;0;0;0;0
2013;715,00;"501 - 1000 camas";3;2;12;1;396;3;2;12;1;10;0;13;0;0;0;0;0
2013;521,00;"Menos de 200 camas";0;0;3;0;43;0;0;3;0;4;0;1;0;0;1;1;1
2013;524,00;"Menos de 200 camas";2;1;9;1;192;2;1;9;1;2;0;5;0;0;0;6;2
2013;432,00;"Menos de 200 camas";0;0;2;0;18;0;0;2;0;1;0;0;0;0;0;0;0
2013;19,00;"Menos de 200 camas";3;1;2;0;15;3;1;2;0;0;0;0;0;0;0;0;0
2013;25,00;"Menos de 200 camas";0;0;0;0;47;0;0;0;0;0;0;0;0;0;0;0;0
2013;26,00;"Menos de 200 camas";0;0;0;0;59;0;0;0;0;0;0;0;0;0;0;0;0
2013;890,00;"501 - 1000 camas";18;2;17;1;589;18;2;17;1;21;4;48;20;0;0;15;0
2013;904,00;"Menos de 200 camas";0;1;3;0;93;0;1;3;0;3;0;2;0;0;0;0;0
2013;957,00;"Más de 1.000 camas";21;3;33;4;1186;21;3;33;4;22;4;83;20;0;33;27;2
2013;939,00;"501 - 1000 camas";18;3;26;2;892;18;3;26;2;19;1;19;27;0;0;37;6
2013;236,00;"Menos de 200 camas";1;1;5;0;99;1;1;5;0;0;0;15;0;0;15;0;0
2013;735,00;"501 - 1000 camas";38;3;22;1;781;38;3;22;1;8;6;62;45;0;0;10;2
2013;146,00;"200 - 500 camas";0;0;0;0;267;0;0;0;0;1;0;0;0;0;0;0;0
2013;363,00;"Menos de 200 camas";0;0;6;1;186;0;0;6;1;1;0;0;0;0;0;0;0
2013;187,00;"Menos de 200 camas";0;0;4;0;185;0;0;4;0;2;0;0;0;0;0;0;0
2013;265,00;"Menos de 200 camas";0;0;2;0;71;0;0;2;0;5;0;0;0;0;0;0;0
2013;295,00;"Menos de 200 camas";0;0;5;0;16;0;0;4;0;2;0;0;0;0;0;0;0
2013;496,00;"200 - 500 camas";4;2;5;1;153;2;2;4;1;3;0;0;0;0;0;0;0
2013;77,00;"Menos de 200 camas";0;0;0;0;99;0;0;0;0;0;0;0;0;0;0;0;0
2013;391,00;"Menos de 200 camas";0;0;2;0;32;0;0;2;0;1;0;0;0;0;0;0;0
2013;240,00;"Menos de 200 camas";2;1;4;0;164;1;1;4;0;2;0;0;0;0;0;1;1
2013;448,00;"Menos de 200 camas";0;1;2;0;38;0;1;2;0;1;0;0;0;0;0;0;0
2013;151,00;"Menos de 200 camas";0;0;0;0;144;0;0;0;0;1;0;0;0;0;0;0;0
2013;425,00;"Menos de 200 camas";3;1;2;0;25;0;1;2;0;1;0;0;0;0;0;0;0
2013;300,00;"Menos de 200 camas";0;0;2;0;49;0;0;2;0;2;0;0;0;0;0;0;0
2013;339,00;"Menos de 200 camas";1;1;5;1;53;0;1;5;1;3;0;0;0;0;0;0;0
2013;826,00;"Menos de 200 camas";0;0;0;0;70;0;0;0;0;0;0;0;0;0;0;0;0
2013;874,00;"Menos de 200 camas";3;2;5;0;198;3;2;5;0;6;1;2;0;0;0;0;0
2013;905,00;"501 - 1000 camas";18;4;21;2;743;18;4;20;2;7;3;37;0;0;0;24;7
2013;736,00;"501 - 1000 camas";22;3;34;2;813;22;3;24;2;16;0;39;40;0;58;0;0
2013;459,00;"Menos de 200 camas";0;0;2;0;30;0;0;2;0;1;0;0;0;0;0;0;0
2013;320,00;"Menos de 200 camas";0;0;3;0;120;0;0;3;0;1;0;0;0;1;0;8;3
2013;45,00;"200 - 500 camas";0;0;0;0;396;0;0;0;0;0;0;0;140;57;0;0;0
2013;292,00;"Menos de 200 camas";0;0;0;0;60;0;0;0;0;0;0;0;30;0;0;0;0
2013;618,00;"Menos de 200 camas";2;1;5;0;115;2;1;5;0;6;1;12;0;0;20;0;0
2013;463,00;"200 - 500 camas";0;2;10;0;234;0;0;7;0;6;3;39;15;0;22;0;0
2013;891,00;"Menos de 200 camas";0;3;7;0;93;0;3;7;0;3;0;0;0;0;0;0;0
2013;958,00;"200 - 500 camas";10;2;9;0;318;10;2;9;0;10;0;22;0;10;6;0;0
2013;244,00;"Menos de 200 camas";1;1;2;0;50;1;1;2;0;0;0;0;0;0;0;0;0
2013;28,00;"Menos de 200 camas";0;0;0;0;52;0;0;0;0;0;0;0;0;0;0;0;0
2013;444,00;"Menos de 200 camas";0;0;5;0;27;0;0;5;0;3;0;2;0;0;4;0;0
2013;479,00;"Menos de 200 camas";0;0;2;0;51;0;0;2;0;1;0;0;0;0;0;36;2
2013;285,00;"Menos de 200 camas";1;2;4;1;91;1;2;4;1;2;0;7;0;0;0;0;0
2013;253,00;"Menos de 200 camas";10;5;10;1;141;7;5;10;1;3;0;0;0;0;2;10;3
2013;481,00;"Menos de 200 camas";3;2;4;1;53;3;2;4;1;3;0;0;0;0;0;0;4
2013;540,00;"Menos de 200 camas";5;3;8;1;126;5;3;8;1;5;0;0;0;0;0;0;0
2013;332,00;"Menos de 200 camas";0;0;2;0;10;0;0;2;0;0;0;0;0;0;0;0;0
2013;41,00;"Menos de 200 camas";0;0;0;0;54;0;0;0;0;0;0;0;0;0;0;0;0
2013;510,00;"Menos de 200 camas";0;0;5;0;42;0;0;5;0;4;0;1;0;0;1;1;1
2013;305,00;"Menos de 200 camas";0;0;2;0;12;0;0;0;0;1;0;2;0;0;0;0;0
2013;708,00;"200 - 500 camas";8;2;6;0;176;8;2;6;0;6;0;14;0;0;20;0;0
2013;755,00;"Más de 1.000 camas";59;4;51;3;1188;55;4;51;3;26;6;156;20;0;0;112;9
2013;750,00;"501 - 1000 camas";23;3;25;3;797;23;3;25;3;10;5;48;20;0;0;29;8
2013;696,00;"501 - 1000 camas";24;2;15;1;539;22;2;15;1;23;7;40;0;0;5;22;4
2013;434,00;"Menos de 200 camas";3;1;2;0;24;3;1;2;0;3;0;2;0;0;36;0;0
2013;421,00;"Menos de 200 camas";0;0;4;0;102;0;0;3;0;3;0;0;0;0;0;0;0
2013;827,00;"Menos de 200 camas";0;0;0;0;182;0;0;0;0;0;0;0;0;0;0;0;0
2013;933,00;"200 - 500 camas";0;0;10;0;170;0;0;9;0;8;0;7;0;0;32;0;2
2013;1030,00;"Menos de 200 camas";7;5;18;1;96;7;2;10;1;1;0;5;0;0;0;0;0
2013;1003,00;"Menos de 200 camas";0;0;2;0;16;0;0;2;0;1;0;4;0;0;0;6;2
2013;1050,00;"Menos de 200 camas";0;0;1;0;8;0;0;1;0;3;0;6;0;0;0;2;1
2013;1043,00;"Menos de 200 camas";8;5;8;0;104;8;5;8;0;1;0;0;0;0;0;6;0
2013;934,00;"200 - 500 camas";5;4;8;0;312;5;4;5;0;7;0;20;0;0;0;16;0
2013;629,00;"200 - 500 camas";15;2;12;1;306;15;2;12;1;8;0;15;7;0;7;15;3
2013;21,00;"Menos de 200 camas";0;0;0;0;153;0;0;0;0;0;0;0;0;45;0;0;0
2013;615,00;"Menos de 200 camas";2;6;6;0;184;2;6;6;0;0;0;0;0;0;0;0;0
2013;626,00;"Menos de 200 camas";1;1;5;0;52;1;1;5;0;3;0;0;0;0;0;0;0
2013;417,00;"Menos de 200 camas";0;0;2;0;18;0;0;2;0;2;0;5;0;0;0;0;0
2013;597,00;"Menos de 200 camas";2;1;3;0;106;2;1;3;0;3;0;10;0;10;0;6;0
2013;539,00;"200 - 500 camas";9;7;10;1;325;9;7;8;1;20;0;68;0;20;22;0;0
2013;343,00;"Menos de 200 camas";1;1;3;0;47;1;1;3;0;4;0;0;0;0;0;0;0
2013;135,00;"200 - 500 camas";0;0;0;0;316;0;0;0;0;0;0;0;0;0;0;0;0
2013;158,00;"501 - 1000 camas";0;0;0;0;632;0;0;0;0;1;0;0;24;20;0;0;0
2013;775,00;"200 - 500 camas";6;6;6;0;157;6;6;6;0;4;0;14;0;0;0;4;0
2013;177,00;"200 - 500 camas";0;0;0;0;250;0;0;0;0;1;0;0;0;40;0;0;0
2013;578,00;"Menos de 200 camas";2;1;3;0;38;2;1;3;0;2;0;0;0;0;0;0;0
2013;416,00;"Menos de 200 camas";0;0;2;0;112;0;0;2;0;5;0;0;0;20;0;0;0
2013;561,00;"Menos de 200 camas";2;1;3;0;150;2;1;3;0;4;0;10;0;34;0;12;1
2013;828,00;"Menos de 200 camas";0;0;0;0;85;0;0;0;0;0;0;0;0;25;0;0;0
2013;860,00;"Menos de 200 camas";3;1;3;0;61;3;1;3;0;3;0;0;0;0;0;0;0
2013;935,00;"Menos de 200 camas";0;0;0;0;70;0;0;0;0;0;0;0;0;20;0;0;0
2013;936,00;"Menos de 200 camas";0;0;0;0;25;0;0;0;0;0;0;0;0;0;0;0;0
2013;986,00;"Menos de 200 camas";0;0;0;0;45;0;0;0;0;0;0;0;40;0;0;0;0
2013;987,00;"Menos de 200 camas";2;2;4;0;98;0;2;4;0;5;0;0;0;0;0;0;0
2013;1021,00;"Menos de 200 camas";0;0;0;0;30;0;0;0;0;0;0;0;0;0;0;0;0
2013;1085,00;"Menos de 200 camas";0;0;0;0;70;0;0;0;0;0;0;0;0;0;0;0;0
2013;658,00;"200 - 500 camas";4;2;5;0;205;4;2;5;0;4;0;12;0;0;0;7;0
2013;353,00;"Menos de 200 camas";0;0;0;0;46;0;0;0;0;2;0;0;0;15;0;0;0
2013;323,00;"Menos de 200 camas";0;0;0;0;150;0;0;0;0;0;0;0;20;0;0;0;0
2013;620,00;"Menos de 200 camas";3;2;3;0;123;3;2;3;0;3;0;0;0;0;0;0;0
2013;384,00;"200 - 500 camas";0;0;1;0;163;0;0;1;0;1;0;3;0;0;0;0;0
2013;554,00;"200 - 500 camas";12;2;10;1;250;10;2;10;1;9;0;16;15;0;0;0;0
2013;209,00;"Menos de 200 camas";0;0;2;0;17;0;0;2;0;2;0;0;0;0;0;0;0
2013;707,00;"501 - 1000 camas";39;3;24;2;813;38;3;21;2;7;7;29;1;12;0;0;0
2013;395,00;"Menos de 200 camas";0;0;1;0;10;0;0;1;0;1;0;0;0;0;0;0;0
2013;969,00;"Menos de 200 camas";0;0;4;0;36;0;0;4;0;2;0;5;0;0;0;0;0
2013;1052,00;"Menos de 200 camas";0;0;0;0;30;0;0;0;0;0;0;0;0;0;0;0;0
2013;739,00;"Más de 1.000 camas";54;8;40;3;970;54;8;40;3;46;4;79;0;0;0;56;0
2013;613,00;"501 - 1000 camas";6;2;18;1;497;6;2;18;1;10;4;28;0;0;0;16;3
2013;593,00;"200 - 500 camas";0;0;10;0;285;0;0;10;0;6;4;17;0;0;19;0;0
2013;704,00;"501 - 1000 camas";22;3;16;1;540;22;3;16;1;9;4;41;0;0;24;0;0
2013;493,00;"Menos de 200 camas";0;0;6;0;33;0;0;6;0;2;0;0;0;0;0;30;0
2013;686,00;"501 - 1000 camas";8;1;26;2;471;8;1;26;2;5;0;46;0;0;12;10;3
2013;257,00;"Menos de 200 camas";18;3;12;1;175;18;3;12;1;2;0;0;0;0;0;0;0
2013;494,00;"Menos de 200 camas";0;0;5;0;36;0;0;3;0;1;0;0;0;0;0;0;0
2013;681,00;"Menos de 200 camas";0;0;8;0;115;0;0;8;0;2;0;33;0;0;0;0;0
2013;286,00;"Menos de 200 camas";10;2;11;1;100;5;2;10;1;3;0;0;0;0;0;0;0
2013;255,00;"Menos de 200 camas";2;1;7;1;73;2;1;7;1;3;0;9;0;0;11;3;0
2013;79,00;"Menos de 200 camas";0;0;0;0;80;0;0;0;0;0;0;0;0;0;0;0;0
2013;81,00;"Menos de 200 camas";0;0;0;0;75;0;0;0;0;0;0;0;0;0;0;0;0
2013;688,00;"200 - 500 camas";6;2;6;0;236;6;2;6;0;6;1;11;0;0;0;6;1
2013;531,00;"200 - 500 camas";7;2;8;0;233;7;2;8;0;6;2;23;0;0;0;8;0
2013;514,00;"Menos de 200 camas";0;1;3;0;38;0;1;3;0;3;0;2;0;0;0;14;0
2013;499,00;"200 - 500 camas";0;0;8;0;111;0;0;7;0;5;0;0;0;0;0;0;0
2013;532,00;"200 - 500 camas";4;2;11;0;242;4;2;11;0;7;1;15;0;0;0;23;1
2013;190,00;"Menos de 200 camas";0;0;0;0;144;0;0;0;0;3;0;0;0;0;0;0;0
2013;598,00;"Menos de 200 camas";4;1;3;0;83;4;1;3;0;5;0;8;0;0;0;6;0
2013;260,00;"200 - 500 camas";15;5;21;1;230;15;5;21;1;4;0;0;0;0;0;0;0
2013;838,00;"Menos de 200 camas";0;0;1;0;11;0;0;1;0;1;0;0;0;0;0;0;0
2013;839,00;"Menos de 200 camas";2;1;4;0;24;0;0;4;0;1;0;16;0;0;0;0;0
2013;851,00;"Menos de 200 camas";0;0;2;0;7;0;0;2;0;0;0;0;0;0;2;0;0
2013;852,00;"200 - 500 camas";4;5;14;1;301;4;5;14;1;3;4;15;1;0;0;30;3
2013;988,00;"Menos de 200 camas";0;0;0;0;125;0;0;0;0;1;0;12;20;0;0;0;0
2013;1056,00;"200 - 500 camas";7;2;10;1;226;7;2;10;1;4;4;24;0;0;5;0;0
2013;1044,00;"Menos de 200 camas";0;0;0;0;57;0;0;0;0;0;0;0;0;0;0;0;0
2013;644,00;"501 - 1000 camas";17;6;19;0;582;17;6;19;0;9;2;26;26;0;23;0;2
2013;752,00;"501 - 1000 camas";8;2;17;2;677;8;2;17;2;16;8;34;30;0;0;0;0
2013;238,00;"Menos de 200 camas";0;0;10;0;80;0;0;10;0;3;0;5;0;0;18;0;10
2013;325,00;"200 - 500 camas";0;0;0;0;240;0;0;0;0;0;0;0;0;0;0;0;0
2013;622,00;"Menos de 200 camas";3;2;4;0;101;3;2;3;0;2;0;2;0;0;0;0;0
2013;879,00;"Menos de 200 camas";2;1;4;0;92;2;1;4;0;1;0;0;0;0;0;0;0
2013;906,00;"Menos de 200 camas";4;1;4;1;95;4;1;4;1;1;0;6;0;0;0;0;0
2013;370,00;"200 - 500 camas";0;0;0;0;185;0;0;0;0;2;0;0;0;0;0;0;0
2013;418,00;"Menos de 200 camas";0;0;3;0;44;0;0;3;0;2;0;0;0;0;0;0;0
2013;574,00;"Menos de 200 camas";0;0;2;0;23;0;0;2;0;3;0;0;0;0;0;0;0
2013;399,00;"Menos de 200 camas";0;0;5;0;70;0;0;5;0;1;0;2;0;0;2;2;1
2013;195,00;"Menos de 200 camas";0;0;3;0;40;0;0;3;0;1;0;0;0;0;0;0;0
2013;783,00;"501 - 1000 camas";12;3;18;4;679;12;3;18;4;10;20;51;4;0;36;14;5
2013;263,00;"Menos de 200 camas";1;2;4;0;74;1;2;4;0;1;0;11;0;0;1;0;1
2013;194,00;"Menos de 200 camas";0;0;3;0;30;0;0;2;0;1;0;0;0;0;0;0;0
2013;214,00;"Menos de 200 camas";0;0;3;0;30;0;0;3;0;1;0;0;0;0;0;0;0
2013;785,00;"501 - 1000 camas";30;8;35;2;867;30;8;35;2;11;10;111;10;0;21;0;1
2013;780,00;"Menos de 200 camas";0;0;6;0;112;0;0;6;0;2;5;15;0;0;15;0;1
2013;782,00;"200 - 500 camas";0;0;15;1;364;0;0;15;1;3;7;32;10;0;30;0;0
2013;369,00;"Menos de 200 camas";0;0;0;0;129;0;0;0;0;1;0;0;0;0;0;0;0
2013;84,00;"Menos de 200 camas";0;0;0;0;27;0;0;0;0;0;0;0;0;0;0;0;0
2013;713,00;"Menos de 200 camas";0;0;4;0;94;0;0;4;0;4;0;0;0;0;0;11;2
2013;941,00;"Menos de 200 camas";0;0;0;0;24;0;0;0;0;0;0;0;3;0;0;0;0
2013;1091,00;"200 - 500 camas";0;0;0;0;421;0;0;0;0;0;0;0;398;0;0;0;0
2013;1045,00;"Menos de 200 camas";6;2;11;1;110;6;1;11;1;2;0;1;0;0;1;6;1
2013;1086,00;"Menos de 200 camas";4;2;8;1;138;3;2;8;1;1;0;18;0;0;0;18;2
2013;937,00;"501 - 1000 camas";4;4;14;0;420;4;4;10;0;13;0;27;7;0;0;34;0
2013;1004,00;"Menos de 200 camas";3;1;3;0;44;3;1;2;0;0;0;1;0;0;0;0;0
2013;737,00;"501 - 1000 camas";8;3;18;1;756;8;3;16;1;8;4;14;25;0;17;0;0
2013;765,00;"Más de 1.000 camas";29;3;36;2;1115;29;3;33;2;19;9;53;0;0;0;0;0
2013;329,00;"200 - 500 camas";0;0;7;0;227;0;0;5;0;3;5;6;0;0;19;0;0
2013;87,00;"200 - 500 camas";0;0;0;0;205;0;0;0;0;0;0;0;0;0;0;0;0
2013;527,00;"Menos de 200 camas";0;0;8;0;140;0;0;6;0;2;0;0;0;24;0;0;0
2013;562,00;"Menos de 200 camas";0;0;7;1;107;0;0;7;1;3;0;0;0;0;0;0;0
2013;251,00;"Menos de 200 camas";2;3;5;1;90;2;3;5;1;3;0;0;0;0;0;0;0
2013;129,00;"200 - 500 camas";0;0;0;0;280;0;0;0;0;0;0;0;0;0;0;0;0
2013;154,00;"Menos de 200 camas";0;0;0;0;144;0;0;0;0;1;0;0;0;25;0;0;0
2013;516,00;"Menos de 200 camas";4;1;8;1;113;4;1;8;1;2;0;7;0;0;0;0;0
2013;184,00;"Menos de 200 camas";1;1;4;0;42;1;1;4;0;2;0;0;0;0;0;0;0
2013;652,00;"200 - 500 camas";0;0;5;0;116;0;0;5;0;3;0;0;0;0;0;0;0
2013;637,00;"Menos de 200 camas";2;2;5;0;118;2;2;2;0;4;0;12;0;0;0;0;0
2013;88,00;"Menos de 200 camas";0;0;0;0;43;0;0;0;0;0;0;0;0;0;0;0;0
2013;907,00;"Menos de 200 camas";0;0;0;0;39;0;0;0;0;0;0;0;0;0;0;0;0
2013;970,00;"Menos de 200 camas";0;0;0;0;50;0;0;0;0;0;0;0;50;0;0;0;0
2013;1019,00;"Menos de 200 camas";0;0;2;0;18;0;0;2;0;2;0;0;0;0;0;0;0
2013;1016,00;"Menos de 200 camas";2;2;5;1;68;2;2;5;1;1;0;0;0;0;0;0;0
2013;1047,00;"200 - 500 camas";10;3;7;0;180;10;3;6;0;3;0;10;0;0;0;10;0
2013;635,00;"Menos de 200 camas";12;2;4;0;165;12;2;4;0;5;0;4;2;0;0;0;0
