"año";"NCODI";"biopsias_hosp";"biopsias_CEP";"necropsias_hosp";"angio_hosp";"angio_CEP";"densiometrias_hosp";"densiometrias_CEP";"gamma_hosp";"gamma_CEP";"mamo_hosp";"mamo_CEP";"pet_hosp";"pet_CEP";"resonancia_hosp";"resonancia_CEP";"rx_hosp";"rx_CEP";"spect_hosp";"spect_CEP";"tac_hosp";"tac_CEP";"Colonosopia";"Broncoscopia";"ERCP"
2013;816,00;2432;0;0;0;0;0;0;0;0;2364;0;0;0;0;0;62089;0;0;0;3842;0;960;34;31
2013;833,00;3305;0;3;0;0;0;0;0;0;3540;0;0;0;0;0;77637;0;0;0;4114;0;1125;59;92
2013;870,00;1829;0;1;0;0;456;0;0;0;552;0;0;0;5512;0;16124;0;0;0;3452;0;596;0;0
2013;927,00;2642;0;0;0;0;0;0;0;0;527;0;0;0;4469;0;10751;0;0;0;0;0;0;0;0
2013;961,00;10034;0;9;0;0;0;0;2784;0;2613;0;0;0;0;0;191120;25242;0;0;12492;0;1672;307;0
2013;962,00;0;0;0;0;0;0;0;0;0;156;0;0;0;938;0;3060;0;0;0;407;0;0;0;0
2013;1079,00;0;0;0;0;0;672;0;0;0;1152;0;0;0;1917;0;5280;0;0;0;0;0;72;0;0
2013;1101,00;775;0;1;0;0;0;0;0;0;245;0;0;0;670;0;1094;0;0;0;418;0;241;45;4
2013;666,00;14983;0;69;2054;0;0;3091;0;0;4854;0;0;0;12378;0;96792;39980;0;0;16226;0;1155;1957;151
2013;392,00;0;0;0;0;0;0;0;0;0;0;0;0;0;0;0;1934;0;0;0;0;0;0;0;0
2013;790,00;4424;0;0;0;0;4170;0;3969;0;3039;0;0;0;5569;0;20800;0;661;0;9081;0;1806;52;0
2013;650,00;6695;0;7;0;0;0;0;0;0;4566;0;0;0;0;0;57698;0;0;0;1881;0;941;73;0
2013;876,00;13238;0;31;0;0;0;0;0;0;2130;0;0;0;5502;0;48402;0;0;0;9395;0;1899;160;90
2013;944,00;0;0;0;0;0;0;0;0;0;0;0;0;0;1232;0;7169;0;0;0;220;0;0;0;0
2013;952,00;7775;0;0;0;0;936;0;0;0;3211;0;0;0;5713;0;26497;0;0;0;2721;0;1639;18;15
2013;54,00;0;0;0;0;0;0;0;0;0;0;0;0;0;0;0;0;0;0;0;0;0;0;0;0
2013;367,00;3248;0;0;0;0;1369;0;0;0;21126;0;0;0;5249;0;14869;0;0;0;3309;0;420;5;0
2013;538,00;12323;0;8;0;0;0;0;0;0;4122;0;0;0;5140;0;89496;4465;0;0;8409;0;3908;146;340
2013;557,00;4556;0;0;0;0;0;0;0;0;2078;0;0;0;0;0;35430;0;0;0;3808;0;854;37;0
2013;653,00;6385;0;2;0;0;0;0;0;0;2706;0;0;0;4943;0;65009;5410;0;0;5812;151;1357;102;0
2013;647,00;4839;0;4;0;0;0;0;0;0;1943;0;0;0;0;0;52956;0;0;0;5058;0;393;27;0
2013;978,00;21228;0;13;481;0;3364;0;9038;0;2752;0;4075;0;6182;0;163533;12276;0;0;16975;383;2741;327;288
2013;996,00;0;0;0;0;0;0;0;0;0;707;0;0;0;4961;0;40308;0;0;0;3485;0;2358;67;7
2013;729,00;23602;0;45;1139;0;5917;0;6053;0;19887;0;2162;0;19684;0;317392;33272;650;0;38826;0;4280;1211;672
2013;182,00;5474;0;2;0;0;0;0;0;0;1789;0;0;0;4837;0;21758;0;0;0;6573;0;0;0;0
2013;633,00;0;0;1;0;0;0;0;0;0;103;0;0;0;247;0;45417;0;0;0;58;0;0;0;0
2013;685,00;4568;0;0;0;0;0;0;0;0;10127;0;0;0;0;0;99745;0;0;0;8582;0;5055;196;0
2013;683,00;4085;0;0;0;0;0;0;0;0;4114;0;0;0;0;0;54998;0;0;0;3850;0;522;54;0
2013;945,00;4328;0;0;0;0;0;0;0;0;5324;0;0;0;0;0;47230;0;0;0;3528;0;907;21;0
2013;953,00;0;0;0;248;0;0;0;0;0;0;0;0;0;0;0;0;0;0;0;0;0;0;0;0
2013;1022,00;902;0;0;0;0;0;0;0;0;1323;0;0;0;0;0;34895;0;0;0;1347;0;239;6;0
2013;1049,00;883;0;0;0;0;0;0;0;0;1266;0;0;0;0;0;22201;0;0;0;1276;0;189;1;0
2013;794,00;49726;0;107;760;0;0;1296;0;0;8385;0;0;0;12331;0;161372;74218;0;0;41378;0;8410;985;378
2013;415,00;149;0;0;0;0;0;0;0;0;1321;0;0;0;0;0;2737;0;9410;0;5053;0;84;0;0
2013;592,00;3438;0;0;59;0;883;0;0;0;2666;0;0;0;2330;0;29539;0;0;0;2490;0;0;0;0
2013;497,00;1900;0;0;25;0;236;0;0;0;1405;0;0;0;3045;0;22729;0;0;0;1978;0;651;4;0
2013;726,00;18749;0;29;0;0;2775;0;0;0;3879;0;0;0;4316;0;109581;22578;0;0;20889;0;2506;280;152
2013;272,00;2052;0;0;0;0;0;0;0;0;1255;0;0;0;6496;0;30411;0;0;0;2631;0;49;20;0
2013;805,00;31471;0;131;1779;0;3242;0;4051;0;9498;0;1745;0;12907;0;185427;39539;835;0;34429;0;6765;1264;546
2013;5,00;978;0;0;0;0;0;0;0;0;1564;0;0;0;2445;0;10058;0;0;0;325;0;458;0;0
2013;234,00;13703;0;0;0;0;1013;0;0;0;2895;0;0;0;5448;0;18931;0;0;0;2617;0;1388;21;5
2013;64,00;0;0;0;0;0;0;0;0;0;0;0;0;0;0;0;0;0;0;0;0;0;0;0;0
2013;842,00;0;0;0;0;0;0;0;0;0;604;0;0;0;0;0;32223;0;0;0;5231;0;982;0;0
2013;843,00;2473;0;4;0;0;0;0;0;0;455;0;0;0;0;0;26180;0;0;0;4145;0;1029;0;0
2013;1025,00;8753;0;0;84;0;3148;0;1172;0;7648;0;805;0;6407;0;84975;0;747;0;7732;0;1989;125;0
2013;803,00;8799;0;5;0;0;0;0;28;0;4121;0;0;0;6743;0;81911;8667;2119;0;14479;1379;2387;140;134
2013;211,00;198;0;0;0;0;0;0;0;0;0;0;0;0;0;0;0;0;0;0;0;0;139;0;0
2013;773,00;15369;0;137;558;0;0;0;0;0;2310;0;0;0;0;0;79780;0;0;0;0;0;0;0;0
2013;424,00;0;0;0;0;0;0;0;0;0;0;0;0;0;0;0;256134;0;0;0;0;0;0;0;0
2013;298,00;15593;0;0;241;0;3398;0;5487;0;4821;0;0;0;17874;0;30283;0;29;0;6912;0;0;0;0
2013;594,00;0;0;0;0;0;0;0;0;0;746;0;0;0;1320;0;3697;0;0;0;791;0;0;0;0
2013;237,00;329;0;0;0;0;0;0;0;0;0;0;0;0;0;0;0;0;0;0;0;0;0;0;0
2013;16,00;0;0;0;0;0;0;0;0;0;0;0;0;0;0;0;0;0;0;0;0;0;0;0;0
2013;768,00;2331;0;0;0;0;0;0;0;0;1727;0;0;0;0;0;10070;0;0;0;0;0;0;0;0
2013;617,00;7968;0;15;0;0;0;0;0;0;6110;0;0;0;2697;0;56336;0;0;0;7360;0;0;0;0
2013;297,00;19562;0;0;0;0;780;0;0;0;3921;0;0;0;6213;0;18967;0;0;0;0;0;0;0;0
2013;105,00;0;0;0;0;0;0;0;0;0;0;0;0;0;0;0;0;0;0;0;0;0;0;0;0
2013;544,00;2305;0;1;0;0;0;0;0;0;3193;0;0;0;0;0;31016;0;0;0;0;0;0;0;0
2013;804,00;9074;0;7;0;0;1412;0;0;0;7170;0;0;0;4978;0;32194;0;0;0;5390;0;0;0;0
2013;470,00;593;0;0;0;0;0;0;0;0;1037;0;0;0;0;0;11723;0;0;0;1519;0;0;0;0
2013;104,00;0;0;0;0;0;0;0;0;0;0;0;0;0;0;0;0;0;0;0;0;0;0;0;0
2013;20,00;0;0;0;0;0;0;0;0;0;0;0;0;0;0;0;0;0;0;0;0;0;0;0;0
2013;550,00;0;0;0;0;0;0;0;0;0;5087;0;0;0;0;0;51822;0;0;0;0;0;0;0;0
2013;112,00;0;0;0;0;0;0;0;0;0;0;0;0;0;0;0;0;0;0;0;0;0;0;0;0
2013;818,00;0;0;0;0;0;0;0;0;0;0;0;0;0;0;0;0;0;0;0;0;0;0;0;0
2013;914,00;0;0;0;0;0;0;0;0;0;0;0;0;0;0;0;0;0;0;0;0;0;0;0;0
2013;928,00;0;0;0;0;0;0;0;0;0;0;0;0;0;0;0;0;0;0;0;0;0;0;0;0
2013;964,00;5667;0;44;0;0;0;0;0;0;2396;0;0;0;3206;0;40212;0;0;0;4867;0;0;0;0
2013;1026,00;0;0;0;0;0;0;0;0;0;0;0;0;0;0;0;0;0;0;0;0;0;0;0;0
2013;1068,00;0;0;0;0;0;0;0;0;0;0;0;0;0;0;0;0;0;0;0;0;0;0;0;0
2013;738,00;15545;0;35;1286;0;4516;0;3725;0;15587;0;0;0;3945;0;166695;52640;1315;0;20970;0;2527;662;237
2013;404,00;0;0;0;0;0;0;0;0;0;0;0;0;0;0;0;3203;0;0;0;0;0;799;0;0
2013;274,00;0;0;0;0;0;0;0;1153;0;2102;0;0;0;35;0;51612;0;383;0;2270;0;1080;0;0
2013;270,00;2500;0;0;0;0;0;0;85;0;2300;0;0;0;3100;0;41800;0;0;0;3900;0;885;33;21
2013;676,00;3405;0;0;0;0;0;0;0;0;5964;0;0;0;0;0;72447;0;0;0;5940;0;955;90;79
2013;709,00;6648;0;5;0;0;0;0;0;0;5627;0;0;0;0;0;85349;0;0;0;6900;0;1575;72;0
2013;754,00;20452;0;31;2135;0;4110;0;3807;0;8584;0;6132;0;20311;0;343869;0;347;0;41383;0;4755;517;443
2013;997,00;2672;0;0;0;0;0;0;0;0;2793;0;0;0;0;0;31904;0;0;0;3031;0;663;0;0
2013;734,00;21568;0;9;760;0;0;0;0;0;3460;0;0;0;6091;0;115988;16573;0;0;13987;1712;3793;640;182
2013;299,00;1631;0;0;0;0;579;0;0;0;1255;0;0;0;4467;0;16260;0;0;0;0;0;185;0;0
2013;645,00;0;0;0;0;0;653;0;0;0;1092;0;0;0;0;0;10212;0;0;0;0;0;0;0;0
2013;17,00;0;0;0;0;0;0;0;0;0;0;0;0;0;0;0;0;0;0;0;0;0;0;0;0
2013;1046,00;0;0;0;0;0;0;0;0;0;0;0;0;0;0;0;0;0;0;0;0;0;0;0;0
2013;420,00;0;0;0;0;0;0;0;0;0;0;0;0;0;916;0;5660;0;0;0;0;0;0;0;0
2013;802,00;0;0;0;0;0;0;0;0;0;0;0;0;0;0;0;2769;0;0;0;0;0;0;0;0
2013;266,00;3511;0;0;0;0;488;0;0;0;782;0;0;0;9434;0;26156;0;0;0;4461;0;0;0;0
2013;580,00;941;0;0;19;0;185;0;0;0;423;0;0;0;1328;0;6999;0;0;0;1112;0;0;0;0
2013;137,00;1450;0;0;0;0;7171;0;0;0;1595;0;0;0;3590;0;7357;0;0;0;1147;0;0;0;0
2013;769,00;4776;0;7;0;0;117;0;4790;0;45199;0;1783;0;1519;0;6096;0;2498;0;8009;0;0;0;0
2013;776,00;4140;0;2;0;0;0;0;0;0;0;0;0;0;0;0;33485;17155;0;0;6199;0;0;0;0
2013;640,00;4352;0;0;0;0;0;0;0;0;1;0;0;0;0;0;45507;0;0;0;4089;0;0;0;0
2013;315,00;0;0;0;0;0;0;0;0;0;0;0;0;0;0;0;0;0;0;0;0;0;0;0;0
2013;40,00;0;0;0;0;0;0;0;0;0;0;0;0;0;0;0;0;0;0;0;0;0;0;0;0
2013;508,00;3244;1;0;0;0;0;0;0;0;35;0;0;0;4294;0;15961;7446;0;0;4741;0;0;0;0
2013;46,00;0;0;0;0;0;0;0;0;0;0;0;0;0;0;0;0;0;0;0;0;0;0;0;0
2013;590,00;9884;0;1;0;0;0;0;0;0;0;0;0;0;0;0;56670;0;0;0;5752;0;0;0;0
2013;777,00;10645;0;9;0;0;0;0;0;0;0;0;0;0;0;0;38582;15661;0;0;4024;0;0;0;0
2013;897,00;29285;0;40;1047;0;0;0;0;0;6867;0;0;0;0;0;137548;101771;0;0;31640;0;0;0;0
2013;965,00;0;0;0;0;0;0;0;0;0;0;0;0;0;0;0;0;0;0;0;0;0;0;0;0
2013;671,00;6285;0;8;0;0;0;0;0;0;6924;0;0;0;4662;0;118406;0;0;0;6966;0;1248;187;3
2013;461,00;2537;0;0;0;0;0;0;0;0;345;0;0;0;0;0;19066;0;0;0;0;0;803;0;0
2013;376,00;690;0;0;0;0;290;0;0;0;0;0;0;0;0;0;6937;0;0;0;565;0;73;0;0
2013;621,00;3601;0;3;0;0;0;0;0;0;4127;0;0;0;2438;0;53648;0;0;0;4122;0;824;53;0
2013;793,00;9559;0;23;1164;0;0;2817;3115;0;13662;1136;0;0;8074;0;169546;77141;2543;0;16852;0;2158;685;141
2013;1102,00;299;0;0;0;0;0;0;0;0;216;0;0;0;0;0;5396;0;0;0;398;0;0;0;0
2013;712,00;15601;0;6;0;0;0;0;0;0;1833;0;0;0;0;0;61643;0;0;0;6858;0;2297;2119;246
2013;32,00;0;0;0;0;0;0;0;0;0;0;0;0;0;0;0;0;0;0;0;0;0;0;0;0
2013;361,00;0;0;0;0;0;0;0;0;0;8412;0;0;0;0;0;2075;0;0;0;1655;0;0;0;0
2013;486,00;0;0;0;0;0;0;0;1382;0;619;0;0;0;0;0;4698;0;0;0;1255;0;453;0;0
2013;595,00;5816;0;5;0;0;0;0;0;0;2825;0;0;0;0;0;53841;7206;0;0;8030;0;1477;63;0
2013;433,00;0;0;0;0;0;0;0;0;0;556;0;0;0;617;0;15011;0;0;0;222;0;0;0;0
2013;1058,00;0;0;0;0;0;0;0;0;0;67;0;0;0;627;0;9355;0;0;0;297;0;172;0;0
2013;261,00;2019;0;0;0;0;0;0;0;0;0;0;0;0;0;0;8838;0;0;0;0;0;655;0;0
2013;730,00;9086;0;1;0;0;0;0;0;0;9230;0;0;0;0;0;80430;0;0;0;14510;0;1222;87;0
2013;577,00;5262;0;4;0;0;0;0;0;0;4120;0;0;0;0;0;79252;0;0;0;6627;0;2184;15;0
2013;788,00;14596;0;20;1525;0;0;0;4266;0;4639;0;0;0;13092;0;220323;0;0;0;22492;0;4157;73;149
2013;865,00;3103;0;0;0;0;0;0;0;0;4687;0;0;0;0;0;63146;0;0;0;4547;0;188;29;0
2013;979,00;703;0;0;0;0;0;0;0;0;1174;0;0;0;0;0;21599;0;0;0;1754;0;184;8;0
2013;998,00;236;0;0;0;0;0;0;0;0;693;0;0;0;0;0;9251;0;0;0;0;0;72;2;0
2013;221,00;0;0;0;0;0;400;0;0;0;700;0;0;0;250;0;600;0;0;0;500;0;200;100;30
2013;506,00;0;0;0;0;0;687;0;309;0;281;0;0;0;3111;0;30386;0;0;0;2655;0;0;0;0
2013;727,00;12146;0;8;0;0;0;0;0;0;2547;0;0;0;5923;0;107800;0;0;0;15497;0;3659;283;0
2013;355,00;362;0;0;0;0;0;0;0;0;0;0;0;0;1005;0;6357;0;0;0;781;0;36;0;0
2013;487,00;341;0;0;0;0;5;0;0;0;45;0;0;0;352;0;8574;0;0;0;2098;0;162;17;0
2013;938,00;20953;0;52;1828;0;3496;0;5239;0;3706;7667;0;0;14589;0;157231;76888;0;0;26230;0;6487;621;0
2013;886,00;375;0;0;0;0;36;0;0;0;88;0;0;0;970;0;7626;0;0;0;741;0;159;0;0
2013;835,00;1150;0;0;0;0;692;0;0;0;0;0;0;0;2300;0;713;0;0;0;1275;0;705;0;0
2013;999,00;0;0;0;0;0;0;0;0;0;0;0;0;0;0;0;60;0;0;0;0;0;0;0;0
2013;798,00;19460;0;89;689;0;0;0;0;0;8566;0;0;0;0;0;124371;0;0;0;20375;0;0;0;0
2013;504,00;0;0;0;248;0;0;0;0;0;1124;0;0;0;7143;0;34658;0;0;0;9757;0;0;0;0
2013;247,00;773;0;0;0;0;0;0;0;0;965;0;0;0;0;0;7071;0;0;0;2807;0;0;0;0
2013;216,00;957;0;0;0;0;3153;0;0;0;1528;0;0;0;3891;0;16194;0;0;0;2180;0;0;0;0
2013;654,00;2652;0;0;0;0;0;0;0;0;2039;0;0;0;2305;0;10743;0;0;0;4211;0;0;0;0
2013;65,00;0;0;0;0;0;0;0;0;0;0;0;0;0;0;0;0;0;0;0;0;0;0;0;0
2013;472,00;696;0;0;0;0;0;0;0;0;1090;0;0;0;598;0;14063;0;0;0;1522;0;0;0;0
2013;427,00;0;0;0;0;0;0;0;0;0;0;0;0;0;0;0;4157;0;0;0;0;0;0;0;0
2013;113,00;0;0;0;0;0;0;0;0;0;0;0;0;0;0;0;0;0;0;0;0;0;0;0;0
2013;619,00;0;0;0;0;0;0;0;0;0;1211;0;0;0;3260;0;8392;0;0;0;1057;0;0;0;0
2013;163,00;1;0;0;0;0;863;0;0;0;978;0;0;0;0;0;11930;0;0;0;1715;0;0;0;0
2013;131,00;0;0;0;0;0;0;0;0;0;0;0;0;0;0;0;0;0;0;0;0;0;0;0;0
2013;375,00;0;0;0;0;0;0;0;0;0;0;0;0;0;0;0;0;0;0;0;0;0;0;0;0
2013;1090,00;34204;0;178;45;0;0;0;0;0;4928;0;0;0;0;0;204544;0;0;0;23639;0;0;0;0
2013;764,00;20423;0;34;460;0;3133;0;0;0;5478;0;0;0;4708;0;184537;0;0;0;24635;0;2398;594;416
2013;14,00;0;0;0;0;0;0;0;0;0;0;0;0;0;0;0;0;0;0;0;0;0;467;0;0
2013;657,00;4088;0;1;0;0;0;0;0;0;1353;0;0;0;0;0;41523;0;0;0;4453;0;996;40;0
2013;362,00;2403;0;0;112;0;0;0;5173;0;22813;0;0;0;7928;0;11874;0;0;0;1401;0;512;3;0
2013;989,00;0;0;0;0;0;0;0;0;0;1199;0;0;0;0;0;29080;0;0;0;4159;0;948;66;0
2013;990,00;0;0;0;0;0;0;0;0;0;1100;0;0;0;0;0;45491;0;0;0;4290;0;889;214;0
2013;680,00;25099;0;44;3317;0;4676;0;0;0;12255;0;0;0;14663;0;165157;23594;0;0;22550;0;3850;926;184
2013;411,00;6084;0;0;271;0;4798;0;0;0;3241;0;0;0;6466;0;28772;0;0;0;4410;0;1012;22;20
2013;241,00;2560;0;0;0;0;0;0;0;0;211;0;0;0;0;0;21481;0;0;0;0;0;0;0;0
2013;558,00;8632;0;5;0;0;2404;0;0;0;3504;0;0;0;7430;0;72699;0;0;0;9426;0;1483;156;142
2013;167,00;0;0;0;0;0;980;0;0;0;0;0;0;0;0;0;1520;0;0;0;135;0;0;0;0
2013;248,00;1377;0;0;901;0;230;0;1376;0;818;0;420;0;14802;0;23954;0;0;0;9328;0;1180;58;0
2013;224,00;401;0;0;0;0;505;0;0;0;981;0;0;0;1639;0;8763;0;0;0;1338;0;0;0;0
2013;591,00;13129;0;15;0;0;2416;0;0;0;5749;0;0;0;10011;0;110586;0;0;0;12223;0;2982;302;96
2013;586,00;21393;0;18;0;0;1297;0;0;0;6418;0;0;0;6697;0;147927;0;0;0;20063;0;2316;275;106
2013;453,00;0;0;0;0;0;0;0;0;0;0;0;0;0;0;0;18190;0;0;0;3973;0;602;18;0
2013;145,00;0;0;0;0;0;0;0;0;0;0;0;0;0;0;0;0;0;0;0;0;0;0;0;0
2013;511,00;11981;0;6;0;0;0;0;0;0;4054;0;0;0;0;0;61364;29592;0;0;10689;0;3043;269;100
2013;530,00;15444;0;15;0;0;0;0;0;0;2061;0;0;0;7293;0;67665;29377;0;0;12944;0;3560;345;79
2013;6,00;819;0;0;4;0;1997;0;1172;0;3165;0;429;0;7345;0;13643;0;0;0;3947;0;0;0;0
2013;161,00;0;0;0;0;0;0;0;0;0;0;0;0;0;0;0;0;0;0;0;0;0;0;0;0
2013;623,00;16741;0;4;0;0;0;4267;9658;0;8161;0;0;0;4853;0;97182;19301;0;0;18832;0;2526;1366;108
2013;489,00;836;0;0;0;0;0;0;0;0;598;0;0;0;1432;0;18954;0;0;0;1120;0;176;0;0
2013;875,00;3656;0;1;5;0;1289;0;520;0;2673;0;280;0;4982;0;39200;0;59;0;6267;0;842;75;13
2013;940,00;0;0;0;0;0;0;0;0;0;0;0;0;0;0;0;0;0;0;0;0;0;0;0;0
2013;946,00;4796;0;1;205;0;1019;0;267;0;1870;0;0;0;5022;0;20615;0;0;0;4643;0;655;121;9
2013;1023,00;13146;0;14;646;0;6801;0;0;0;4636;0;0;0;7557;0;126652;0;0;0;15031;0;2351;316;0
2013;1054,00;0;0;0;1590;0;4049;0;0;0;2846;0;0;0;6707;0;78058;0;0;0;12124;0;2572;133;28
2013;1057,00;0;0;0;0;0;0;0;0;0;0;0;0;0;0;0;2739;0;0;0;620;0;0;0;0
2013;1031,00;0;0;0;0;0;0;0;0;0;0;0;0;0;0;0;0;0;0;0;0;0;0;0;0
2013;1032,00;12201;0;6;502;0;3753;0;0;0;4043;0;2251;0;7060;0;113492;0;1644;0;13113;0;2647;547;135
2013;1064,00;2978;0;0;90;0;590;0;0;0;1376;0;0;0;5134;0;8700;0;0;0;1948;0;421;45;18
2013;226,00;2230;0;0;240;0;3246;0;317;0;2078;0;0;0;5301;0;7996;0;0;0;2089;0;1138;0;0
2013;687,00;13123;0;5;0;0;0;0;0;0;4364;0;0;0;8174;0;74872;0;0;0;6183;0;1678;165;0
2013;745,00;11598;0;21;632;0;1992;0;3020;0;8610;15854;0;0;3695;0;159365;82996;969;0;14915;4410;2892;557;310
2013;109,00;5640;0;0;0;0;1253;0;0;0;1818;0;0;0;5222;0;31535;0;0;0;3065;0;930;0;0
2013;808,00;12942;0;10;0;0;0;0;0;0;3135;0;0;0;5049;0;90825;0;0;0;11002;0;3013;261;169
2013;971,00;2065;0;0;0;0;0;0;0;0;437;0;0;0;0;0;29808;0;0;0;1371;0;610;0;0
2013;128,00;0;0;0;0;0;443;0;0;0;968;0;0;0;0;0;14980;0;0;0;0;0;183;0;0
2013;919,00;10916;0;14;0;0;991;0;0;0;7694;0;0;0;6426;0;85037;15697;0;0;11536;0;2440;157;35
2013;725,00;23260;0;17;268;0;3749;0;0;0;5127;0;2373;0;9053;0;66604;0;10164;0;15216;0;2647;580;327
2013;3,00;0;0;0;0;0;0;0;0;0;0;0;0;0;0;0;0;0;0;0;0;0;0;0;0
2013;386,00;0;0;0;0;0;0;0;0;0;0;0;0;0;0;0;177;0;0;0;0;0;0;0;0
2013;306,00;25;0;0;0;0;0;0;0;0;0;0;0;0;0;0;0;0;0;0;0;0;12;20;0
2013;15,00;682;0;0;0;0;0;0;0;0;114;0;0;0;0;0;3002;0;0;0;0;0;21;0;0
2013;264,00;0;0;0;0;0;0;0;0;0;948;0;0;0;24;0;20420;0;0;0;3059;0;1225;33;0
2013;867,00;0;0;0;0;0;0;0;0;0;828;0;0;0;0;0;7338;0;0;0;0;0;361;0;0
2013;910,00;7983;0;2;0;0;0;0;0;0;3485;0;0;0;2411;0;69376;0;0;0;8323;0;1509;115;0
2013;1053,00;12558;0;7;0;0;0;0;0;0;5938;0;0;0;3919;0;71572;7385;0;0;10306;0;3187;170;0
2013;1055,00;12399;0;8;0;0;2568;0;0;0;29468;0;0;0;3238;0;116889;0;0;0;14667;0;1814;199;0
2013;1081,00;0;0;0;0;0;0;0;0;0;0;0;0;0;0;0;0;0;0;0;0;0;0;0;0
2013;1099,00;36;0;0;0;0;12;0;0;0;21;0;0;0;895;0;2409;0;0;0;404;0;75;0;0
2013;529,00;0;0;0;0;0;0;0;0;0;0;0;0;0;0;0;1441;0;0;0;0;0;0;0;0
2013;345,00;0;0;0;0;0;0;0;0;0;0;0;0;0;0;0;0;0;0;0;0;0;0;0;0
2013;515,00;0;0;0;0;0;0;0;0;0;0;0;0;0;2446;0;20772;0;0;0;500;0;0;0;0
2013;174,00;0;0;0;0;0;0;0;0;0;0;0;0;0;0;0;0;0;0;0;0;0;0;0;0
2013;523,00;0;0;0;0;0;0;0;0;0;0;0;0;0;0;0;15062;0;0;0;0;0;0;0;0
2013;697,00;0;0;0;90;0;3402;0;1055;0;7395;0;510;0;10543;0;74710;0;277;0;8520;0;1280;25;7
2013;239,00;8246;0;0;0;0;1284;0;0;0;3585;0;0;0;8517;0;36111;0;0;0;8379;0;932;76;15
2013;287,00;3290;0;0;66;0;3069;0;637;0;4313;0;0;0;9951;0;58334;0;113;0;6703;0;2083;77;0
2013;377,00;0;0;0;0;0;0;0;0;0;0;0;0;0;0;0;1487;0;0;0;0;0;0;0;0
2013;692,00;8838;0;25;0;0;537;0;0;0;5871;0;0;0;2678;0;74371;0;0;0;7479;0;1480;135;0
2013;335,00;0;0;0;0;0;0;0;0;0;0;0;0;0;0;0;0;0;0;0;0;0;0;0;0
2013;435,00;1516;0;0;0;0;5740;0;0;0;0;0;0;0;6537;0;25251;0;0;0;3711;0;216;0;0
2013;423,00;0;0;0;0;0;250;0;0;0;557;0;0;0;1973;0;11649;0;0;0;1610;0;0;0;0
2013;351,00;0;0;0;0;0;0;0;0;0;725;0;0;0;1494;0;0;0;0;0;1420;0;105;29;0
2013;810,00;0;0;0;0;0;780;0;0;0;822;0;0;0;0;0;7710;0;0;0;661;0;0;0;0
2013;830,00;9310;0;2;0;0;0;0;0;0;1816;0;0;0;0;0;0;0;0;0;7860;0;1095;215;33
2013;892,00;16467;0;114;34;0;1126;0;0;0;3537;0;0;0;5367;0;106935;0;0;0;14844;0;1550;409;249
2013;921,00;16547;0;5;663;0;2874;0;863;0;6353;0;0;0;13979;0;54543;0;115;0;10049;0;1541;48;39
2013;991,00;0;0;0;0;0;0;0;0;0;363;0;0;0;0;0;5784;0;0;0;0;0;0;0;0
2013;992,00;5642;0;12;0;0;0;0;0;0;1276;0;0;0;3814;0;55251;0;0;0;6212;0;990;90;38
2013;993,00;4902;0;2;0;0;615;0;0;0;1141;0;0;0;3819;0;20808;27812;0;0;4975;0;892;62;0
2013;1070,00;21398;0;138;3135;0;0;0;6028;0;7010;0;1578;0;20133;0;133130;0;0;0;25388;0;3159;157;199
2013;1095,00;13;0;0;0;0;0;0;0;0;0;0;0;0;0;0;1606;0;0;0;244;0;0;0;0
2013;1094,00;48;0;0;0;0;0;0;0;0;73;0;0;0;247;0;1139;0;0;0;36;0;13;0;0
2013;473,00;0;0;0;0;0;0;0;0;0;0;0;0;0;0;0;14673;0;0;0;0;0;0;0;0
2013;663,00;19704;0;0;1828;0;2401;0;2606;0;17469;0;271;0;11555;0;101923;7336;708;0;23289;0;0;0;0
2013;552,00;0;0;0;956;0;1395;0;0;0;8266;0;0;0;0;0;30271;0;0;0;5765;0;0;0;0
2013;772,00;41870;0;321;3665;0;4802;0;7214;0;8195;0;1828;0;19001;0;206731;0;1264;0;34980;0;0;0;0
2013;568,00;0;0;0;0;0;0;0;0;0;0;0;0;0;5776;0;16149;0;0;0;1410;0;0;0;0
2013;398,00;202;0;0;0;0;0;0;0;0;0;0;0;0;6908;0;10082;0;0;0;4132;0;0;0;0
2013;394,00;0;0;0;0;0;0;0;0;0;0;0;0;0;831;0;6728;0;0;0;0;0;0;0;0
2013;614,00;0;0;0;0;0;0;0;0;0;0;0;0;0;0;0;0;0;0;0;0;0;0;0;0
2013;235,00;0;0;0;0;0;0;0;0;0;0;0;0;0;0;0;10143;0;0;0;0;0;0;0;0
2013;616,00;3640;0;0;0;0;0;0;0;0;0;0;0;0;0;0;0;0;0;0;0;0;0;0;0
2013;267,00;0;0;0;0;0;0;0;0;0;0;0;0;0;0;0;0;0;0;0;0;0;0;0;0
2013;565,00;0;0;0;0;0;0;0;0;0;777;0;0;0;0;0;15362;0;0;0;3580;0;0;0;0
2013;220,00;0;0;0;336;0;220;0;0;0;537;0;0;0;0;0;11669;0;0;0;1933;0;0;0;0
2013;278,00;0;0;0;0;0;0;0;0;0;0;0;0;0;0;0;0;0;0;0;0;0;0;0;0
2013;107,00;0;0;0;0;0;0;0;0;0;0;0;0;0;0;0;0;0;0;0;0;0;0;0;0
2013;141,00;0;0;0;0;0;0;0;0;0;0;0;0;0;0;0;98;0;0;0;0;0;0;0;0
2013;711,00;23122;0;91;843;0;3748;0;0;0;20585;0;2822;0;10007;0;101275;0;5657;0;26789;0;0;0;0
2013;204,00;0;0;0;0;0;0;0;0;0;196;0;0;0;0;0;1010;0;0;0;0;0;0;0;0
2013;579,00;674;0;0;0;0;0;0;0;0;0;0;0;0;0;0;41289;0;0;0;0;0;0;0;0
2013;348,00;17;0;0;0;0;0;0;0;0;0;0;0;0;0;0;3070;0;0;0;0;0;0;0;0
2013;766,00;4036;0;0;226;0;0;0;463;0;0;0;0;0;245;0;26462;0;0;0;3208;0;0;0;0
2013;761,00;0;0;0;0;0;0;0;0;0;0;0;0;0;0;0;0;0;0;0;0;0;0;0;0
2013;728,00;8714;0;2;0;0;0;0;0;0;2639;0;0;0;3757;0;86321;0;0;0;8952;0;0;0;0
2013;280,00;0;0;0;0;0;0;0;0;0;0;0;0;0;0;0;0;0;0;0;0;0;0;0;0
2013;222,00;0;0;0;0;0;242;0;0;0;1533;0;0;0;0;0;9116;0;0;0;1441;0;;;
2013;276,00;10793;0;18;0;0;3161;0;2914;0;6971;0;777;0;13816;0;113571;0;0;0;20031;0;0;0;0
2013;11,00;0;0;0;0;0;0;0;0;0;0;0;0;0;0;0;13109;0;0;0;0;0;0;0;0
2013;302,00;0;0;0;0;0;0;0;0;0;3095;0;0;0;0;0;0;0;0;0;0;0;0;0;0
2013;682,00;4093;0;0;0;0;493;0;0;0;269;0;0;0;2746;0;28147;0;0;0;4984;0;0;0;0
2013;279,00;11863;0;12;0;0;0;0;0;0;0;0;0;0;20243;0;76759;0;0;0;17204;0;0;0;0
2013;282,00;15279;0;1;780;0;2132;0;0;0;8653;0;2670;0;23501;0;90453;0;5450;0;18740;0;0;0;0
2013;281,00;5648;0;2;758;0;0;0;0;0;42;0;0;0;1268;0;38462;0;0;0;6684;0;0;0;0
2013;183,00;0;0;0;0;0;715;0;0;0;358;0;0;0;1822;0;2273;0;0;0;519;0;0;0;0
2013;610,00;0;0;0;1300;0;0;0;0;0;0;0;0;0;0;0;4777;0;0;0;0;0;0;0;0
2013;116,00;0;0;0;0;0;0;0;0;0;0;0;0;0;0;0;0;0;0;0;0;0;0;0;0
2013;115,00;0;0;0;0;0;0;0;0;0;0;0;0;0;0;0;250;0;0;0;0;0;0;0;0
2013;114,00;0;0;0;0;0;0;0;0;0;0;0;0;0;0;0;0;0;0;0;0;0;;;
2013;126,00;0;0;0;0;0;0;0;0;0;0;0;0;0;0;0;0;0;0;0;0;0;0;0;0
2013;119,00;0;0;0;0;0;7;0;0;0;466;0;0;0;0;0;832;0;0;0;0;0;0;0;0
2013;770,00;24413;0;90;3591;0;3955;0;0;0;19922;0;0;0;11606;0;356607;0;8245;0;22753;0;0;0;0
2013;583,00;4022;0;1;0;0;1202;0;0;0;5972;0;0;0;3772;0;68068;0;0;0;7644;0;0;0;0
2013;136,00;0;0;0;0;0;0;0;0;0;0;0;0;0;0;0;99;0;0;0;0;0;0;0;0
2013;469,00;2879;0;0;0;0;0;0;0;0;2606;0;0;0;0;0;27056;0;0;0;2520;0;0;0;0
2013;642,00;9064;0;0;0;0;0;0;0;0;7638;0;0;0;0;0;72868;0;0;0;9960;0;0;0;0
2013;674,00;4652;0;81;292;0;692;0;0;0;4952;0;0;0;5216;0;54083;1360;0;0;4377;0;0;0;0
2013;193,00;0;0;0;0;0;0;0;0;0;0;0;0;0;0;0;1252;0;0;0;0;0;0;0;0
2013;526,00;15643;0;24;0;0;0;0;0;0;14545;0;0;0;2558;0;99936;0;0;0;11320;0;0;0;0
2013;698,00;34849;0;88;1006;0;9035;0;12407;0;5912;0;0;0;0;0;143443;0;0;0;31073;0;0;0;0
2013;630,00;4896;0;14;0;0;0;0;0;0;5355;0;0;0;4945;0;31080;0;0;0;6861;0;0;0;0
2013;124,00;0;0;0;0;0;0;0;0;0;0;0;0;0;0;0;0;0;0;0;0;0;0;0;0
2013;364,00;0;0;0;0;0;0;0;0;0;0;0;0;0;0;0;0;0;0;0;0;0;0;0;0
2013;604,00;13900;0;18;0;0;0;0;0;0;4128;0;0;0;0;0;147022;0;0;0;16864;0;0;0;0
2013;123,00;0;0;0;0;0;0;0;0;0;0;0;0;0;0;0;0;0;0;0;0;0;0;0;0
2013;310,00;0;0;0;0;0;0;0;0;0;0;0;0;0;0;0;0;0;0;0;0;0;0;0;0
2013;571,00;0;0;0;233;0;0;0;0;0;7849;0;0;0;0;0;61459;0;0;0;4465;0;0;0;0
2013;296,00;0;0;0;0;0;0;0;0;0;680;0;0;0;0;0;7033;0;0;0;0;0;0;0;0
2013;566,00;0;0;0;0;0;0;0;0;0;4127;0;0;0;5642;0;37937;0;0;0;8677;0;0;0;0
2013;784,00;16913;0;110;0;0;0;0;8892;0;27563;0;517;0;20047;0;156926;0;0;0;26413;0;0;0;0
2013;102,00;0;0;0;0;0;0;0;0;0;0;0;0;0;0;0;489;0;0;0;0;0;0;0;0
2013;379,00;0;0;0;0;0;0;0;0;0;0;0;0;0;0;0;0;0;0;0;0;0;0;0;0
2013;639,00;11057;0;18;0;0;642;0;0;0;7126;0;0;0;3676;0;72944;0;0;0;7614;0;0;0;0
2013;457,00;1584;0;0;0;0;0;0;0;0;917;0;0;0;0;0;27168;0;0;0;3068;0;0;0;0
2013;609,00;14014;0;12;1118;0;1965;0;0;0;6102;0;0;0;9153;0;66855;0;202;0;12069;0;0;0;0
2013;101,00;0;0;0;0;0;0;0;0;0;0;0;0;0;0;0;0;0;0;0;0;0;0;0;0
2013;454,00;5818;0;19;0;0;0;0;0;0;2237;0;0;0;5517;0;42377;0;0;0;7444;0;0;0;0
2013;318,00;0;0;0;0;0;0;0;0;0;0;0;0;0;0;0;0;0;0;0;0;0;0;0;0
2013;600,00;5462;0;9;0;0;826;0;0;0;5626;0;0;0;0;0;52834;0;0;0;6525;0;0;0;0
2013;545,00;10206;0;30;912;0;1776;0;0;0;8243;0;0;0;5914;0;76210;0;0;0;13057;0;0;0;0
2013;100,00;0;0;0;0;0;0;0;0;0;0;0;0;0;0;0;0;0;0;0;0;0;0;0;0
2013;702,00;13390;0;60;0;0;0;0;0;0;14035;0;0;0;9417;0;163210;0;0;0;17579;0;0;0;0
2013;778,00;8802;0;22;0;0;0;0;0;0;10324;0;0;0;4221;0;45614;0;0;0;10186;0;0;0;0
2013;341,00;0;0;0;0;0;0;0;0;0;683;0;0;0;0;0;11744;0;0;0;0;0;0;0;0
2013;99,00;0;0;0;0;0;0;0;0;0;0;0;0;0;0;0;0;0;0;0;0;0;0;0;0
2013;767,00;0;0;0;0;0;0;0;0;0;2129;0;0;0;5185;0;55532;0;0;0;8024;0;0;0;0
2013;359,00;0;0;0;0;0;1798;0;0;0;4963;0;0;0;0;0;25962;0;0;0;0;0;0;0;0
2013;98,00;0;0;0;0;0;0;0;0;0;0;0;0;0;0;0;0;0;0;0;0;0;0;0;0
2013;132,00;0;0;0;0;0;0;0;0;0;0;0;0;0;0;0;0;0;0;0;0;0;0;0;0
2013;97,00;0;0;0;0;0;0;0;0;0;0;0;0;0;0;0;0;0;0;0;0;0;0;0;0
2013;103,00;0;0;0;0;0;0;0;0;0;0;0;0;0;0;0;0;0;0;0;0;0;0;0;0
2013;110,00;0;0;0;0;0;0;0;0;0;0;0;0;0;0;0;0;0;0;0;0;0;0;0;0
2013;94,00;0;0;0;0;0;0;0;0;0;0;0;0;0;0;0;0;0;0;0;0;0;0;0;0
2013;91,00;0;0;0;0;0;0;0;0;0;0;0;0;0;0;0;0;0;0;0;0;0;0;0;0
2013;664,00;8728;0;37;167;0;0;0;0;0;1851;0;0;0;8082;0;89686;0;0;0;16221;0;0;0;0
2013;918,00;35537;0;330;1987;0;5918;0;7152;0;15881;0;2102;0;25142;0;202477;0;3564;0;72372;0;0;0;0
2013;92,00;0;0;0;0;0;0;0;0;0;0;0;0;0;0;0;0;0;0;0;0;0;0;0;0
2013;95,00;0;0;0;0;0;0;0;0;0;0;0;0;0;0;0;0;0;0;0;0;0;0;0;0
2013;96,00;0;0;0;0;0;0;0;0;0;0;0;0;0;0;0;0;0;0;0;0;0;0;0;0
2013;301,00;0;0;0;0;0;0;0;0;0;0;0;0;0;0;0;9216;0;0;0;0;0;0;0;0
2013;492,00;0;0;0;0;0;0;0;0;0;8523;0;0;0;0;0;47266;0;0;0;9548;0;0;0;0
2013;811,00;0;0;0;0;0;0;0;0;0;0;0;0;0;0;0;137;0;0;0;0;0;0;0;0
2013;812,00;0;0;0;0;0;0;0;0;0;0;0;0;0;0;0;0;0;0;0;0;0;0;0;0
2013;832,00;0;0;0;0;0;0;0;0;0;0;0;0;0;0;0;0;0;0;0;0;0;0;0;0
2013;841,00;0;0;0;0;0;0;0;0;0;0;0;0;0;0;0;0;0;0;0;0;0;0;0;0
2013;856,00;0;0;0;0;0;0;0;0;0;0;0;0;0;0;0;0;0;0;0;0;0;0;0;0
2013;859,00;0;0;0;0;0;0;0;0;0;0;0;0;0;0;0;0;0;0;0;0;0;0;0;0
2013;861,00;0;0;0;0;0;0;0;0;0;0;0;0;0;0;0;0;0;0;0;0;0;0;0;0
2013;880,00;0;0;0;0;0;0;0;0;0;0;0;0;0;0;0;0;0;0;0;0;0;0;0;0
2013;883,00;0;0;0;0;0;0;0;0;0;0;0;0;0;0;0;0;0;0;0;0;0;0;0;0
2013;884,00;0;0;0;0;0;0;0;0;0;0;0;0;0;0;0;0;0;0;0;0;0;0;0;0
2013;877,00;0;0;0;0;0;0;0;0;0;0;0;0;0;0;0;0;0;0;0;0;0;0;0;0
2013;911,00;0;0;0;0;0;0;0;0;0;0;0;0;0;0;0;0;0;0;0;0;0;0;0;0
2013;913,00;0;0;0;0;0;0;0;0;0;0;0;0;0;0;0;0;0;0;0;0;0;0;0;0
2013;922,00;3907;0;0;0;0;0;0;0;0;8839;0;0;0;7752;0;18505;0;0;0;5194;0;0;0;0
2013;923,00;0;0;0;0;0;0;0;0;0;0;0;0;0;0;0;0;0;0;0;0;0;0;0;0
2013;924,00;0;0;0;0;0;0;0;0;0;0;0;0;0;0;0;0;0;0;0;0;0;0;0;0
2013;947,00;0;0;0;0;0;0;0;0;0;0;0;0;0;0;0;0;0;0;0;0;0;0;0;0
2013;951,00;0;0;0;0;0;0;0;0;0;0;0;0;0;0;0;0;0;0;0;0;0;0;0;0
2013;1103,00;0;0;0;0;0;0;0;0;0;0;0;0;0;0;0;0;0;0;0;0;0;;;
2013;972,00;0;0;0;0;0;0;0;0;0;0;0;0;0;0;0;0;0;0;0;0;0;0;0;0
2013;973,00;915;0;0;45;0;449;0;0;0;626;0;0;0;11702;0;8718;0;0;0;2912;0;0;0;0
2013;974,00;0;0;0;0;0;0;0;0;0;0;0;0;0;0;0;0;0;0;0;0;0;0;0;0
2013;975,00;0;0;0;0;0;0;0;0;0;0;0;0;0;0;0;0;0;0;0;0;0;0;0;0
2013;960,00;0;0;0;0;0;0;0;0;0;0;0;0;0;0;0;0;0;0;0;0;0;0;0;0
2013;1028,00;0;0;0;0;0;0;0;0;0;0;0;0;0;0;0;0;0;0;0;0;0;0;0;0
2013;976,00;0;0;0;0;0;0;0;0;0;0;0;0;0;0;0;0;0;0;0;0;0;0;0;0
2013;977,00;0;0;0;0;0;0;0;0;0;0;0;0;0;0;0;0;0;0;0;0;0;0;0;0
2013;1020,00;0;0;0;0;0;0;0;0;0;0;0;0;0;0;0;0;0;0;0;0;0;0;0;0
2013;994,00;0;0;0;0;0;0;0;0;0;5729;0;0;0;3892;0;55716;0;0;0;7419;0;0;0;0
2013;995,00;0;0;0;0;0;0;0;0;0;0;0;0;0;0;0;0;0;0;0;0;0;0;0;0
2013;1060,00;0;0;0;0;0;0;0;0;0;0;0;0;0;0;0;0;0;0;0;0;0;0;0;0
2013;1005,00;0;0;0;0;0;0;0;0;0;0;0;0;0;0;0;0;0;0;0;0;0;0;0;0
2013;1061,00;0;0;0;0;0;0;0;0;0;0;0;0;0;0;0;0;0;0;0;0;0;0;0;0
2013;1006,00;0;0;0;0;0;0;0;0;0;0;0;0;0;0;0;0;0;0;0;0;0;0;0;0
2013;1088,00;0;0;0;0;0;0;0;0;0;0;0;0;0;0;0;0;0;0;0;0;0;0;0;0
2013;1089,00;2157;0;0;0;0;856;0;0;0;941;0;0;0;2896;0;13143;0;0;0;1923;0;0;0;0
2013;1076,00;0;0;0;0;0;0;0;0;0;0;0;0;0;0;0;0;0;0;0;0;0;0;0;0
2013;1078,00;0;0;0;0;0;0;0;0;0;0;0;0;0;0;0;0;0;0;0;0;0;0;0;0
2013;1033,00;9486;0;13;0;0;0;0;0;0;145;0;0;0;6282;0;14403;0;0;0;9870;0;0;0;0
2013;1036,00;0;0;0;0;0;0;0;0;0;0;0;0;0;0;0;0;0;0;0;0;0;0;0;0
2013;1037,00;0;0;0;0;0;0;0;0;0;0;0;0;0;0;0;0;0;0;0;0;0;0;0;0
2013;1039,00;0;0;0;0;0;0;0;0;0;0;0;0;0;0;0;0;0;0;0;0;0;0;0;0
2013;1067,00;0;0;0;0;0;0;0;0;0;0;0;0;0;0;0;0;0;0;0;0;0;0;0;0
2013;1065,00;0;0;0;0;0;0;0;0;0;0;0;0;0;0;0;1128;0;0;0;0;0;0;0;0
2013;1066,00;0;0;0;0;0;1538;0;0;0;0;0;0;0;8682;0;14613;0;0;0;4803;0;0;0;0
2013;207,00;26;0;0;0;0;0;0;0;0;0;0;0;0;0;0;0;0;0;0;0;0;1023;8;0
2013;431,00;0;0;0;0;0;0;0;0;0;0;0;0;0;0;0;3092;0;0;0;0;0;0;0;0
2013;387,00;4044;0;4;0;0;0;0;0;0;1058;0;0;0;0;0;35577;0;0;0;3983;0;860;0;0
2013;179,00;0;0;0;0;0;0;0;0;0;0;0;0;0;0;0;272;0;0;0;0;0;0;0;0
2013;606,00;4543;0;7;0;0;0;0;0;0;3870;340;0;0;0;0;29720;2794;0;0;4315;0;833;0;0
2013;925,00;15891;0;23;2441;0;1505;0;5867;0;4726;0;0;0;6270;0;151263;0;0;0;16266;0;3752;523;0
2013;541,00;5154;0;0;0;0;0;0;0;0;1818;0;0;0;0;0;29413;0;0;0;3961;0;482;0;0
2013;797,00;2070;0;0;0;0;0;0;0;0;1407;0;0;0;0;0;31669;0;0;0;5176;0;489;0;0
2013;627,00;9783;0;1;0;0;0;0;0;0;0;0;0;0;3618;0;44139;24214;0;0;8194;0;1562;208;0
2013;173,00;0;0;0;0;0;0;0;0;0;0;0;0;0;0;0;0;0;0;0;0;0;0;0;0
2013;636,00;15204;0;9;0;0;0;0;10304;0;9401;0;0;0;5751;0;105589;0;0;0;0;0;2136;781;243
2013;205,00;267;0;0;0;0;0;0;0;0;271;0;0;0;0;0;4951;0;0;0;0;0;114;0;0
2013;814,00;359;0;0;0;0;0;0;0;0;0;0;0;0;0;0;704;0;0;0;0;0;98;0;0
2013;881,00;0;0;0;0;0;0;0;0;0;972;0;0;0;0;0;16950;0;0;0;0;0;0;0;0
2013;771,00;11202;0;19;678;0;0;2125;9339;0;4218;0;0;0;7081;0;196488;28626;1660;0;14495;2894;2380;405;518
2013;533,00;3132;0;8;0;0;620;0;0;0;74;0;0;0;0;0;5120;0;0;0;0;0;169;0;0
2013;447,00;18153;0;11;0;0;0;0;0;0;161;0;0;0;2894;0;22890;0;0;0;1611;0;871;19;21
2013;815,00;250;0;0;22;0;155;0;0;0;1112;0;0;0;8530;0;4389;0;0;0;5438;0;172;0;0
2013;801,00;14682;1524;20;0;0;4188;0;0;0;8847;0;0;0;5636;0;161175;27838;0;0;14690;0;4516;929;182
2013;800,00;2910;0;0;0;0;0;0;0;0;544;0;0;0;1433;0;9668;0;0;0;480;0;2910;0;0
2013;389,00;8584;0;1;0;0;0;0;0;0;885;0;0;0;0;0;74707;0;0;0;3774;0;933;6;59
2013;695,00;10576;0;11;510;0;712;0;0;0;6679;0;0;0;14450;0;160782;45924;0;0;14053;0;2568;55;30
2013;491,00;610;0;0;0;0;0;0;0;0;1475;0;0;0;0;0;12250;0;0;0;1798;0;0;0;0
2013;551,00;326;0;0;0;0;0;0;0;0;380;0;0;0;0;0;6911;0;0;0;510;0;0;0;0
2013;106,00;0;0;0;0;0;0;0;0;0;0;0;0;0;0;0;0;0;0;0;0;0;0;0;0
2013;819,00;0;0;0;0;0;0;0;0;0;0;0;0;0;0;0;0;0;0;0;0;0;0;0;0
2013;836,00;0;0;0;0;0;0;0;0;0;0;0;0;0;0;0;0;0;0;0;0;0;0;0;0
2013;915,00;0;0;0;0;0;0;0;0;0;0;0;0;0;0;0;0;0;0;0;0;0;0;0;0
2013;942,00;0;0;0;0;0;0;0;0;0;0;0;0;0;0;0;0;0;0;0;0;0;0;0;0
2013;748,00;15379;1773;18;373;0;0;2711;0;2645;0;26512;0;1270;10620;2995;126579;45268;0;700;19951;4279;5072;392;258
2013;198,00;0;0;0;0;0;0;0;0;0;0;0;0;0;0;0;0;0;0;0;0;0;0;0;0
2013;871,00;3308;0;5;0;0;993;0;0;0;655;0;0;0;0;0;28584;0;0;0;2075;0;914;66;17
2013;948,00;0;0;0;0;0;115;0;0;0;0;0;0;0;2355;0;25671;0;0;0;1513;0;332;38;0
2013;1051,00;0;0;0;0;0;0;0;0;0;0;0;0;0;0;0;0;0;0;0;0;0;0;0;0
2013;1083,00;0;0;0;0;0;0;0;0;0;0;0;0;0;0;0;0;0;0;0;0;0;0;0;0
2013;1096,00;0;0;0;0;0;0;0;0;0;0;0;0;0;0;0;0;0;0;0;0;0;0;0;0
2013;679,00;19876;0;11;1703;0;2731;0;0;0;4629;0;0;0;8122;0;226703;0;0;0;20105;0;4100;384;513
2013;176,00;0;0;0;0;0;0;0;0;0;655;0;0;0;4993;0;8812;0;0;0;4008;0;453;0;0
2013;537,00;298;0;0;0;0;0;0;0;0;689;0;0;0;7353;0;9806;0;0;0;3413;0;477;0;0
2013;608,00;8098;0;3;0;0;0;0;0;0;1557;0;0;0;2393;0;65681;0;0;0;5530;0;1331;129;0
2013;596,00;2379;0;0;0;0;0;0;0;0;672;0;0;0;0;0;38676;0;0;0;3912;0;1421;0;0
2013;749,00;36892;0;29;2172;0;3410;0;9156;0;8266;0;0;0;15636;0;200715;77749;0;0;40432;0;10209;962;550
2013;758,00;31142;448;197;630;0;9635;0;8277;0;10408;8307;3305;0;21483;0;215912;88086;2096;0;41990;0;7502;1405;447
2013;1104,00;22097;0;73;1605;0;11897;0;3736;0;3889;8407;5727;0;23876;0;167158;61883;815;0;48897;0;6586;756;229
2013;436,00;0;0;0;0;0;0;0;0;0;0;4832;0;0;0;0;14667;39152;0;0;0;2929;0;0;0
2013;567,00;7193;0;0;0;0;15809;0;0;0;6589;0;0;0;0;0;9646;0;0;0;2911;0;1932;0;0
2013;677,00;11716;0;9;631;0;2794;0;0;0;2825;0;0;0;11793;0;93594;18223;2117;0;21960;0;3527;693;261
2013;670,00;3745;0;5;0;0;0;0;0;0;0;0;0;0;5495;0;34578;0;0;0;1945;0;97;110;0
2013;588,00;5321;0;0;0;0;0;0;2032;0;2081;0;0;0;0;0;18075;0;0;0;5468;0;666;0;0
2013;446,00;4703;0;0;0;0;0;0;1827;0;0;0;0;0;0;0;7682;0;0;0;1889;0;990;26;0
2013;753,00;28654;0;57;2381;0;5006;0;5717;0;6095;5741;1682;0;16429;0;236648;47366;1237;0;42502;0;6536;660;581
2013;887,00;0;0;0;0;0;0;0;0;0;0;0;0;0;0;0;905;0;0;0;0;0;0;0;0
2013;585,00;0;0;0;0;0;0;0;0;0;0;0;0;0;0;0;19737;0;0;0;0;0;0;0;0
2013;245,00;0;0;0;0;0;444;0;0;0;3845;0;0;0;18596;0;35486;0;0;0;9327;0;842;69;13
2013;603,00;427;0;0;0;0;0;0;0;0;1133;0;0;0;9798;0;68856;0;0;0;6158;0;2229;8;0
2013;426,00;0;0;0;0;0;0;0;0;0;0;0;0;0;0;0;0;0;0;0;0;0;754;0;0
2013;232,00;2929;0;0;0;0;1208;0;0;0;10201;0;0;0;2202;0;21732;0;0;0;889;0;1134;0;0
2013;288,00;2919;0;0;0;0;0;0;0;0;3716;0;0;0;15308;0;19078;0;0;0;7291;0;2376;0;0
2013;246,00;4817;0;0;0;0;0;0;0;0;2213;0;0;0;1239;0;10680;0;0;0;675;0;1500;0;0
2013;284,00;0;0;0;0;0;729;0;0;0;7765;0;0;0;0;0;42815;0;0;0;5307;0;813;0;0
2013;18,00;0;0;0;0;0;0;0;0;0;0;0;0;0;0;0;0;0;0;0;0;0;0;0;0
2013;356,00;0;0;0;0;0;0;0;0;0;0;0;0;0;0;0;0;0;0;0;0;0;0;0;0
2013;401,00;0;0;0;0;0;0;0;0;0;0;0;0;0;0;0;0;0;0;0;0;0;0;0;0
2013;733,00;46274;0;10;4161;0;3322;5849;2546;0;6663;11249;0;0;21557;8361;135218;65910;0;0;27519;4872;11076;8281;189
2013;243,00;0;0;0;0;0;0;0;0;0;414;0;0;0;7855;0;19132;0;0;0;2283;0;2025;0;0
2013;380,00;0;0;0;0;0;0;0;0;0;0;0;0;0;0;0;1034;0;0;0;0;0;0;0;0
2013;716,00;9341;0;0;284;0;549;0;0;0;910;0;0;0;8260;0;110098;0;0;0;4674;0;366;0;0
2013;534,00;4989;0;0;203;0;1692;0;6387;0;1766;0;0;0;14124;0;38796;0;0;0;6266;0;2802;18;0
2013;185,00;0;0;0;0;0;806;0;0;0;2224;0;0;0;2940;0;9531;0;0;0;1706;0;1078;1133;0
2013;258,00;3075;0;0;44;0;735;0;0;0;3847;0;824;0;4950;0;16810;0;0;0;4259;0;814;19;24
2013;505,00;1029;0;0;0;0;726;0;0;0;8001;0;0;0;4184;0;7214;0;0;0;1876;0;1459;0;0
2013;268,00;4845;0;0;0;0;952;0;0;0;1386;0;0;0;13194;0;39010;0;0;0;7270;0;1131;28;0
2013;602,00;5592;0;1;389;0;2027;0;855;0;6212;0;501;0;8171;0;23154;0;0;0;3933;0;676;56;7
2013;254,00;0;0;0;106;0;7203;0;2728;0;7420;0;603;0;18482;0;72325;0;0;0;6674;0;1304;22;4
2013;705,00;22982;0;0;455;0;0;0;0;0;4123;0;0;0;12346;0;47328;0;0;0;9424;0;2975;111;94
2013;133,00;3020;0;0;0;0;0;0;0;0;8213;0;0;0;0;0;903;0;0;0;195;0;0;0;0
2013;33,00;0;0;0;0;0;0;0;0;0;0;0;0;0;0;0;0;0;0;0;0;0;0;0;0
2013;143,00;0;0;0;0;0;0;0;0;0;0;0;0;0;0;0;0;0;0;0;0;0;0;0;0
2013;36,00;0;0;0;0;0;0;0;0;0;0;0;0;0;0;0;0;0;0;0;0;0;0;0;0
2013;756,00;5741;0;6;110;0;2466;0;1534;0;3109;0;0;0;6855;0;90116;0;688;0;12540;0;1908;167;89
2013;662,00;30297;0;10;0;0;2767;0;0;0;4050;2897;0;0;8189;4925;113684;51414;0;0;15186;3961;4040;560;105
2013;192,00;0;0;0;0;0;0;0;0;0;0;0;0;0;0;0;4582;0;0;0;0;0;0;0;0
2013;382,00;0;0;0;0;0;0;0;0;0;0;0;0;0;0;0;668;0;0;0;0;0;0;0;0
2013;322,00;0;0;0;0;0;0;0;0;0;0;0;0;0;0;0;1317;0;0;0;0;0;0;0;0
2013;478,00;0;0;0;0;0;0;0;0;0;0;0;0;0;6341;0;29521;0;0;0;1686;0;0;0;0
2013;352,00;0;0;0;0;0;0;0;0;0;0;0;0;0;0;0;5845;0;0;0;0;0;0;0;0
2013;628,00;17026;0;8;283;0;0;0;0;0;8501;0;0;0;5285;0;71688;41338;0;0;15816;0;2449;427;175
2013;291,00;0;0;0;0;0;0;0;0;0;0;0;0;0;0;0;0;0;0;0;0;0;0;0;0
2013;495,00;0;0;0;0;0;0;0;0;0;0;0;0;0;4886;0;21425;0;0;0;3131;0;0;0;0
2013;845,00;13393;0;17;0;0;0;0;0;0;6320;0;0;0;8980;0;100090;28023;0;0;10849;0;3554;288;74
2013;498,00;4313;0;0;0;0;0;0;0;0;2418;0;0;0;1782;0;32925;0;0;0;4517;0;1199;11;0
2013;314,00;0;0;0;0;0;0;0;0;0;0;0;0;0;0;0;3154;0;0;0;0;0;0;0;0
2013;720,00;4721;0;0;0;0;0;0;0;0;3742;0;0;0;14672;0;71491;0;0;0;5651;0;2181;124;23
2013;721,00;18332;0;55;1083;0;0;0;0;0;4744;0;1535;0;12689;0;86128;27803;7733;0;14630;0;1962;332;106
2013;485,00;4;0;8;0;0;0;0;0;0;0;0;0;0;0;0;0;0;0;0;0;0;0;0;0
2013;273,00;7767;0;0;394;0;0;0;0;0;3054;0;0;0;7802;0;43265;0;0;0;11029;0;3507;69;67
2013;846,00;24528;0;97;338;0;1356;0;3711;0;6788;0;0;0;10757;0;113422;0;0;0;16624;0;3477;392;119
2013;847,00;0;0;0;0;0;0;0;2800;0;0;0;0;0;29770;0;56035;0;0;0;4942;0;1221;0;0
2013;848,00;14590;0;8;230;0;1619;0;0;0;7883;0;0;0;15162;0;67600;0;0;0;8192;0;3429;36;71
2013;864,00;0;0;0;0;0;0;0;0;0;0;0;0;0;0;0;0;0;0;0;0;0;0;0;0
2013;916,00;19360;0;0;0;0;0;0;1220;0;3802;0;1125;0;4521;0;5741;0;0;0;17517;0;1882;57;17
2013;930,00;0;0;0;187;0;1995;0;0;0;2844;0;0;0;15694;0;46972;0;0;0;5170;0;3515;54;50
2013;954,00;18235;0;39;73;0;0;0;2504;0;6305;0;880;0;9370;0;87712;33031;478;0;14790;0;2351;256;94
2013;943,00;6767;0;0;0;0;0;0;0;0;5413;0;0;0;12068;0;76311;0;0;0;4950;0;2010;26;0
2013;949,00;41633;0;185;102;0;7942;0;9011;0;16916;0;2714;0;12071;0;219574;46365;3208;0;41142;0;6579;1916;405
2013;980,00;15610;0;0;303;0;2754;0;0;0;7232;0;467;0;16699;0;36859;0;2260;0;16616;0;0;0;0
2013;981,00;652;0;0;0;0;0;0;0;0;264;0;0;0;6505;0;5228;0;0;0;1111;0;68;43;0
2013;1024,00;25587;0;0;311;0;2974;0;3185;0;5754;0;2339;0;22456;0;52776;0;342;0;14016;0;4148;581;110
2013;1017,00;0;0;0;0;0;0;0;0;0;0;0;0;0;0;0;0;0;0;0;0;0;0;0;0
2013;1000,00;24912;0;0;363;0;2805;0;2756;0;7090;0;2043;0;18147;0;71607;0;460;0;14701;0;4023;254;153
2013;1018,00;11574;0;0;3;0;1763;0;0;0;2556;0;0;0;9030;0;77713;0;0;0;9256;0;4957;100;0
2013;1001,00;12663;0;2;127;0;822;0;0;0;2434;0;0;0;4649;0;12944;0;0;0;1726;0;685;0;0
2013;1007,00;11958;0;23;2554;0;4045;0;0;0;5369;0;0;0;11025;0;120737;11732;0;0;13833;0;4721;237;106
2013;1008,00;13919;0;3;0;0;0;0;0;0;2599;0;0;0;6341;0;100068;0;0;0;9109;0;3219;254;118
2013;1009,00;21193;0;17;0;0;1726;0;0;0;2525;0;0;0;7367;0;98776;0;0;0;13050;0;4060;255;0
2013;1010,00;9834;0;3;0;0;0;0;0;0;2322;0;0;0;6270;0;69568;0;0;0;7776;0;2266;42;96
2013;1011,00;7193;0;4;47;0;0;0;0;0;1634;0;0;0;4692;0;56180;0;0;0;5812;0;1323;0;42
2013;1012,00;9393;0;11;0;0;0;0;0;0;3098;0;0;0;6442;0;79876;0;0;0;9204;0;2342;184;64
2013;1013,00;35684;0;78;4453;0;3055;0;0;0;9801;0;3155;0;19511;0;218044;0;6421;0;31101;0;3569;936;0
2013;1041,00;0;0;0;0;0;0;0;0;0;0;0;0;0;0;0;0;0;0;0;0;0;0;0;0
2013;1073,00;17186;0;24;90;0;1318;0;0;0;8152;0;0;0;10152;0;65137;12974;0;0;11460;0;3715;288;218
2013;1087,00;15542;0;8;1447;0;1416;0;0;0;3336;0;597;0;14064;0;106699;0;517;0;13107;0;2968;392;90
2013;789,00;0;0;0;0;0;0;0;0;0;0;0;0;0;0;0;0;0;0;0;0;0;0;0;0
2013;326,00;0;0;0;0;0;0;0;0;0;0;0;0;0;0;0;0;0;0;0;0;0;0;0;0
2013;442,00;1319;0;0;0;0;1433;0;1148;0;2405;0;0;0;5607;0;6055;0;0;0;2785;0;734;5;12
2013;294,00;0;0;0;0;0;960;0;0;0;2149;0;0;0;6505;0;54451;0;0;0;9442;0;1192;31;0
2013;378,00;0;0;0;0;0;0;0;0;0;0;0;0;0;0;0;3950;0;0;0;1105;0;0;0;0
2013;402,00;1080;0;0;0;0;0;0;0;0;124;0;0;0;2390;0;28663;0;0;0;861;0;153;2;0
2013;29,00;0;0;0;0;0;0;0;0;0;0;0;0;0;0;0;0;0;0;0;0;0;0;0;0
2013;450,00;270;0;0;0;0;0;0;0;0;0;0;0;0;0;0;4028;0;0;0;0;0;32;0;0
2013;656,00;8453;0;3;0;0;0;0;0;0;6804;0;0;0;0;0;111733;0;0;0;6967;0;2052;84;0
2013;333,00;7189;0;0;0;0;0;0;0;0;1237;0;0;0;5333;0;35088;0;0;0;5480;0;1615;121;62
2013;668,00;7358;0;0;0;0;0;0;0;0;3507;0;0;0;0;0;74983;0;0;0;4707;0;1275;63;0
2013;684,00;4607;0;0;0;0;0;0;0;0;3093;0;0;0;0;0;125800;0;0;0;7930;0;0;0;0
2013;422,00;22;0;0;48;0;0;0;0;0;258;0;0;0;1989;0;13663;0;0;0;2069;0;209;9;0
2013;763,00;21539;0;31;637;0;3722;0;5270;0;6983;0;0;0;18199;0;374083;33542;2489;0;45060;0;5244;697;507
2013;741,00;21682;0;12;953;0;3402;0;6311;0;5013;2300;0;0;9353;0;279124;67343;0;0;31942;0;3543;452;169
2013;553,00;21495;0;15;257;0;0;0;0;0;8753;0;0;0;7653;0;119168;10058;0;0;21599;0;4189;477;195
2013;357,00;4101;0;0;0;0;0;0;0;0;4014;0;0;0;0;0;9360;0;0;0;0;0;2945;0;61
2013;899,00;0;0;0;0;0;0;0;0;0;0;0;0;0;0;0;0;0;0;0;0;0;0;0;0
2013;900,00;81;0;0;0;0;0;0;0;0;98;0;30;0;0;0;554;0;0;0;455;0;37;0;0
2013;932,00;0;0;0;0;0;0;0;0;0;0;0;0;0;0;0;0;0;0;0;0;0;0;0;0
2013;950,00;630;0;0;0;0;897;0;0;0;1040;0;0;0;2200;0;7920;0;0;0;792;0;198;0;0
2013;966,00;2188;0;0;154;0;332;0;0;0;1092;0;0;0;1375;0;8624;0;0;0;729;0;313;7;1
2013;967,00;0;0;0;0;0;0;0;0;0;0;0;0;0;0;0;0;0;0;0;0;0;0;0;0
2013;982,00;4072;0;0;9;0;717;0;1630;0;2666;0;0;0;8319;0;41417;0;0;0;10953;0;178;30;3
2013;1014,00;0;0;0;0;0;0;0;0;0;1601;0;0;0;0;0;32782;0;0;0;4160;0;817;30;0
2013;1048,00;0;0;0;0;0;0;0;0;0;0;0;0;0;0;0;0;0;0;0;0;0;0;0;0
2013;1080,00;6221;0;0;0;0;1360;0;0;0;3472;0;0;0;6753;0;31730;0;0;0;4673;0;1329;28;35
2013;1074,00;0;0;0;0;0;188;0;0;0;513;0;0;0;1594;0;4963;0;0;0;902;0;32;0;0
2013;722,00;19042;0;115;814;0;0;0;8040;0;4594;0;3355;0;7034;0;158896;24986;1085;0;23750;0;5677;764;423
2013;660,00;17238;0;48;609;0;0;0;0;0;3489;0;0;0;3961;0;127757;0;0;0;18241;0;2419;650;44
2013;75,00;0;0;0;0;0;0;0;0;0;0;0;0;0;0;0;0;0;0;0;0;0;0;0;0
2013;249,00;484;0;0;99;0;269;0;0;0;458;0;0;0;0;0;28310;0;0;0;2409;0;229;3;0
2013;275,00;0;0;0;0;0;0;0;0;0;0;0;0;0;0;0;390;0;0;0;0;0;0;0;0
2013;227,00;0;0;0;0;0;3701;0;0;0;3441;0;0;0;5452;0;45262;0;0;0;5967;0;1168;25;1
2013;150,00;435;0;0;0;0;0;0;0;0;118;0;0;0;0;0;4956;0;0;0;0;0;716;0;0
2013;47,00;0;0;0;0;0;0;0;0;0;0;0;0;0;0;0;0;0;0;0;0;0;0;0;0
2013;172,00;12;0;0;0;0;0;0;0;0;0;0;0;0;4902;0;19129;0;0;0;941;0;135;0;0
2013;581,00;3365;0;1;0;0;0;0;0;0;1040;0;0;0;0;0;62427;0;0;0;7659;0;800;31;0
2013;120,00;32;0;0;0;0;0;0;0;0;0;0;0;0;0;0;5416;0;0;0;0;0;0;0;0
2013;445,00;0;0;0;0;0;0;0;0;0;0;0;0;0;0;0;0;0;0;0;0;0;70;0;0
2013;471,00;0;0;0;0;0;0;0;0;0;0;0;0;0;0;0;16919;0;0;0;0;0;198;7;0
2013;53,00;0;0;0;0;0;0;0;0;0;0;0;0;0;0;0;0;0;0;0;0;0;0;0;0
2013;199,00;176;0;0;0;0;0;0;0;0;180;0;0;0;0;0;6099;0;0;0;0;0;239;0;0
2013;575,00;139;0;0;0;0;0;0;0;0;0;0;0;0;353;0;63059;0;0;0;5569;0;1102;198;0
2013;528,00;3818;0;9;0;0;0;0;0;0;1047;0;0;0;0;0;30489;7303;0;0;3359;0;874;7;0
2013;631,00;10808;0;11;0;0;0;0;0;0;2087;0;0;0;0;0;112426;19077;0;0;6562;0;2589;305;0
2013;699,00;18537;0;0;0;0;0;0;0;0;4280;0;0;0;3737;0;81299;11409;0;0;14645;0;5168;278;120
2013;823,00;0;0;0;0;0;0;0;0;0;0;0;0;0;0;0;14592;0;0;0;0;0;0;0;0
2013;849,00;2854;0;0;0;0;0;0;0;0;3075;0;0;0;0;0;43562;0;0;0;3718;0;670;210;0
2013;869,00;608;0;0;0;0;130;0;0;0;438;0;0;0;0;0;98652;0;0;0;1463;0;284;0;0
2013;955,00;0;0;0;0;0;0;0;0;0;0;0;0;0;0;0;0;0;0;0;0;0;0;0;0
2013;983,00;0;0;0;0;0;0;0;0;0;0;0;0;0;0;0;0;0;0;0;0;0;0;0;0
2013;1002,00;0;0;0;0;0;0;0;0;0;0;0;0;0;0;0;0;0;0;0;0;0;0;0;0
2013;1015,00;22656;0;51;638;0;0;0;1846;0;3304;0;1677;0;11447;0;170354;0;144;0;16733;0;5059;458;292
2013;51,00;0;0;0;0;0;0;0;0;0;0;0;0;0;0;0;0;0;0;0;0;0;0;0;0
2013;441,00;1023;0;0;0;0;0;0;0;0;0;0;0;0;0;0;4428;0;0;0;0;0;0;0;0
2013;327,00;0;0;0;0;0;0;0;0;0;0;0;0;0;0;0;0;0;0;0;0;0;0;0;0
2013;690,00;9555;0;16;664;0;3777;0;0;0;4442;0;2435;0;8379;0;38468;0;2427;0;15068;0;2653;303;63
2013;262,00;2364;0;0;0;0;1211;0;0;0;1096;0;0;0;4961;0;23370;0;0;0;4199;0;2702;21;21
2013;403,00;0;0;0;0;0;0;0;0;0;0;0;0;0;0;0;0;0;0;0;0;0;0;0;0
2013;312,00;0;0;0;0;0;0;0;0;0;0;0;0;0;0;0;0;0;0;0;0;0;0;0;0
2013;589,00;0;0;0;0;0;0;0;0;0;416;0;0;0;0;0;44209;0;0;0;3270;0;1316;46;0
2013;665,00;5657;0;11;0;0;0;0;0;0;939;0;0;0;0;0;67835;0;0;0;8551;0;1221;97;0
2013;334,00;0;0;0;0;0;0;0;0;0;0;0;0;0;0;0;0;0;0;0;0;0;0;0;0
2013;1075,00;64313;0;180;1403;0;0;0;5689;0;16441;0;0;0;14456;0;130082;0;0;0;35530;0;6277;384;661
2013;751,00;89408;0;35;349;0;1379;0;3822;0;7021;0;0;0;9505;0;143749;18419;1166;0;21415;0;3201;791;438
2013;186,00;604;0;0;0;0;263;0;0;0;1049;0;0;0;6862;0;11442;0;0;0;1416;0;234;0;0
2013;646,00;2112;0;0;0;0;0;0;0;0;481;0;0;0;0;0;28799;0;0;0;2674;0;909;0;0
2013;536,00;0;0;0;0;0;0;0;0;0;982;0;0;0;0;0;28236;0;0;0;2276;0;961;0;0
2013;242,00;264;0;0;0;0;0;0;0;0;0;0;0;0;0;0;0;0;0;0;0;0;268;0;0
2013;490,00;0;0;0;0;0;0;0;0;0;19068;0;0;0;0;0;10477;0;0;0;0;0;559;0;0
2013;500,00;4496;0;0;0;0;1694;0;570;0;2980;0;647;0;12256;0;30160;0;35;0;5485;0;1671;68;17
2013;206,00;0;0;0;0;0;1271;0;0;0;1299;0;0;0;10193;0;10858;0;0;0;1514;0;277;9;0
2013;58,00;0;0;0;0;0;0;0;0;0;0;0;0;0;0;0;0;0;0;0;0;0;0;0;0
2013;572,00;9494;0;23;0;0;0;0;0;0;3901;0;0;0;5277;0;103510;0;0;0;9249;0;2913;302;112
2013;180,00;430;0;0;0;0;0;0;0;0;7537;0;0;0;0;0;1621;0;0;0;0;0;0;0;0
2013;549,00;2451;0;7;0;0;0;0;0;0;1024;0;0;0;0;0;29455;0;0;0;2116;0;466;28;0
2013;582,00;2154;0;8;0;0;0;0;0;0;2931;0;0;0;0;0;35451;0;0;0;3062;0;500;0;27
2013;743,00;11866;0;58;0;0;0;0;0;0;4178;0;0;0;6879;0;126628;38914;0;0;15802;0;3985;207;192
2013;795,00;7277;0;0;0;0;0;0;0;0;16862;0;0;0;0;0;6438;0;0;0;0;0;0;0;0
2013;269,00;75;0;0;0;0;32;0;0;0;0;0;0;0;3115;0;27015;0;0;0;0;0;530;0;0
2013;634,00;4588;0;8;0;0;0;0;0;0;3477;0;0;0;7060;0;43929;0;0;0;5324;0;1507;49;163
2013;1,00;0;0;0;0;0;0;0;0;0;1986;0;0;0;0;0;145325;0;0;0;0;0;72;57;0
2013;717,00;5034;0;9;0;0;0;0;0;0;1537;0;0;0;3824;0;55274;0;0;0;7541;0;1420;119;0
2013;373,00;0;0;0;0;0;0;0;0;0;4734;0;0;0;0;0;4064;0;0;0;0;0;0;0;0
2013;535,00;7733;0;6;0;0;0;0;0;0;5862;0;0;0;3861;0;32295;15579;0;0;5688;0;2080;52;47
2013;824,00;25649;0;111;740;0;6731;0;5133;0;10652;0;0;0;14574;0;222640;57797;1116;0;40935;0;4733;684;292
2013;888,00;2113;0;1;0;0;0;0;0;0;3439;0;0;0;0;0;34279;0;0;0;3591;0;607;29;0
2013;902,00;0;0;0;0;0;0;0;0;0;0;0;0;0;0;0;14;0;0;0;0;0;0;0;0
2013;968,00;0;0;0;0;0;0;0;0;0;0;0;0;0;0;0;0;0;0;0;0;0;0;0;0
2013;346,00;0;0;0;0;0;0;0;0;0;0;0;0;0;0;0;0;0;0;0;0;0;0;0;0
2013;27,00;0;0;0;0;0;0;0;0;0;0;0;0;0;0;0;0;0;0;0;0;0;0;0;0
2013;165,00;852;0;0;0;0;0;0;0;0;691;0;0;0;0;0;6988;0;0;0;1024;0;382;0;0
2013;956,00;13354;0;0;0;0;829;0;0;0;4442;0;0;0;7839;0;123664;0;0;0;15173;0;3161;366;656
2013;413,00;0;0;0;0;0;0;0;0;0;0;0;0;0;0;0;0;0;0;0;0;0;0;0;0
2013;149,00;0;0;0;0;0;0;0;0;0;722;0;0;0;0;0;1672;0;0;0;0;0;0;0;0
2013;612,00;0;0;0;0;0;1284;0;0;0;4368;0;0;0;7456;0;25781;0;0;0;3105;0;1832;0;0
2013;559,00;576;0;0;0;0;0;0;0;0;737;0;0;0;1209;0;5433;0;0;0;499;0;555;0;0
2013;7,00;0;0;0;0;0;0;0;0;0;575;0;0;0;0;0;2651;0;0;0;357;0;0;0;0
2013;283,00;2480;0;0;430;0;1724;0;4301;0;6013;0;1456;0;12548;0;45300;0;47;0;6905;0;1763;17;32
2013;37,00;0;0;0;0;0;0;0;0;0;0;0;0;0;0;0;0;0;0;0;0;0;0;0;0
2013;153,00;2917;0;0;0;0;1287;0;0;0;4375;0;0;0;11209;0;58201;0;0;0;4935;0;937;52;0
2013;547,00;9964;0;5;0;0;0;0;0;0;1088;0;0;0;0;0;68617;0;0;0;6548;0;1711;585;0
2013;397,00;0;0;0;0;0;0;0;0;0;0;0;0;0;0;0;544;0;0;0;0;0;0;0;0
2013;556,00;4457;0;12;0;0;0;0;0;0;825;0;0;0;0;0;39246;0;0;0;2854;0;971;0;0
2013;42,00;0;0;0;0;0;0;0;0;0;0;0;0;0;0;0;0;0;0;0;0;0;0;0;0
2013;31,00;0;0;0;0;0;0;0;0;0;0;0;0;0;0;0;0;0;0;0;0;0;0;0;0
2013;740,00;19326;0;32;4892;0;1578;0;3385;0;7910;9895;0;0;2604;0;118415;81191;1470;0;17789;0;6872;646;155
2013;217,00;1973;0;0;0;0;0;0;0;0;1119;0;0;0;2477;0;22412;0;0;0;1404;0;511;22;0
2013;863,00;500;0;0;0;0;0;0;0;0;339;0;0;0;5570;0;10036;0;0;0;1183;0;197;0;0
2013;889,00;19348;0;43;2815;0;3342;0;0;0;4517;0;1339;0;5108;0;135807;103719;5043;0;25261;0;3791;629;214
2013;984,00;1250;0;0;0;0;398;0;0;0;1309;0;0;0;3326;0;25485;0;0;0;2976;0;682;167;0
2013;34,00;0;0;0;0;0;0;0;0;0;0;0;0;0;0;0;0;0;0;0;0;0;0;0;0
2013;791,00;6148;0;0;170;0;2101;0;0;0;1458;0;0;0;7778;0;61470;0;0;0;9185;0;1067;0;127
2013;181,00;0;0;0;0;0;0;0;0;0;0;0;0;0;0;0;148;0;0;0;0;0;0;0;0
2013;430,00;0;0;0;0;0;0;0;0;0;0;0;0;0;0;0;8598;0;0;0;0;0;0;0;0
2013;715,00;15141;0;3;86;0;0;0;2990;0;4726;0;0;0;17821;0;121083;0;0;0;27677;0;2973;303;65
2013;521,00;148;0;2;0;0;0;0;6;0;22;0;0;0;1416;0;23343;0;0;0;475;0;80;16;0
2013;524,00;0;0;0;47;0;0;0;653;0;3426;0;0;0;4176;0;11491;0;0;0;2626;0;283;92;40
2013;432,00;0;0;0;0;0;0;0;0;0;0;0;0;0;0;0;4605;0;0;0;0;0;35;0;0
2013;19,00;120;0;2;0;0;0;0;0;0;0;0;0;0;0;0;0;0;0;0;0;0;0;0;0
2013;25,00;0;0;0;0;0;0;0;0;0;0;0;0;0;0;0;0;0;0;0;0;0;0;0;0
2013;26,00;0;0;0;0;0;0;0;0;0;0;0;0;0;0;0;0;0;0;0;0;0;0;0;0
2013;890,00;22451;0;35;969;0;0;0;0;0;4879;0;0;0;5955;0;95940;34512;0;0;19384;0;4528;307;239
2013;904,00;0;0;0;0;0;0;0;0;0;1906;0;0;0;1087;0;47827;0;0;0;6009;0;776;0;0
2013;957,00;30255;0;102;283;0;2693;0;0;0;9767;0;3531;0;22169;0;228605;50627;11507;0;41060;0;3458;1225;267
2013;939,00;19329;0;29;445;0;7368;0;10170;0;5844;148;0;0;8231;0;167927;5706;1725;0;21324;0;6849;595;481
2013;236,00;0;0;0;0;0;0;0;0;0;0;0;0;0;0;0;0;0;0;0;0;0;0;0;0
2013;735,00;17722;0;13;4184;0;8435;0;6282;0;8657;1669;1656;0;7194;0;119589;74308;1117;0;31674;0;4021;879;362
2013;146,00;0;0;0;0;0;0;0;0;0;0;0;0;0;0;0;1528;0;0;0;0;0;0;0;0
2013;363,00;2324;0;0;0;0;0;0;0;0;0;0;0;0;1439;0;7906;0;0;0;480;0;1762;0;0
2013;187,00;1321;0;0;0;0;0;0;0;0;685;0;0;0;6498;0;15256;0;0;0;1496;0;605;5;14
2013;265,00;0;0;0;0;0;0;0;0;0;2076;0;0;0;1264;0;18935;0;0;0;1183;0;1122;0;0
2013;295,00;681;0;0;0;0;669;0;0;0;1249;0;0;0;5401;0;23368;0;0;0;2180;0;826;12;0
2013;496,00;2736;0;0;767;0;1194;0;0;0;1525;0;0;0;9659;0;59253;0;0;0;9757;0;717;39;0
2013;77,00;0;0;0;0;0;0;0;0;0;0;0;0;0;0;0;0;0;0;0;0;0;0;0;0
2013;391,00;246;0;0;0;0;0;0;0;0;0;0;0;0;0;0;2457;0;0;0;375;0;97;0;0
2013;240,00;1468;0;0;0;0;326;0;0;0;992;0;0;0;6330;0;42142;0;0;0;3322;0;430;5;0
2013;448,00;0;0;0;0;0;0;0;0;0;752;0;0;0;0;0;2598;0;0;0;1045;0;289;0;0
2013;151,00;0;0;0;0;0;0;0;0;0;0;0;0;0;0;0;102;0;0;0;0;0;0;0;0
2013;425,00;0;0;0;0;0;0;0;0;0;236;0;0;0;0;0;4773;0;0;0;546;0;112;0;0
2013;300,00;0;0;0;0;0;0;0;0;0;676;0;0;0;0;0;8569;0;0;0;1215;0;184;0;0
2013;339,00;4468;0;0;1558;0;508;0;1100;0;1865;0;0;0;8927;0;24520;0;0;0;3982;0;1014;71;0
2013;826,00;0;0;0;0;0;0;0;0;0;0;0;0;0;0;0;0;0;0;0;0;0;0;0;0
2013;874,00;5546;0;3;0;0;0;0;0;0;661;0;0;0;0;0;28818;11168;0;0;4006;0;1157;103;0
2013;905,00;36027;0;89;2709;0;5262;0;5065;0;3707;3236;0;0;14545;0;144503;63583;954;0;45599;0;4889;1252;437
2013;736,00;33283;0;148;2106;0;0;0;0;0;8034;0;2530;0;15725;0;200641;0;55;0;28446;0;4656;1023;354
2013;459,00;0;0;0;0;0;0;0;0;0;0;0;0;0;0;0;10050;0;0;0;0;0;0;0;0
2013;320,00;79;0;0;0;0;0;0;0;0;0;0;0;0;0;0;4831;0;0;0;0;0;0;0;0
2013;45,00;0;0;0;0;0;0;0;0;0;0;0;0;0;0;0;0;0;0;0;0;0;0;0;0
2013;292,00;0;0;0;0;0;0;0;0;0;0;0;0;0;0;0;0;0;0;0;0;0;0;0;0
2013;618,00;4498;0;0;0;0;0;0;0;0;2193;0;0;0;0;0;52943;3930;0;0;3931;0;1331;139;0
2013;463,00;8788;0;10;0;0;0;0;0;0;4289;0;0;0;4868;0;76433;17881;0;0;9085;0;2490;143;67
2013;891,00;3612;0;3;0;0;0;0;0;0;0;0;0;0;141;0;16782;0;0;0;682;0;744;63;0
2013;958,00;15095;0;3;0;0;559;0;0;0;3616;0;0;0;6286;0;72311;0;0;0;19279;0;2185;234;89
2013;244,00;0;0;0;0;0;0;0;0;0;0;0;0;0;0;0;0;0;0;0;0;0;296;0;0
2013;28,00;0;0;0;0;0;0;0;0;0;0;0;0;0;0;0;0;0;0;0;0;0;0;0;0
2013;444,00;5157;0;0;0;0;0;0;0;0;356;0;0;0;0;0;11665;0;0;0;89;0;2754;0;0
2013;479,00;615;0;0;0;0;0;0;0;0;0;0;0;0;0;0;2644;0;0;0;0;0;528;0;0
2013;285,00;0;0;0;0;0;0;0;0;0;3330;0;0;0;6471;0;31710;0;0;0;5100;0;1057;79;0
2013;253,00;9236;0;2;138;0;3132;0;0;0;7412;0;0;0;14004;0;70214;0;0;0;9234;0;2674;61;0
2013;481,00;1481;0;0;0;0;1416;0;0;0;1886;0;0;0;4572;0;17084;0;0;0;2831;0;900;21;3
2013;540,00;8662;0;0;82;0;0;0;0;0;2112;0;193;0;6147;0;29623;0;0;0;5073;0;0;0;0
2013;332,00;0;0;0;0;0;0;0;0;0;0;0;0;0;0;0;0;0;0;0;0;0;0;0;0
2013;41,00;0;0;0;0;0;0;0;0;0;0;0;0;0;0;0;0;0;0;0;0;0;0;0;0
2013;510,00;1515;0;0;0;0;460;0;0;0;955;0;0;0;2770;0;25239;0;0;0;1203;0;502;1;0
2013;305,00;0;0;0;0;0;0;0;0;0;899;0;0;0;0;0;12231;0;0;0;0;0;0;0;0
2013;708,00;4854;0;0;0;0;0;0;0;0;6639;0;0;0;0;0;101235;0;0;0;10105;0;1551;106;83
2013;755,00;31712;0;163;2579;0;9152;0;7688;0;9859;0;5541;0;34532;0;361887;97057;5277;0;59834;0;5639;1353;510
2013;750,00;18857;1757;66;0;0;3341;0;6341;0;8379;3926;0;0;7696;0;246618;80692;0;0;42021;0;4028;182;46
2013;696,00;12447;0;23;232;0;0;0;0;0;13914;0;0;0;10034;0;195533;78532;0;0;35921;0;4474;439;258
2013;434,00;0;0;0;0;0;0;0;0;0;3387;0;0;0;0;0;28150;0;0;0;2420;0;619;18;0
2013;421,00;0;0;0;0;0;0;0;0;0;0;0;0;0;4688;0;20639;0;0;0;1733;0;0;0;0
2013;827,00;0;0;0;0;0;0;0;0;0;0;0;0;0;0;0;0;0;0;0;0;0;0;0;0
2013;933,00;12123;0;0;0;0;0;0;0;0;6182;0;0;0;4622;0;146361;0;0;0;11665;0;3256;390;143
2013;1030,00;8417;0;4;0;0;1070;0;0;0;2549;0;0;0;5070;0;22815;0;0;0;2665;0;700;15;0
2013;1003,00;6111;0;0;0;0;0;0;0;0;3145;0;0;0;0;0;17491;0;0;0;1480;0;578;23;0
2013;1050,00;0;0;0;11;0;0;0;0;0;1602;0;0;0;0;0;7330;0;0;0;788;0;279;5;0
2013;1043,00;3993;0;1;0;0;1021;0;0;0;5253;0;0;0;3982;0;22090;0;0;0;2322;0;561;4;4
2013;934,00;9663;0;2;0;0;2171;0;0;0;5819;0;0;0;4197;0;53685;0;0;0;8202;0;1746;78;81
2013;629,00;13931;0;47;536;0;1951;0;3196;0;8506;0;0;0;9011;0;115157;0;755;0;15158;0;0;0;0
2013;21,00;0;0;0;0;0;0;0;0;0;0;0;0;0;0;0;0;0;0;0;0;0;0;0;0
2013;615,00;7156;0;12;0;0;2339;0;0;0;5219;0;0;0;6799;0;0;0;0;0;8177;0;0;0;0
2013;626,00;1752;0;0;0;0;626;0;0;0;856;0;0;0;0;0;8207;0;0;0;0;0;0;0;0
2013;417,00;0;0;0;0;0;0;0;0;0;0;0;0;0;0;0;8990;0;0;0;0;0;0;0;0
2013;597,00;0;0;0;0;0;510;0;0;0;2227;0;0;0;0;0;10724;0;0;0;1161;0;;;
2013;539,00;19303;0;0;0;0;0;0;0;0;8620;0;316;0;0;0;25747;0;0;0;16232;0;0;0;0
2013;343,00;0;0;0;0;0;0;0;0;0;1560;0;0;0;0;0;20578;0;0;0;1836;0;0;0;0
2013;135,00;0;0;0;0;0;0;0;0;0;0;0;0;0;0;0;0;0;0;0;0;0;0;0;0
2013;158,00;0;0;0;0;0;0;0;0;0;0;0;0;0;0;0;1268;0;0;0;0;0;0;0;0
2013;775,00;10324;0;44;0;0;1131;0;0;0;6224;0;0;0;3001;0;61017;0;0;0;11268;0;0;0;0
2013;177,00;0;0;0;0;0;0;0;0;0;0;0;0;0;0;0;1402;0;0;0;0;0;0;0;0
2013;578,00;2238;0;0;0;0;0;0;0;0;1110;0;0;0;0;0;12171;0;0;0;0;0;0;0;0
2013;416,00;479;0;0;0;0;456;0;0;0;1140;0;0;0;2530;0;20286;0;0;0;0;0;0;0;0
2013;561,00;4182;0;0;0;0;0;0;0;0;3379;0;0;0;0;0;40348;0;0;0;3984;0;0;0;0
2013;828,00;0;0;0;0;0;0;0;0;0;0;0;0;0;0;0;0;0;0;0;0;0;0;0;0
2013;860,00;0;0;0;0;0;0;0;0;0;3426;0;0;0;0;0;26389;0;0;0;1466;0;0;0;0
2013;935,00;0;0;0;0;0;0;0;0;0;0;0;0;0;0;0;0;0;0;0;0;0;0;0;0
2013;936,00;0;0;0;0;0;0;0;0;0;0;0;0;0;0;0;0;0;0;0;0;0;0;0;0
2013;986,00;0;0;0;0;0;0;0;0;0;0;0;0;0;0;0;0;0;0;0;0;0;0;0;0
2013;987,00;3685;0;3;0;0;0;0;0;0;5101;0;0;0;0;0;54895;0;0;0;6325;0;0;0;0
2013;1021,00;0;0;0;0;0;0;0;0;0;0;0;0;0;0;0;0;0;0;0;0;0;0;0;0
2013;1085,00;0;0;0;0;0;0;0;0;0;0;0;0;0;0;0;0;0;0;0;0;0;0;0;0
2013;658,00;5880;0;5;0;0;0;0;0;0;2615;0;0;0;3585;0;55930;0;0;0;5346;0;1273;95;0
2013;353,00;0;0;0;0;0;0;0;0;0;23885;0;0;0;0;0;16481;0;0;0;0;0;0;0;0
2013;323,00;0;0;0;0;0;0;0;0;0;0;0;0;0;0;0;0;0;0;0;0;0;0;0;0
2013;620,00;3585;0;4;0;0;0;0;0;0;1732;0;0;0;0;0;40526;0;0;0;3537;0;1008;47;0
2013;384,00;0;0;0;0;0;0;0;0;0;0;0;0;0;2038;0;12061;0;0;0;0;0;0;47;0
2013;554,00;8865;0;4;0;0;2473;0;0;0;3117;0;0;0;7589;0;115240;0;0;0;15347;0;2210;384;139
2013;209,00;989;0;0;0;0;183;0;0;0;915;0;0;0;2070;0;23180;0;0;0;1352;0;596;0;0
2013;707,00;33267;0;45;2712;0;0;0;0;0;23019;0;0;0;14441;0;127397;72150;0;0;28995;579;4657;1609;228
2013;395,00;10;0;0;0;0;0;0;0;0;0;0;0;0;0;0;7268;0;0;0;0;0;0;0;0
2013;969,00;2254;0;0;0;0;2342;0;1318;0;1010;0;0;0;3274;0;20184;0;0;0;2037;0;884;0;0
2013;1052,00;0;0;0;0;0;0;0;0;0;0;0;0;0;0;0;0;0;0;0;0;0;0;0;0
2013;739,00;28100;0;79;6080;0;5653;0;7120;0;9991;0;2446;0;32416;0;201714;50077;730;0;44220;0;3723;1072;251
2013;613,00;24537;0;50;2197;0;0;3986;5568;0;9247;0;0;0;6452;0;110386;41778;0;0;22076;0;3056;496;143
2013;593,00;17236;0;17;0;0;0;3786;0;0;3482;0;0;0;7825;0;79999;42426;0;0;12164;0;2213;248;142
2013;704,00;30664;0;65;1239;0;0;0;4359;0;7079;0;0;0;30494;0;145668;28710;0;0;27468;0;3374;1932;305
2013;493,00;0;0;0;0;0;13295;0;0;0;0;0;0;0;0;0;7654;0;0;0;780;0;0;0;0
2013;686,00;24099;0;48;1477;0;6219;0;1587;0;5098;0;1327;0;13044;0;188198;0;139;0;23674;0;3148;674;256
2013;257,00;8189;0;0;79;0;2792;0;1934;0;5499;0;584;0;11036;0;78394;0;0;0;4422;0;921;0;9
2013;494,00;235;0;0;0;0;0;0;0;0;42;0;0;0;0;0;2268;0;0;0;20;0;401;0;0
2013;681,00;23949;0;2;21;0;2858;0;2759;0;10272;0;489;0;3929;0;10268;0;18;0;23943;0;2301;88;0
2013;286,00;13601;0;0;0;0;1528;0;0;0;11988;0;0;0;5810;0;32359;0;0;0;3851;0;0;0;0
2013;255,00;6403;0;0;0;0;2943;0;0;0;4546;0;0;0;17156;0;125666;0;0;0;7761;0;2153;166;30
2013;79,00;0;0;0;0;0;0;0;0;0;0;0;0;0;0;0;0;0;0;0;0;0;0;0;0
2013;81,00;0;0;0;0;0;0;0;0;0;0;0;0;0;0;0;0;0;0;0;0;0;0;0;0
2013;688,00;12935;0;6;0;0;0;0;0;0;4623;0;0;0;6922;0;95448;0;0;0;11168;0;2209;163;118
2013;531,00;14355;0;8;0;0;0;3885;0;0;4031;0;0;0;7984;0;69719;29280;0;0;9281;0;2469;1829;88
2013;514,00;0;0;0;0;0;0;386;0;0;953;0;0;0;0;0;34545;0;0;0;1945;0;0;0;0
2013;499,00;92;0;0;0;0;0;0;0;0;0;0;0;0;7856;0;21599;0;0;0;3965;0;0;0;0
2013;532,00;12764;0;6;0;0;2438;0;0;0;1716;367;0;0;7626;0;49413;22617;0;0;8773;0;2153;190;73
2013;190,00;0;0;0;0;0;0;0;0;0;0;0;0;0;0;0;5612;0;0;0;0;0;0;0;0
2013;598,00;3219;0;16;0;0;0;0;0;0;1928;0;0;0;0;0;42509;0;0;0;4846;0;652;29;0
2013;260,00;16799;0;0;850;0;3542;0;249;0;11089;0;2198;0;16287;0;139209;0;38;0;8484;0;1732;0;29
2013;838,00;1586;0;0;0;0;0;0;0;0;1248;0;0;0;940;0;22850;0;0;0;1288;0;304;0;0
2013;839,00;335;0;0;0;0;353;0;0;0;1394;0;0;0;1139;0;12616;0;0;0;421;0;231;0;0
2013;851,00;0;0;0;0;0;0;0;0;0;0;0;0;0;0;0;0;0;0;0;0;0;0;0;0
2013;852,00;22672;0;16;0;0;3728;0;3402;0;3207;0;395;0;16224;0;92062;61374;731;0;22425;0;3307;260;182
2013;988,00;0;0;0;0;0;0;0;0;0;0;0;0;0;0;0;1793;0;0;0;0;0;0;0;0
2013;1056,00;17208;0;17;1498;0;7104;0;0;0;2764;0;0;0;11483;0;152310;18427;0;0;16311;0;3109;146;135
2013;1044,00;0;0;0;0;0;0;0;0;0;0;0;0;0;0;0;0;0;0;0;0;0;0;0;0
2013;644,00;16123;0;32;2217;0;3600;0;0;0;3909;0;0;0;9292;0;112910;43743;0;0;15361;0;4236;454;1092
2013;752,00;14606;0;19;0;0;0;0;6387;0;3874;0;0;0;14120;0;138422;36588;706;0;19566;0;4028;1032;0
2013;238,00;0;0;0;0;0;0;0;0;0;0;0;0;0;0;0;0;0;0;0;0;0;0;0;0
2013;325,00;0;0;0;0;0;0;0;0;0;0;0;0;0;0;0;0;0;0;0;0;0;0;0;0
2013;622,00;4133;0;1;0;0;0;0;0;0;661;0;0;0;0;0;38200;0;0;0;6073;0;1276;0;0
2013;879,00;557;0;0;0;0;0;0;0;0;0;0;0;0;6;0;2998;0;0;0;145;0;0;0;0
2013;906,00;1146;0;0;0;0;0;0;0;0;1;0;0;0;348;0;22740;0;0;0;1542;0;661;0;52
2013;370,00;0;0;0;0;0;0;0;0;0;0;0;0;0;0;0;9793;0;0;0;0;0;0;0;0
2013;418,00;0;0;0;0;0;0;0;0;0;0;0;0;0;3383;0;17279;0;0;0;0;0;0;0;0
2013;574,00;0;0;0;0;0;0;0;0;0;0;0;0;0;3189;0;11187;0;0;0;0;0;0;0;0
2013;399,00;0;0;0;0;0;0;0;0;0;0;0;0;0;0;0;3370;0;0;0;0;0;0;0;0
2013;195,00;0;0;0;0;0;0;0;0;0;0;0;0;0;0;0;6227;0;0;0;0;0;0;0;0
2013;783,00;32528;0;25;572;0;0;0;0;0;10216;0;0;0;7968;0;139933;116683;529;0;22440;6941;0;0;0
2013;263,00;0;0;0;0;0;0;0;0;0;0;0;0;0;0;0;24275;0;0;0;0;0;0;0;0
2013;194,00;0;0;0;0;0;0;0;0;0;2752;0;0;0;0;0;17955;0;0;0;0;0;0;0;0
2013;214,00;0;0;0;0;0;0;0;0;0;0;0;0;0;0;0;0;0;0;0;0;0;0;0;0
2013;785,00;35249;0;69;1416;0;0;0;0;0;8030;929;0;0;10894;0;159479;98643;0;0;44947;0;0;0;0
2013;780,00;7242;0;4;0;0;0;0;0;0;1476;5;0;0;0;0;41485;49418;0;0;7400;0;0;0;0
2013;782,00;23487;0;12;416;0;0;0;0;0;3656;0;0;0;0;0;94080;89993;0;0;14733;0;0;0;0
2013;369,00;0;0;0;0;0;0;0;0;0;0;0;0;0;0;0;4594;0;0;0;0;0;0;0;0
2013;84,00;0;0;0;0;0;0;0;0;0;0;0;0;0;0;0;0;0;0;0;0;0;0;0;0
2013;713,00;0;0;0;0;0;0;0;0;0;298;0;0;0;4900;0;43378;0;0;0;6200;0;0;0;0
2013;941,00;0;0;0;0;0;0;0;0;0;0;0;0;0;0;0;0;0;0;0;0;0;;;
2013;1091,00;0;0;0;0;0;0;0;0;0;0;0;0;0;0;0;0;0;0;0;0;0;0;0;0
2013;1045,00;1381;0;0;52;0;382;0;421;0;1447;0;73;0;4143;0;0;0;0;0;1831;0;0;0;0
2013;1086,00;0;0;0;0;0;1125;0;0;0;1985;0;1633;0;10633;0;62895;0;0;0;13263;0;0;0;0
2013;937,00;16710;0;10;0;0;2780;0;0;0;4690;0;0;0;4172;0;92757;0;0;0;16306;0;8279;219;0
2013;1004,00;0;0;0;0;0;0;0;0;0;0;0;0;0;0;0;0;0;0;0;0;0;281;2;0
2013;737,00;19244;0;38;400;0;0;0;5157;0;5489;3863;0;0;5521;0;116718;31187;724;0;17541;0;4701;641;374
2013;765,00;34043;0;72;374;0;7380;0;8403;0;8680;5531;0;0;15077;0;235858;77010;512;0;37983;0;6779;835;300
2013;329,00;7619;0;0;0;0;0;0;0;0;0;0;0;0;3272;0;57837;34353;0;0;6371;0;1896;2702;89
2013;87,00;0;0;0;0;0;0;0;0;0;0;0;0;0;0;0;0;0;0;0;0;0;0;0;0
2013;527,00;4419;0;0;0;0;0;0;0;0;5922;0;0;0;0;0;19019;0;0;0;3913;0;0;0;0
2013;562,00;328;0;0;7;0;0;0;0;0;0;0;0;0;5619;0;50510;0;0;0;2188;0;0;0;0
2013;251,00;0;0;0;0;0;1518;0;0;0;631;0;0;0;4462;0;21973;0;0;0;2757;0;0;0;0
2013;129,00;0;0;0;0;0;0;0;0;0;0;0;0;0;0;0;0;0;0;0;0;0;0;0;0
2013;154,00;0;0;0;0;0;0;0;0;0;0;0;0;0;0;0;640;0;0;0;0;0;0;0;0
2013;516,00;0;0;0;0;0;887;0;0;0;763;0;1776;0;8910;0;74058;0;0;0;4398;0;0;25;0
2013;184,00;0;0;0;0;0;0;0;0;0;0;0;0;0;1217;0;3373;0;0;0;1;0;351;0;0
2013;652,00;1829;0;0;0;0;1143;0;0;0;3674;0;0;0;0;0;33679;0;0;0;3790;0;672;34;31
2013;637,00;4187;0;6;0;0;0;0;0;0;1373;0;0;0;0;0;37305;0;0;0;3570;0;738;60;0
2013;88,00;0;0;0;0;0;0;0;0;0;0;0;0;0;0;0;0;0;0;0;0;0;0;0;0
2013;907,00;0;0;0;0;0;0;0;0;0;0;0;0;0;0;0;0;0;0;0;0;0;0;0;0
2013;970,00;0;0;0;0;0;0;0;0;0;0;0;0;0;0;0;0;0;0;0;0;0;0;0;0
2013;1019,00;0;0;0;0;0;0;0;0;0;788;0;0;0;778;0;9356;0;0;0;463;0;191;0;0
2013;1016,00;0;0;0;9;0;0;0;0;0;344;0;0;0;4413;0;25717;0;0;0;1171;0;197;0;1
2013;1047,00;3756;0;0;0;0;1034;0;0;0;859;0;0;0;3131;0;48728;0;0;0;4516;0;352;96;0
2013;635,00;3148;0;1;0;0;241;0;0;0;319;0;0;0;0;0;44418;0;0;0;6768;0;352;81;0
