"año";"NCODI";"totHemodina_Paciente";"totPaciente_radioInterv";"totLitofrag_Paciente";"totLitofrag_Sesion";"totAceleLineal_Paciente";"totAceleLineal_Sesion";"totBomCobal_Paciente";"totBomCobal_Sesion";"totOtraRadio_Paciente";"totOtraRadio_Sesion";"totFisiot_Paciente";"totFisiot_Sesion";"totLogop_Paciente";"totLogop_Sesion";"totTerapOcupa_Paciente";"totTerapOcupa_Sesion";"totHemodial_Paciente";"totHemodial_Sesion";"totHemodialDom_Paciente";"totHemodialDom_Sesion";"totDialPerito_Paciente";"totDialPerito_Sesion"
2013;113,00;0;0;0;0;0;0;0;0;0;0;0;0;0;0;195;3510;0;0;0;0;0;0
2013;619,00;0;0;0;0;0;0;0;0;0;0;0;0;0;0;0;0;0;0;0;0;0;0
2013;163,00;0;0;0;0;0;0;0;0;0;0;0;0;0;0;0;0;0;0;0;0;0;0
2013;131,00;0;0;0;0;0;0;0;0;0;0;50;585;0;0;0;0;0;0;0;0;0;0
2013;375,00;0;0;0;0;0;0;0;0;0;0;0;0;0;0;0;0;0;0;0;0;0;0
2013;1090,00;1281;1486;425;530;800;18249;0;0;0;0;15820;384258;0;0;0;0;152;15743;0;0;0;0
2013;764,00;1726;1964;360;462;744;16016;0;0;44;186;12524;103077;3003;5418;2326;24559;83;13098;1;157;56;18885
2013;14,00;0;0;0;0;0;0;0;0;0;0;0;0;0;0;0;0;0;0;0;0;0;0
2013;657,00;0;441;0;0;0;0;0;0;0;0;2633;20729;0;0;0;0;0;0;0;0;0;0
2013;362,00;404;112;0;0;0;0;0;0;0;0;1261;13389;0;0;0;0;0;0;0;0;0;0
2013;989,00;0;0;0;0;0;0;0;0;0;0;1914;18690;181;2818;124;1874;0;0;0;0;0;0
2013;990,00;0;0;0;0;0;0;0;0;0;0;2243;14650;604;2097;273;1908;0;0;0;0;0;0
2013;680,00;2661;1238;196;279;0;0;0;0;0;0;5571;239108;0;0;0;0;661;12058;0;0;23;8395
2013;411,00;8279;271;0;0;0;0;0;0;0;0;611;1093;0;0;0;0;95;14483;0;0;0;0
2013;241,00;241;113;0;0;0;0;0;0;0;0;0;0;0;0;0;0;408;34708;0;0;0;0
2013;558,00;0;725;0;0;17;17;0;0;0;0;2016;181469;0;0;0;0;102;12444;12;2528;16;5862
2013;167,00;0;0;0;0;0;0;0;0;0;0;0;0;0;0;0;0;0;0;0;0;0;0
2013;248,00;234;204;0;0;662;2947;0;0;87;200;1209;15614;0;0;0;0;400;12429;0;0;0;0
2013;224,00;0;0;0;0;0;0;0;0;0;0;0;0;0;0;0;0;0;0;0;0;0;0
2013;591,00;700;5740;169;169;648;12109;0;0;0;0;17559;389009;0;0;0;0;171;8597;0;0;29;19170
2013;586,00;0;1150;0;0;0;0;0;0;0;0;14141;402009;0;0;0;0;1166;12933;0;0;163;19812
2013;453,00;0;0;0;0;0;0;0;0;0;0;1623;83636;108;2160;548;5084;0;0;0;0;0;0
2013;145,00;0;0;0;0;0;0;0;0;0;0;24;1166;0;0;0;0;0;0;0;0;0;0
2013;511,00;0;739;0;0;0;0;0;0;0;0;6144;110591;0;0;0;0;424;4689;0;0;77;77
2013;530,00;0;0;0;0;0;0;0;0;0;0;6188;247853;0;0;0;0;0;0;0;0;0;0
2013;6,00;0;4;81;81;0;0;0;0;0;0;1315;3407;10;80;0;0;0;0;0;0;0;0
2013;161,00;0;0;0;0;0;0;0;0;0;0;0;0;0;0;95;1260;0;0;0;0;0;0
2013;623,00;1695;1549;0;0;1010;20589;0;0;0;0;10492;209390;0;0;0;0;0;0;0;0;0;0
2013;489,00;0;0;0;0;0;0;0;0;0;0;221;3248;0;0;0;0;0;0;0;0;0;0
2013;875,00;182;603;0;0;478;12767;0;0;0;0;1397;25176;11;247;0;0;0;0;0;0;0;0
2013;940,00;0;0;0;0;0;0;0;0;0;0;0;0;0;0;82;656;0;0;0;0;0;0
2013;946,00;402;412;0;0;0;0;0;0;0;0;2276;23286;0;0;0;0;463;1592;0;0;0;0
2013;1023,00;1113;647;0;0;0;0;0;0;0;0;4815;80640;444;3970;0;0;149;15945;0;0;0;0
2013;1054,00;698;1589;0;0;0;0;0;0;0;0;1865;27312;174;1443;0;0;215;15145;0;0;0;0
2013;1057,00;0;0;0;0;0;0;0;0;0;0;227;24161;104;11857;115;5747;0;0;0;0;0;0
2013;1031,00;0;0;0;0;0;0;0;0;0;0;48;4655;46;2793;49;9310;0;0;0;0;0;0
2013;1032,00;574;684;80;101;0;0;0;0;0;0;6057;99157;399;2858;0;0;95;10860;0;0;0;0
2013;1064,00;0;188;0;0;33;45;0;0;0;0;1570;25746;0;0;0;0;0;0;0;0;0;0
2013;226,00;84;75;41;41;0;0;0;0;0;0;600;9469;0;0;0;0;7;871;0;0;0;0
2013;687,00;0;0;0;0;0;0;0;0;0;0;1019;26070;0;0;262;3729;0;0;0;0;0;0
2013;745,00;1054;2015;0;0;845;19062;0;0;0;0;2866;51600;0;0;206;1525;315;14435;0;0;38;11949
2013;109,00;40;0;0;0;0;0;0;0;0;0;5086;38400;189;3402;0;0;0;0;0;0;0;0
2013;808,00;0;923;0;0;0;0;0;0;0;0;42889;96970;0;0;0;0;60;9295;0;0;0;0
2013;971,00;0;0;0;0;0;0;0;0;0;0;674;9196;0;0;0;0;0;0;0;0;0;0
2013;128,00;0;0;0;0;0;0;0;0;0;0;777;13985;305;5987;0;0;0;0;0;0;0;0
2013;919,00;0;1300;0;0;0;0;0;0;0;0;51938;128192;0;0;3168;9009;48;7292;0;0;18;5688
2013;725,00;2458;928;0;0;1714;25691;0;0;0;0;5397;78487;163;4920;466;13715;73;12936;5;1300;26;9490
2013;3,00;0;0;0;0;0;0;0;0;0;0;53;12614;0;0;0;0;0;0;0;0;0;0
2013;386,00;0;0;0;0;0;0;0;0;0;0;73;2325;0;0;50;1695;0;0;0;0;0;0
2013;306,00;0;129;0;0;0;0;0;0;0;0;0;0;0;0;10;60;0;0;0;0;0;0
2013;15,00;0;0;0;0;0;0;0;0;0;0;371;6683;0;0;0;0;0;0;0;0;0;0
2013;264,00;0;0;0;0;0;0;0;0;0;0;0;0;0;0;0;0;0;0;0;0;0;0
2013;867,00;0;0;0;0;0;0;0;0;0;0;721;12976;26;292;0;0;0;0;0;0;0;0
2013;910,00;0;0;0;0;0;0;0;0;0;0;1033;23219;0;0;0;0;66;8602;0;0;0;0
2013;1053,00;0;921;0;0;0;0;0;0;0;0;22000;67112;0;0;0;0;0;0;0;0;0;0
2013;1055,00;454;979;496;905;368;396;0;0;0;0;0;0;0;0;0;0;0;0;0;0;0;0
2013;1081,00;0;0;0;0;0;0;0;0;0;0;209;36540;147;17400;209;30682;0;0;0;0;0;0
2013;1099,00;0;0;0;0;0;0;0;0;0;0;0;0;0;0;0;0;0;0;0;0;0;0
2013;529,00;0;0;0;0;0;0;0;0;0;0;1374;34153;346;8476;501;12882;0;0;0;0;0;0
2013;345,00;0;0;0;0;0;0;0;0;0;0;102;815;0;0;79;3150;0;0;0;0;0;0
2013;515,00;0;0;0;0;0;0;0;0;0;0;1733;46512;0;0;0;0;0;0;0;0;0;0
2013;174,00;0;0;0;0;0;0;0;0;0;0;10;159;0;0;0;0;0;0;0;0;0;0
2013;523,00;0;0;0;0;0;0;0;0;0;0;3055;91679;274;8234;393;11789;0;0;0;0;0;0
2013;697,00;321;395;37;37;0;0;0;0;0;0;3206;3206;0;0;85590;85590;0;0;0;0;0;0
2013;239,00;425;82;0;0;0;0;0;0;0;0;4745;85401;14;154;0;0;0;0;0;0;0;0
2013;287,00;248;0;139;340;457;2119;0;0;0;0;2500;144245;23;420;0;0;226;13723;0;0;0;0
2013;377,00;0;0;0;0;0;0;0;0;0;0;1415;45210;0;0;415;12125;0;0;0;0;0;0
2013;692,00;0;0;0;0;0;0;0;0;0;0;4358;85544;207;2852;0;0;57;7002;0;0;21;7223
2013;335,00;0;0;0;0;0;0;0;0;0;0;320;5294;0;0;108;12338;0;0;0;0;0;0
2013;435,00;379;0;0;0;0;0;0;0;0;0;2226;49490;0;0;0;0;0;0;0;0;0;0
2013;423,00;0;0;0;0;0;0;0;0;0;0;1061;10084;0;0;0;0;0;0;0;0;0;0
2013;351,00;0;0;0;0;0;0;0;0;0;0;2458;38099;0;0;0;0;0;0;0;0;0;0
2013;810,00;0;0;0;0;0;0;0;0;0;0;1559;15596;0;0;0;0;0;0;0;0;0;0
2013;830,00;0;0;0;0;0;0;0;0;0;0;7152;85733;0;0;0;0;65;9677;0;0;6;3900
2013;892,00;0;0;0;0;0;0;0;0;0;0;11157;200835;158;1733;492;8850;67;11667;0;0;13;3541
2013;921,00;663;241;148;150;0;0;0;0;0;0;4763;95279;138;140;0;0;0;0;0;0;0;0
2013;991,00;0;0;0;0;0;0;0;0;0;0;0;4586;0;0;0;0;0;0;0;0;0;0
2013;992,00;0;0;0;0;0;0;0;0;0;0;2113;64436;0;0;189;3192;54;5151;0;0;0;0
2013;993,00;0;53;0;0;0;0;0;0;0;0;64108;209446;185;1521;1444;2452;88;6343;1;240;0;0
2013;1070,00;3304;4535;673;673;1205;28043;0;0;59;160;12067;217209;182;2001;517;9290;62;9729;0;0;19;6304
2013;1095,00;0;0;0;0;0;0;0;0;0;0;150;2195;0;0;0;0;0;0;0;0;0;0
2013;1094,00;0;19;0;0;0;0;0;0;0;0;356;1424;0;0;0;0;0;0;0;0;0;0
2013;473,00;0;0;0;0;0;0;0;0;0;0;0;0;0;0;0;0;0;0;0;0;0;0
2013;663,00;1046;213;0;0;0;0;0;0;0;0;2454;21570;0;0;0;0;229;11243;0;0;0;0
2013;552,00;0;0;0;0;1376;22849;0;0;120;1987;3467;47113;50;934;242;5365;0;0;0;0;0;0
2013;772,00;3918;4678;0;0;1253;22150;0;0;0;0;2202;39540;0;0;0;0;710;23797;3;579;56;15466
2013;568,00;0;0;0;0;0;0;0;0;0;0;28162;67037;360;360;3184;8479;0;0;0;0;0;0
2013;398,00;0;116;0;0;0;0;0;0;0;0;2287;15509;0;0;154;604;0;0;0;0;0;0
2013;394,00;0;409;0;0;0;0;0;0;0;0;297;12705;0;0;0;0;0;0;0;0;0;0
2013;614,00;0;264;0;0;0;0;0;0;0;0;348;11417;0;0;71;529;0;0;0;0;0;0
2013;235,00;0;0;0;0;0;0;0;0;0;0;383;4602;0;0;0;0;0;0;0;0;0;0
2013;616,00;0;0;0;0;0;0;0;0;0;0;1948;24650;0;0;0;0;0;0;0;0;0;0
2013;267,00;568;0;0;0;0;0;0;0;0;0;0;0;0;0;0;0;0;0;0;0;0;0
2013;565,00;0;0;0;0;0;0;0;0;0;0;4292;42289;285;3237;0;0;0;0;0;0;0;0
2013;220,00;0;0;0;0;0;0;0;0;0;0;144;4576;0;0;0;0;0;0;0;0;0;0
2013;278,00;0;0;0;0;0;0;0;0;0;0;0;0;0;0;0;0;0;0;0;0;0;0
2013;107,00;0;0;0;0;0;0;0;0;0;0;0;0;0;0;0;0;0;0;0;0;0;0
2013;141,00;0;0;0;0;0;0;0;0;0;0;52;3187;0;0;63;4007;0;0;0;0;0;0
2013;711,00;1831;463;0;0;917;22813;0;0;114;513;3685;52418;576;3325;191;2958;0;0;0;0;0;0
2013;204,00;0;0;0;0;0;0;0;0;0;0;521;13309;0;0;230;828;0;0;0;0;0;0
2013;579,00;0;0;0;0;0;0;0;0;0;0;1428;10226;0;0;0;0;0;0;0;0;0;0
2013;348,00;0;0;0;0;0;0;0;0;0;0;442;15826;0;0;0;0;0;0;0;0;0;0
2013;766,00;0;2503;1823;2452;0;0;0;0;9;9;0;0;0;0;0;0;506;20098;0;0;38;9482
2013;761,00;0;0;0;0;0;0;0;0;0;0;1024;14486;0;0;706;3223;0;0;0;0;0;0
2013;728,00;0;0;178;202;0;0;0;0;0;0;2760;32724;0;0;0;0;0;0;0;0;0;0
2013;280,00;0;0;0;0;0;0;0;0;0;0;0;0;0;0;0;0;0;0;0;0;0;0
2013;222,00;0;0;0;0;0;0;0;0;0;0;0;0;0;0;0;0;0;0;0;0;0;0
2013;276,00;256;431;245;377;639;15741;0;0;0;0;2750;42976;0;0;0;0;0;0;0;0;0;0
2013;11,00;0;0;0;0;0;0;0;0;0;0;640;20301;0;0;0;0;0;0;0;0;0;0
2013;302,00;0;0;0;0;0;0;0;0;0;0;770;9069;39;369;0;0;0;0;0;0;0;0
2013;682,00;0;0;0;0;1048;24661;0;0;0;0;533;45162;0;0;0;0;0;0;0;0;0;0
2013;279,00;0;0;0;0;0;0;0;0;0;0;1203;6395;0;0;0;0;0;0;0;0;0;0
2013;282,00;507;450;0;0;258;4644;0;0;0;0;2503;15728;0;0;0;0;0;0;0;0;0;0
2013;281,00;501;662;0;0;0;0;0;0;0;0;0;0;0;0;0;0;0;0;0;0;0;0
2013;183,00;0;0;0;0;0;0;0;0;0;0;0;0;0;0;0;0;0;0;0;0;0;0
2013;610,00;0;0;0;0;0;0;0;0;0;0;0;0;0;0;0;0;0;0;0;0;0;0
2013;116,00;0;0;0;0;0;0;0;0;0;0;1312;38233;41;474;315;1990;0;0;0;0;0;0
2013;115,00;0;0;0;0;0;0;0;0;0;0;43;2707;0;0;0;0;0;0;0;0;0;0
2013;114,00;0;0;0;0;0;0;0;0;0;0;155;3145;0;0;142;4603;0;0;0;0;0;0
2013;126,00;0;0;0;0;0;0;0;0;0;0;367;12599;0;0;170;2656;0;0;0;0;0;0
2013;119,00;0;0;0;0;0;0;0;0;0;0;0;0;0;0;0;0;0;0;0;0;0;0
2013;770,00;1830;4160;406;521;0;0;0;0;0;0;459;12387;224;3034;770;6186;640;9111;0;0;60;14847
2013;583,00;0;0;0;0;0;0;0;0;0;0;46;726;0;0;0;0;0;0;0;0;0;0
2013;136,00;0;0;0;0;0;0;0;0;0;0;1625;32010;50;1335;446;14673;0;0;0;0;0;0
2013;469,00;0;203;0;0;0;0;0;0;0;0;2640;14278;118;653;71;81;0;0;0;0;0;0
2013;642,00;0;0;0;0;0;0;0;0;0;0;3132;47906;139;1239;141;4194;0;0;0;0;0;0
2013;674,00;471;41;0;0;0;0;0;0;0;0;2480;19233;380;1343;147;1740;7;193;0;0;6;1474
2013;193,00;0;0;0;0;0;0;0;0;0;0;669;11169;0;0;0;0;0;0;0;0;0;0
2013;526,00;0;1022;0;0;0;0;0;0;0;0;1119;14591;82;561;0;0;0;0;0;0;0;0
2013;698,00;2779;6232;740;1027;0;0;0;0;0;0;2219;35956;87;1512;259;4726;166;5903;0;0;0;0
2013;630,00;0;0;0;0;0;0;0;0;0;0;3754;44997;792;7509;0;0;0;0;0;0;0;0
2013;124,00;0;0;0;0;0;0;0;0;0;0;0;0;353;10980;0;0;0;0;0;0;0;0
2013;364,00;0;0;0;0;0;0;0;0;0;0;2369;7379;0;0;0;0;0;0;0;0;0;0
2013;604,00;0;1646;0;0;0;0;0;0;0;0;6309;78189;0;0;662;7733;186;22549;0;0;52;6285
2013;123,00;0;0;0;0;0;0;0;0;0;0;860;24580;0;0;0;0;0;0;0;0;0;0
2013;310,00;0;0;0;0;0;0;0;0;0;0;0;0;0;0;0;0;0;0;0;0;0;0
2013;571,00;0;399;0;0;0;0;0;0;0;0;913;3448;0;0;0;0;0;0;0;0;0;0
2013;296,00;0;0;0;0;0;0;0;0;0;0;1219;34008;92;894;282;8966;0;0;0;0;0;0
2013;566,00;0;0;0;0;0;0;0;0;0;0;1837;15798;0;0;0;0;191;8345;7;20;29;5174
2013;784,00;0;6045;0;0;0;0;0;0;0;0;7042;133929;100;1491;149;13401;167;23748;0;0;33;8271
2013;102,00;0;0;0;0;0;0;0;0;0;0;522;21495;0;0;0;0;0;0;0;0;0;0
2013;379,00;0;0;0;0;0;0;0;0;0;0;0;0;0;0;109;25416;0;0;0;0;0;0
2013;639,00;0;624;0;0;0;0;0;0;0;0;3962;72024;0;0;0;0;0;0;0;0;0;0
2013;457,00;0;0;0;0;0;0;0;0;0;0;1329;17224;54;385;14;163;0;0;0;0;0;0
2013;609,00;1178;474;0;0;1046;26143;14;330;0;0;6506;48821;0;0;0;0;5;32;0;0;0;0
2013;101,00;0;0;0;0;0;0;0;0;0;0;213;14244;0;0;155;5678;0;0;0;0;0;0
2013;454,00;0;838;0;0;0;0;0;0;0;0;1031;6298;33;178;127;2248;0;0;0;0;0;0
2013;318,00;0;0;0;0;0;0;0;0;0;0;47;1419;0;0;0;0;0;0;0;0;0;0
2013;600,00;0;0;0;0;0;0;0;0;0;0;95;1703;0;0;0;0;0;0;0;0;0;0
2013;545,00;0;0;0;0;470;10391;0;0;0;0;4011;72627;661;3276;326;2477;121;11056;24;7176;0;0
2013;100,00;0;0;0;0;0;0;0;0;0;0;1;1;0;0;1;1;0;0;0;0;0;0
2013;702,00;915;1415;0;0;0;0;0;0;0;0;2481;17191;284;1166;144;2641;0;0;0;0;0;0
2013;778,00;0;0;0;0;0;0;0;0;0;0;2555;91601;0;0;0;0;143;13443;0;0;7;144
2013;341,00;0;0;0;0;0;0;0;0;0;0;988;9668;0;0;3;46;0;0;0;0;0;0
2013;99,00;0;0;0;0;0;0;0;0;0;0;844;11760;0;0;316;4647;0;0;0;0;0;0
2013;767,00;0;1175;0;0;0;0;0;0;0;0;713;1924;0;0;0;0;0;0;0;0;0;0
2013;359,00;0;0;0;0;0;0;0;0;0;0;5484;83374;609;9558;260;5309;235;21616;0;0;0;0
2013;98,00;0;0;0;0;0;0;0;0;0;0;469;18480;0;0;393;5586;0;0;0;0;0;0
2013;132,00;0;0;0;0;0;0;0;0;0;0;152;5887;0;0;168;6791;0;0;0;0;0;0
2013;97,00;0;0;0;0;0;0;0;0;0;0;292;9452;0;0;228;1368;0;0;0;0;0;0
2013;103,00;0;0;0;0;0;0;0;0;0;0;0;0;0;0;0;0;0;0;0;0;0;0
2013;110,00;0;0;0;0;0;0;0;0;0;0;170;5722;0;0;0;0;0;0;0;0;0;0
2013;94,00;0;0;0;0;0;0;0;0;0;0;93;1674;0;0;68;4080;0;0;0;0;0;0
2013;91,00;0;0;0;0;0;0;0;0;0;0;259;6144;20;48;376;3000;0;0;0;0;0;0
2013;664,00;0;0;0;0;0;0;0;0;0;0;3980;53309;62;350;735;5564;0;0;0;0;0;0
2013;918,00;2989;4593;0;0;1350;27000;201;1765;10;28;8758;148794;997;4378;1982;24604;182;8586;0;0;55;10886
2013;92,00;0;0;0;0;0;0;0;0;0;0;118;4665;0;0;159;635;0;0;0;0;0;0
2013;95,00;0;0;0;0;0;0;0;0;0;0;580;11500;0;0;180;540;0;0;0;0;0;0
2013;96,00;0;0;0;0;0;0;0;0;0;0;0;0;0;0;143;714;0;0;0;0;0;0
2013;301,00;0;0;0;0;0;0;0;0;0;0;4930;35918;0;0;0;0;0;0;0;0;0;0
2013;492,00;0;435;0;0;0;0;0;0;0;0;2217;31906;0;0;0;0;0;0;0;0;0;0
2013;811,00;0;0;0;0;0;0;0;0;0;0;0;0;0;0;0;0;0;0;0;0;0;0
2013;812,00;0;0;0;0;2619;55095;0;0;0;0;515;3183;0;0;0;0;0;0;0;0;0;0
2013;832,00;0;0;0;0;0;0;0;0;0;0;37;3780;0;0;0;0;0;0;0;0;0;0
2013;841,00;0;0;0;0;0;0;0;0;0;0;79;3520;0;0;70;3115;0;0;0;0;0;0
2013;856,00;0;0;0;0;0;0;0;0;0;0;312;9453;156;1531;393;3446;0;0;0;0;0;0
2013;859,00;0;0;0;0;0;0;0;0;0;0;0;0;0;0;0;0;0;0;0;0;0;0
2013;861,00;0;0;0;0;0;0;0;0;0;0;0;0;0;0;0;0;0;0;0;0;0;0
2013;880,00;0;0;0;0;0;0;0;0;0;0;401;9588;55;2172;173;3454;0;0;0;0;0;0
2013;883,00;0;0;0;0;0;0;0;0;0;0;0;0;0;0;0;0;0;0;0;0;0;0
2013;884,00;0;0;0;0;0;0;0;0;0;0;436;12429;0;0;413;2757;0;0;0;0;0;0
2013;877,00;0;0;0;0;0;0;0;0;0;0;0;0;0;0;0;0;0;0;0;0;0;0
2013;911,00;0;0;0;0;0;0;0;0;0;0;0;0;0;0;0;0;0;0;0;0;0;0
2013;913,00;0;0;0;0;0;0;0;0;0;0;0;0;0;0;0;0;0;0;0;0;0;0
2013;922,00;0;0;0;0;0;0;0;0;0;0;2531;22768;0;0;0;0;0;0;0;0;0;0
2013;923,00;0;0;0;0;0;0;0;0;0;0;0;0;0;0;0;0;0;0;0;0;0;0
2013;924,00;0;0;0;0;1482;32706;0;0;0;0;0;0;0;0;0;0;0;0;0;0;0;0
2013;947,00;0;0;0;0;0;0;0;0;0;0;32;96;0;0;20;60;0;0;0;0;0;0
2013;951,00;0;0;0;0;0;0;0;0;0;0;1022;1915;0;0;804;1854;0;0;0;0;0;0
2013;1103,00;0;0;0;0;0;0;0;0;0;0;224;401;25;26;265;795;0;0;0;0;0;0
2013;972,00;0;0;0;0;0;0;0;0;0;0;325;1125;59;226;302;1025;0;0;0;0;0;0
2013;973,00;0;0;0;0;0;0;0;0;0;0;0;0;0;0;0;0;0;0;0;0;0;0
2013;974,00;0;0;0;0;0;0;0;0;0;0;280;6714;0;0;459;5510;0;0;0;0;0;0
2013;975,00;0;0;0;0;0;0;0;0;0;0;277;13890;0;0;130;12934;0;0;0;0;0;0
2013;960,00;0;0;0;0;0;0;0;0;0;0;953;29340;28;602;660;16528;0;0;0;0;0;0
2013;1028,00;0;0;0;0;0;0;0;0;0;0;70;1690;0;0;0;0;0;0;0;0;0;0
2013;976,00;0;0;0;0;0;0;0;0;0;0;585;781;0;0;0;0;0;0;0;0;0;0
2013;977,00;0;0;0;0;0;0;0;0;0;0;793;28151;64;1024;617;12340;0;0;0;0;0;0
2013;1020,00;0;0;0;0;0;0;0;0;0;0;0;0;0;0;0;0;0;0;0;0;0;0
2013;994,00;0;425;0;0;0;0;0;0;0;0;5602;44509;0;0;0;0;84;11711;0;0;4;1757
2013;995,00;0;0;0;0;0;0;0;0;0;0;367;6433;65;508;97;983;0;0;0;0;0;0
2013;1060,00;0;0;0;0;0;0;0;0;0;0;0;0;0;0;0;0;0;0;0;0;0;0
2013;1005,00;0;0;0;0;0;0;0;0;0;0;122;3690;0;0;100;2429;0;0;0;0;0;0
2013;1061,00;0;0;0;0;0;0;0;0;0;0;8;597;0;0;0;0;0;0;0;0;0;0
2013;1006,00;0;0;0;0;0;0;0;0;0;0;0;0;0;0;0;0;0;0;0;0;0;0
2013;1088,00;0;0;0;0;0;0;0;0;0;0;0;0;0;0;0;0;0;0;0;0;0;0
2013;1089,00;0;0;0;0;0;0;0;0;0;0;215;2886;0;0;0;0;0;0;0;0;0;0
2013;1076,00;0;0;0;0;0;0;0;0;0;0;0;0;0;0;0;0;0;0;0;0;0;0
2013;1078,00;0;0;0;0;0;0;0;0;0;0;39;9080;0;0;40;10030;0;0;0;0;0;0
2013;1033,00;0;0;0;0;0;0;0;0;0;0;3561;43918;0;0;0;0;0;0;0;0;0;0
2013;1036,00;0;0;0;0;0;0;0;0;0;0;212;3265;0;0;192;3001;0;0;0;0;0;0
2013;1037,00;0;0;0;0;0;0;0;0;0;0;0;0;0;0;88;9892;0;0;0;0;0;0
2013;1039,00;0;0;0;0;0;0;0;0;0;0;0;0;0;0;0;0;0;0;0;0;0;0
2013;1067,00;0;0;0;0;0;0;0;0;0;0;486;18065;0;0;0;0;0;0;0;0;0;0
2013;1065,00;0;0;0;0;0;0;0;0;0;0;521;22100;0;0;205;4110;0;0;0;0;0;0
2013;1066,00;0;0;0;0;0;0;0;0;0;0;2500;28735;0;0;0;0;0;0;0;0;0;0
2013;207,00;0;0;0;0;0;0;0;0;0;0;2983;26042;0;0;0;0;0;0;0;0;0;0
2013;431,00;0;0;0;0;0;0;0;0;0;0;1661;21547;3;53;251;3101;0;0;0;0;0;0
2013;387,00;0;0;0;0;0;0;0;0;0;0;27400;51169;0;0;0;0;0;0;0;0;0;0
2013;179,00;0;0;0;0;0;0;0;0;0;0;64;7817;0;0;0;0;0;0;0;0;0;0
2013;606,00;0;0;0;0;0;0;0;0;0;0;2134;41296;0;0;0;0;13;1821;0;0;0;0
2013;925,00;1397;2359;0;0;540;13429;102;903;0;0;19110;343980;0;0;1133;20399;215;16191;1;189;20;4047
2013;541,00;0;0;0;0;0;0;0;0;0;0;1949;65263;0;0;0;0;0;0;0;0;0;0
2013;797,00;0;0;0;0;0;0;0;0;0;0;643;11567;0;0;0;0;0;0;0;0;0;0
2013;627,00;0;0;0;0;279;6834;0;0;0;0;3040;91909;0;0;0;0;0;0;0;0;0;0
2013;173,00;0;0;0;0;0;0;0;0;0;0;69;7627;0;0;315;1204;0;0;0;0;0;0
2013;636,00;1814;0;0;0;0;0;0;0;0;0;5289;78378;528;2312;0;0;945;8599;20;942;573;17341
2013;205,00;0;2;0;0;0;0;0;0;0;0;0;0;0;0;0;0;0;0;0;0;0;0
2013;814,00;0;18;0;0;0;0;0;0;0;0;0;0;0;0;0;0;0;0;0;0;0;0
2013;881,00;0;0;0;0;0;0;0;0;0;0;0;0;0;0;0;0;0;0;0;0;0;0
2013;771,00;410;534;303;442;1099;21479;0;0;0;0;4002;104672;360;4005;92;6755;79;8471;0;0;0;0
2013;533,00;0;0;0;0;0;0;0;0;0;0;552;7530;0;0;0;0;0;0;0;0;0;0
2013;447,00;0;0;0;0;0;0;0;0;0;0;1517;35135;0;0;0;0;0;0;0;0;0;0
2013;815,00;0;6;0;0;0;0;0;0;0;0;604;18120;0;0;0;0;0;0;0;0;0;0
2013;801,00;1291;844;0;0;0;0;0;0;0;0;5187;93369;209;1772;303;1580;686;9822;0;0;246;6863
2013;800,00;0;0;0;0;0;0;0;0;0;0;2430;22168;0;0;0;0;0;0;0;0;0;0
2013;389,00;0;0;0;0;0;0;0;0;0;0;2125;36041;0;0;0;0;0;0;0;0;0;0
2013;695,00;1695;644;0;0;0;0;0;0;0;0;694;23443;427;830;254;2806;100;13827;1;182;39;39
2013;816,00;0;0;0;0;0;0;0;0;0;0;3222;75578;51;830;183;6364;0;0;0;0;0;0
2013;833,00;0;0;0;0;0;0;0;0;0;0;2115;59146;0;0;0;0;0;0;0;0;0;0
2013;870,00;122;0;0;0;0;0;0;0;0;0;1923;20787;0;0;0;0;0;0;0;0;0;0
2013;927,00;0;0;34;37;0;0;0;0;0;0;2158;48097;0;0;0;0;0;0;0;0;0;0
2013;961,00;0;0;0;0;788;8004;0;0;0;0;6298;91800;0;0;61;1105;0;0;0;0;0;0
2013;962,00;8;0;0;0;0;0;0;0;0;0;2120;24995;0;0;0;0;0;0;0;0;0;0
2013;1079,00;42;14;0;0;0;0;0;0;0;0;3121;56170;0;0;0;0;0;0;0;0;0;0
2013;1101,00;0;0;0;0;0;0;0;0;0;0;286;2863;0;0;0;0;0;0;0;0;0;0
2013;666,00;1063;2975;0;0;0;0;0;0;0;0;10867;600802;0;0;0;0;964;10043;8;2045;62;17609
2013;392,00;0;0;0;0;0;0;0;0;0;0;3938;22174;293;2403;390;3535;0;0;0;0;0;0
2013;790,00;0;334;594;594;1506;29689;0;0;0;0;3302;221037;612;6122;0;0;0;0;0;0;0;0
2013;650,00;0;461;0;0;0;0;0;0;0;0;26156;72863;0;0;0;0;0;0;0;0;0;0
2013;876,00;0;445;0;0;0;0;0;0;0;0;3089;50502;0;0;0;0;0;0;0;0;0;0
2013;944,00;0;0;0;0;0;0;0;0;0;0;0;0;0;0;0;0;0;0;0;0;0;0
2013;952,00;0;178;0;0;0;0;0;0;0;0;0;0;0;0;0;0;0;0;0;0;0;0
2013;54,00;0;0;0;0;0;0;0;0;0;0;0;0;0;0;0;0;0;0;0;0;0;0
2013;367,00;0;1;0;0;0;0;0;0;0;0;814;16297;0;0;0;0;0;0;0;0;0;0
2013;538,00;0;445;0;0;0;0;0;0;0;0;3521;41357;0;0;497;3426;0;0;0;0;0;0
2013;557,00;0;0;0;0;0;0;0;0;0;0;4492;33366;0;0;606;5062;0;0;0;0;0;0
2013;653,00;0;449;0;0;0;0;0;0;0;0;5120;34583;0;0;0;0;0;0;0;0;0;0
2013;647,00;0;0;0;0;0;0;0;0;0;0;2730;26492;0;0;393;2043;0;0;0;0;0;0
2013;978,00;1788;1179;0;0;588;13370;0;0;844;1107;5556;51559;0;0;316;2200;1166;13554;0;0;0;0
2013;996,00;0;0;0;0;0;0;0;0;0;0;17863;56088;0;0;2124;3486;0;0;0;0;0;0
2013;729,00;3723;4800;583;965;1633;34773;0;0;82;211;3642;38937;508;2446;323;3531;183;18557;0;0;28;8631
2013;182,00;0;0;0;0;0;0;0;0;0;0;0;0;0;0;0;0;0;0;0;0;0;0
2013;633,00;0;0;0;0;0;0;0;0;0;0;471;16959;200;8273;0;0;0;0;0;0;0;0
2013;685,00;0;8073;0;0;0;0;0;0;0;0;2005;22135;0;0;90;1878;0;0;0;0;0;0
2013;683,00;0;0;0;0;0;0;0;0;0;0;2689;18637;0;0;0;0;16;2236;0;0;0;0
2013;945,00;0;0;0;0;0;0;0;0;0;0;5556;41312;0;0;0;0;0;0;0;0;0;0
2013;953,00;0;0;0;0;0;0;0;0;0;0;0;0;0;0;0;0;0;0;0;0;0;0
2013;1022,00;0;0;0;0;0;0;0;0;0;0;5568;48451;0;0;0;0;0;0;0;0;0;0
2013;1049,00;0;0;0;0;0;0;0;0;0;0;5145;35820;0;0;0;0;0;0;0;0;0;0
2013;794,00;3655;3253;456;703;0;0;0;0;0;0;6232;164023;600;10934;1513;47354;1324;12026;923;144911;589;132525
2013;415,00;0;0;0;0;2040;48305;627;6033;327;676;0;0;0;0;0;0;0;0;0;0;0;0
2013;592,00;0;0;0;0;0;0;0;0;0;0;1767;40125;0;0;0;0;124;14507;0;0;0;0
2013;497,00;114;13556;0;0;0;0;0;0;0;0;2073;42250;0;0;0;0;133;20692;0;0;0;0
2013;726,00;0;0;0;0;0;0;0;0;0;0;3154;185899;0;0;281;13146;22;1922;0;0;0;0
2013;272,00;0;0;0;0;0;0;0;0;0;0;2169;54376;0;0;0;0;134;15853;0;0;0;0
2013;805,00;3648;2550;479;822;1070;30509;0;0;47;121;1848;102057;30;1429;78;5861;131;13537;67;14998;60;1270
2013;5,00;0;0;0;0;0;0;0;0;0;0;0;0;0;0;0;0;0;0;0;0;0;0
2013;234,00;0;0;0;0;0;0;0;0;0;0;1617;27662;40;448;0;0;95;13372;0;0;0;0
2013;64,00;0;0;0;0;0;0;0;0;0;0;0;0;0;0;0;0;0;0;0;0;0;0
2013;842,00;0;0;0;0;0;0;0;0;0;0;966;7204;0;0;0;0;44;4105;0;0;0;0
2013;843,00;0;0;0;0;0;0;0;0;0;0;606;15598;0;0;0;0;10;1215;0;0;0;0
2013;1025,00;661;141;0;0;0;0;0;0;0;0;0;0;0;0;0;0;0;0;0;0;0;0
2013;803,00;0;671;0;0;0;0;0;0;0;0;1891;34151;0;0;136;2059;71;6519;0;0;27;6892
2013;211,00;0;0;0;0;0;0;0;0;0;0;1078;15078;85;860;0;0;0;0;0;0;0;0
2013;773,00;2084;0;0;0;0;0;0;0;0;0;4438;82159;0;0;0;0;53;5800;0;0;77;990
2013;424,00;0;0;0;0;0;0;0;0;0;0;0;0;0;0;0;0;0;0;0;0;0;0
2013;298,00;150;0;0;0;0;0;0;0;0;0;2100;53744;0;0;0;0;233;27632;0;0;0;0
2013;594,00;0;0;0;0;0;0;0;0;0;0;270;4051;0;0;0;0;0;0;0;0;0;0
2013;237,00;0;0;0;0;0;0;0;0;0;0;1078;22261;34;1725;0;0;0;0;0;0;0;0
2013;16,00;0;0;0;0;0;0;0;0;0;0;0;0;3;30;0;0;0;0;0;0;0;0
2013;768,00;0;0;0;0;0;0;0;0;0;0;312;11093;1;13;0;0;0;0;0;0;0;0
2013;617,00;0;0;0;0;0;0;0;0;0;0;3205;44684;100;1064;0;0;62;9474;0;0;7;2438
2013;297,00;0;0;0;0;0;0;0;0;0;0;474;37487;0;0;0;0;0;0;0;0;0;0
2013;105,00;0;0;0;0;0;0;0;0;0;0;165;4951;0;0;94;2052;0;0;0;0;0;0
2013;544,00;0;205;0;0;0;0;0;0;0;0;2009;32967;129;1269;0;0;0;0;0;0;0;0
2013;804,00;0;0;0;0;0;0;0;0;0;0;6339;72583;128;1212;1440;10717;117;8979;0;0;0;0
2013;470,00;0;0;0;0;0;0;0;0;0;0;590;10450;47;602;0;0;0;0;0;0;0;0
2013;104,00;0;0;0;0;0;0;0;0;0;0;0;0;0;0;181;643;0;0;0;0;0;0
2013;20,00;0;0;0;0;0;0;0;0;0;0;19;1094;0;0;21;769;0;0;0;0;0;0
2013;550,00;0;0;0;0;0;0;0;0;0;0;2166;30126;20;88;0;0;0;0;0;0;0;0
2013;112,00;0;0;0;0;0;0;0;0;0;0;0;0;0;0;0;0;0;0;0;0;0;0
2013;818,00;0;0;0;0;0;0;0;0;0;0;320;2065;0;0;0;0;0;0;0;0;0;0
2013;914,00;0;0;0;0;0;0;0;0;0;0;330;13080;0;0;0;0;0;0;0;0;0;0
2013;928,00;0;0;0;0;1369;26974;0;0;0;0;0;0;0;0;0;0;0;0;0;0;0;0
2013;964,00;0;0;0;0;0;0;0;0;226;1815;26;115;0;0;0;0;0;0;0;0;0;0
2013;1026,00;0;0;0;0;0;0;0;0;0;0;364;36951;26;416;42;4049;0;0;0;0;0;0
2013;1068,00;0;0;0;0;0;0;0;0;0;0;0;0;0;0;285;2698;0;0;0;0;0;0
2013;738,00;0;600;701;1072;408;12871;0;0;0;0;8004;83806;1462;3405;646;1615;287;10735;0;0;0;0
2013;404,00;0;0;0;0;0;0;0;0;0;0;2903;53074;33;3988;33;1236;0;0;0;0;0;0
2013;274,00;156;48;52;67;0;0;0;0;0;0;3000;66456;0;0;0;0;0;0;0;0;0;0
2013;270,00;88;389;0;0;220;5123;0;0;0;0;2046;46981;0;0;0;0;0;0;0;0;0;0
2013;676,00;0;0;0;0;0;0;0;0;0;0;2257;19109;0;0;274;1756;0;0;0;0;0;0
2013;709,00;0;422;0;0;0;0;0;0;0;0;1133;18292;0;0;1113;6370;0;0;0;0;0;0
2013;754,00;3121;1707;0;0;1961;18592;0;0;824;1329;25625;358416;835;7505;3972;103416;2344;20245;0;0;282;7817
2013;997,00;0;104;0;0;0;0;0;0;0;0;645;11499;0;0;0;0;0;0;0;0;0;0
2013;734,00;984;1152;0;0;0;0;0;0;0;0;2383;59545;265;4251;356;10484;105;10690;0;0;31;5556
2013;299,00;0;0;0;0;0;0;0;0;0;0;933;12886;0;0;0;0;0;0;0;0;0;0
2013;645,00;0;0;0;0;0;0;0;0;0;0;1320;18470;0;0;0;0;0;0;0;0;0;0
2013;17,00;0;0;0;0;0;0;0;0;0;0;0;0;0;0;93;1240;0;0;0;0;0;0
2013;1046,00;0;0;0;0;0;0;0;0;0;0;62;3174;25;1260;87;10320;0;0;0;0;0;0
2013;420,00;0;0;0;0;0;0;0;0;0;0;892;13191;0;0;0;0;0;0;0;0;0;0
2013;802,00;0;0;0;0;0;0;0;0;0;0;7027;189940;474;10961;186;2578;0;0;0;0;0;0
2013;266,00;1226;0;0;0;0;0;0;0;0;0;1937;36412;0;0;0;0;157;13371;0;0;0;0
2013;580,00;0;0;15;16;0;0;0;0;0;0;82;1336;3;30;0;0;0;0;0;0;0;0
2013;137,00;0;0;0;0;0;0;0;0;0;0;2100;16316;0;0;0;0;0;0;0;0;0;0
2013;769,00;0;0;0;0;700;16921;0;0;258;1088;89;439;0;0;0;0;0;0;0;0;0;0
2013;776,00;0;0;0;0;0;0;0;0;0;0;37972;138616;0;0;0;0;0;0;0;0;0;0
2013;640,00;0;0;0;0;0;0;0;0;0;0;2109;47424;0;0;0;0;0;0;0;0;0;0
2013;315,00;0;0;0;0;0;0;0;0;0;0;254;12651;137;5067;136;4433;0;0;0;0;0;0
2013;40,00;0;0;0;0;0;0;0;0;0;0;0;0;0;0;246;929;0;0;0;0;0;0
2013;508,00;0;0;0;0;0;0;0;0;0;0;3005;73084;0;0;0;0;0;0;0;0;0;0
2013;46,00;0;0;0;0;0;0;0;0;0;0;0;0;0;0;270;1020;0;0;0;0;0;0
2013;590,00;0;0;0;0;0;0;0;0;0;0;4526;42525;0;0;0;0;569;7236;0;0;0;0
2013;777,00;0;0;0;0;0;0;0;0;0;0;1105;82615;0;0;0;0;0;0;0;0;0;0
2013;897,00;1487;1902;0;0;965;23406;0;0;0;0;184517;218785;2118;2349;464;747;219;19074;0;0;0;0
2013;965,00;0;0;0;0;0;0;0;0;0;0;0;0;0;0;77;2064;0;0;0;0;0;0
2013;671,00;0;0;0;0;0;0;0;0;0;0;1493;54840;326;7960;0;0;0;0;0;0;0;0
2013;461,00;0;0;0;0;0;0;0;0;0;0;827;19804;0;0;0;0;0;0;0;0;0;0
2013;376,00;0;0;0;0;0;0;0;0;0;0;0;0;0;0;0;0;0;0;0;0;0;0
2013;621,00;0;0;0;0;0;0;0;0;0;0;1487;16513;0;0;0;0;0;0;0;0;0;0
2013;793,00;1676;2597;0;0;1154;15090;0;0;59;70;1391;29309;188;2176;424;9822;178;11953;0;0;46;10778
2013;1102,00;0;0;0;0;0;0;0;0;0;0;618;7648;0;0;0;0;0;0;0;0;0;0
2013;712,00;0;733;0;0;0;0;0;0;0;0;2145;86106;0;0;140;4377;56;5945;0;0;7;1211
2013;32,00;0;0;0;0;0;0;0;0;0;0;0;0;0;0;122;3014;0;0;0;0;0;0
2013;361,00;0;0;0;0;0;0;0;0;0;0;0;0;0;0;0;0;0;0;0;0;0;0
2013;486,00;0;0;0;0;0;0;0;0;0;0;1362;9033;0;0;0;0;0;0;0;0;0;0
2013;595,00;0;392;0;0;0;0;0;0;0;0;4556;119034;159;1319;0;0;112;8740;0;0;0;0
2013;433,00;0;0;0;0;0;0;0;0;0;0;1368;10951;0;0;0;0;129;1488;0;0;0;0
2013;1058,00;0;0;0;0;0;0;0;0;0;0;396;7307;0;0;0;0;0;0;0;0;0;0
2013;261,00;0;62;0;0;0;0;0;0;0;0;0;0;0;0;0;0;0;0;0;0;0;0
2013;730,00;0;0;0;0;0;0;0;0;0;0;6067;59593;0;0;110;990;0;0;0;0;0;0
2013;577,00;0;0;0;0;0;0;0;0;0;0;2349;46818;0;0;0;0;0;0;0;0;0;0
2013;788,00;2933;0;0;0;473;10569;191;1924;122;501;2763;52654;0;0;77;2041;150;9144;0;0;59;16526
2013;865,00;0;0;0;0;0;0;0;0;0;0;4171;31248;0;0;0;0;0;0;0;0;0;0
2013;979,00;0;0;0;0;0;0;0;0;0;0;1684;25517;0;0;0;0;0;0;0;0;0;0
2013;998,00;0;0;0;0;0;0;0;0;0;0;1294;10680;0;0;0;0;0;0;0;0;0;0
2013;221,00;0;0;40;60;0;0;0;0;0;0;1500;31000;0;0;0;0;0;0;0;0;0;0
2013;506,00;0;0;0;0;0;0;0;0;0;0;2243;41327;0;0;0;0;0;0;0;0;0;0
2013;727,00;0;947;0;0;0;0;0;0;0;0;21631;202026;540;1423;305;3144;38;5824;0;0;0;0
2013;355,00;0;0;0;0;0;0;0;0;0;0;2415;32767;0;0;0;0;0;0;0;0;0;0
2013;487,00;0;0;0;0;0;0;0;0;0;0;4169;47548;65;650;63;1575;0;0;0;0;0;0
2013;938,00;3465;2600;1148;1722;992;24746;0;0;0;0;11197;237323;2481;6503;348;6754;57;8187;0;0;40;13156
2013;886,00;0;0;0;0;0;0;0;0;0;0;1529;36139;35;689;0;0;0;0;0;0;0;0
2013;835,00;0;0;0;0;0;0;0;0;0;0;865;16488;35;303;0;0;0;0;0;0;0;0
2013;999,00;0;0;0;0;0;0;0;0;0;0;100;4000;0;0;10;200;0;0;0;0;0;0
2013;798,00;1639;671;0;0;696;696;0;0;626;14454;339;584;0;0;0;0;80;6051;0;0;37;12439
2013;504,00;0;0;0;0;0;0;0;0;0;0;9329;183655;1011;10967;0;0;0;0;0;0;0;0
2013;247,00;0;0;356;356;0;0;0;0;0;0;1707;24335;0;0;0;0;0;0;0;0;0;0
2013;216,00;0;0;0;0;0;0;0;0;0;0;0;0;0;0;0;0;0;0;0;0;0;0
2013;654,00;0;0;0;0;0;0;0;0;0;0;0;0;0;0;0;0;0;0;0;0;0;0
2013;65,00;0;0;0;0;0;0;0;0;0;0;0;0;0;0;0;0;0;0;0;0;0;0
2013;472,00;0;0;0;0;0;0;0;0;0;0;1022;27710;46;533;0;0;0;0;0;0;0;0
2013;427,00;0;0;0;0;0;0;0;0;0;0;0;0;0;0;66;3562;0;0;0;0;0;0
2013;491,00;0;0;0;0;0;0;0;0;0;0;1955;29596;41;599;105;1148;10;1479;0;0;0;0
2013;551,00;0;48;0;0;0;0;0;0;0;0;698;11828;21;194;0;0;0;0;0;0;0;0
2013;106,00;0;0;0;0;0;0;0;0;0;0;158;9618;0;0;143;6327;0;0;0;0;0;0
2013;819,00;0;0;0;0;0;0;0;0;0;0;78;5710;0;0;0;0;0;0;0;0;0;0
2013;836,00;0;0;0;0;0;0;0;0;0;0;17;665;0;0;18;1600;0;0;0;0;0;0
2013;915,00;0;0;0;0;0;0;0;0;0;0;175;10220;48;1507;100;5500;0;0;0;0;0;0
2013;942,00;0;0;0;0;0;0;0;0;0;0;0;0;0;0;205;4100;0;0;0;0;0;0
2013;748,00;1684;3328;100;100;939;14886;0;0;76;181;76065;154777;2060;6509;0;0;48;7212;3;548;31;9773
2013;198,00;0;0;0;0;0;0;0;0;0;0;0;0;0;0;0;0;0;0;0;0;0;0
2013;871,00;0;0;0;0;0;0;0;0;0;0;972;17493;197;2167;78;1402;36;5371;0;0;4;1222
2013;948,00;293;0;0;0;0;0;0;0;0;0;501;11496;0;0;0;0;0;0;0;0;0;0
2013;1051,00;0;0;0;0;0;0;0;0;0;0;0;0;0;0;0;0;0;0;0;0;0;0
2013;1083,00;0;0;0;0;0;0;0;0;0;0;0;0;0;0;0;0;0;0;0;0;0;0
2013;1096,00;0;0;0;0;0;0;0;0;0;0;0;0;0;0;0;0;0;0;0;0;0;0
2013;679,00;0;190;0;0;0;0;0;0;0;0;9616;140076;0;0;624;6595;852;8147;0;0;678;1544
2013;176,00;0;0;0;0;0;0;0;0;0;0;847;23661;0;0;0;0;0;0;0;0;0;0
2013;537,00;0;0;0;0;0;0;0;0;0;0;950;18055;0;0;0;0;0;0;0;0;0;0
2013;608,00;0;186;0;0;0;0;0;0;0;0;412;34458;0;0;0;0;52;6863;0;0;0;0
2013;596,00;0;0;0;0;0;0;0;0;0;0;3482;36299;0;0;0;0;0;0;0;0;0;0
2013;749,00;4538;2172;618;618;900;19881;99;1061;804;1469;9310;165734;0;0;980;8704;64;9929;0;0;39;14207
2013;758,00;1938;2510;239;310;1141;132246;0;0;72;811;9930;180008;526;5906;859;14546;675;8358;0;0;0;0
2013;1104,00;3378;5819;0;0;971;12951;0;0;0;0;7045;167189;209;3098;589;8913;63;8953;0;0;36;11085
2013;436,00;0;0;0;0;0;0;0;0;0;0;2174;90537;0;0;184;2894;0;0;0;0;0;0
2013;567,00;0;514;0;0;0;0;0;0;0;0;1489;18970;0;0;104;177;0;0;0;0;0;0
2013;677,00;1228;3430;0;0;668;11795;0;0;0;0;3224;35649;0;0;0;0;70;10935;1;238;32;11044
2013;670,00;0;583;0;0;0;0;0;0;0;0;3725;13984;863;3457;90;127;0;0;0;0;0;0
2013;588,00;0;245;0;0;0;0;0;0;0;0;12023;119262;107;2104;267;4961;0;0;0;0;0;0
2013;446,00;0;0;0;0;0;0;0;0;0;0;1374;16351;0;0;0;0;0;0;0;0;0;0
2013;753,00;3241;3492;324;550;1832;33716;0;0;0;0;25111;235783;2787;10164;2942;29186;87;12943;6;998;17;4600
2013;887,00;0;0;0;0;0;0;0;0;0;0;2007;44084;0;0;2797;4407;0;0;0;0;0;0
2013;585,00;0;0;0;0;0;0;0;0;0;0;54;900;0;0;0;0;0;0;0;0;0;0
2013;245,00;64;0;0;0;0;0;0;0;0;0;0;0;0;0;0;0;0;0;0;0;0;0
2013;603,00;222;0;0;0;0;0;0;0;0;0;2106;122741;538;5773;0;0;0;0;0;0;0;0
2013;426,00;0;0;0;0;0;0;0;0;0;0;2341;29468;2;208;129;13416;0;0;0;0;0;0
2013;232,00;0;0;0;0;0;0;0;0;0;0;1470;5800;0;0;0;0;0;0;0;0;0;0
2013;288,00;0;0;5;8;0;0;0;0;0;0;2419;50466;150;7055;172;7927;0;0;0;0;0;0
2013;246,00;0;0;0;0;0;0;0;0;0;0;0;0;0;0;0;0;808;9761;0;0;0;0
2013;284,00;236;78;0;0;999;19876;0;0;0;0;2747;55436;0;0;0;0;343;4216;0;0;0;0
2013;18,00;0;0;0;0;0;0;0;0;0;0;0;0;0;0;139;72226;0;0;0;0;0;0
2013;356,00;0;0;0;0;0;0;0;0;0;0;0;0;0;0;550;5086;0;0;0;0;0;0
2013;401,00;0;0;0;0;0;0;0;0;0;0;615;43672;119;13685;385;23889;0;0;0;0;0;0
2013;733,00;1491;7007;348;516;1078;23436;0;0;50;283;22730;189661;2357;16155;849;5398;2002;24122;36;857;245;5454
2013;243,00;0;0;0;0;0;0;0;0;0;0;0;0;0;0;0;0;0;0;0;0;0;0
2013;380,00;0;0;0;0;0;0;0;0;0;0;708;14263;66;1117;195;3159;0;0;0;0;0;0
2013;716,00;0;0;0;0;0;0;0;0;0;0;189;917;0;0;0;0;79;6819;0;0;0;0
2013;534,00;1582;53;0;0;0;0;0;0;0;0;408;8210;0;0;0;0;0;0;0;0;0;0
2013;185,00;28;4;620;904;0;0;0;0;0;0;0;0;0;0;0;0;0;0;0;0;0;0
2013;258,00;141;60;145;159;170;3500;0;0;0;0;772;2619;0;0;0;0;0;0;0;0;0;0
2013;505,00;0;0;0;0;0;0;0;0;0;0;603;7542;0;0;0;0;172;15977;0;0;0;0
2013;268,00;0;0;0;0;0;0;0;0;0;0;326;5278;0;0;0;0;65;8124;0;0;0;0
2013;602,00;371;354;0;0;327;7194;0;0;0;0;872;12092;28;531;9;120;0;0;0;0;0;0
2013;254,00;295;0;680;1195;247;7025;0;0;0;0;0;0;0;0;0;0;0;0;0;0;0;0
2013;705,00;477;1714;0;0;0;0;0;0;0;0;472;3018;280;2214;0;0;0;0;0;0;0;0
2013;133,00;0;0;0;0;0;0;0;0;0;0;0;0;0;0;0;0;0;0;0;0;0;0
2013;33,00;0;0;0;0;0;0;0;0;0;0;0;0;0;0;120;2036;0;0;0;0;0;0
2013;143,00;0;0;0;0;0;0;0;0;0;0;8;11;0;0;0;0;0;0;0;0;0;0
2013;36,00;0;0;0;0;0;0;0;0;0;0;0;0;0;0;0;0;0;0;0;0;0;0
2013;756,00;474;540;59;131;486;13081;0;0;58;163;4666;280008;308;3072;224;3245;66;5646;0;0;0;0
2013;662,00;734;1703;0;0;0;0;0;0;0;0;12641;81934;470;1694;1193;6722;724;9465;0;0;224;6806
2013;192,00;0;0;0;0;0;0;0;0;0;0;567;18105;66;2129;154;5602;0;0;0;0;0;0
2013;382,00;0;0;0;0;0;0;0;0;0;0;0;0;0;0;0;0;0;0;0;0;0;0
2013;322,00;0;0;0;0;0;0;0;0;0;0;133;162410;0;0;90;143111;0;0;0;0;0;0
2013;478,00;0;0;0;0;0;0;0;0;0;0;2389;28438;0;0;273;3249;0;0;0;0;0;0
2013;352,00;0;0;0;0;0;0;0;0;0;0;713;24438;234;5663;152;5610;0;0;0;0;0;0
2013;628,00;584;590;0;0;0;0;0;0;0;0;6218;169468;0;0;0;0;108;15728;0;0;20;7178
2013;291,00;0;0;0;0;0;0;0;0;0;0;43;4452;0;0;44;3561;0;0;0;0;0;0
2013;495,00;0;0;0;0;0;0;0;0;0;0;937;64590;14;865;329;24697;0;0;0;0;0;0
2013;845,00;0;1106;0;0;0;0;0;0;0;0;4024;94770;0;0;272;1567;0;0;0;0;0;0
2013;498,00;0;139;0;0;0;0;0;0;0;0;379;8064;0;0;0;0;0;0;0;0;0;0
2013;314,00;0;0;0;0;0;0;0;0;0;0;710;22245;110;2504;340;10623;0;0;0;0;0;0
2013;720,00;0;0;0;0;0;0;0;0;0;0;3608;44652;0;0;0;0;0;0;0;0;0;0
2013;721,00;530;1317;0;0;0;0;0;0;0;0;7156;117416;0;0;256;11487;583;7725;0;0;55;1576
2013;485,00;0;0;0;0;0;0;0;0;0;0;0;0;0;0;0;0;0;0;0;0;0;0
2013;273,00;464;1185;0;0;0;0;0;0;0;0;653;3897;0;0;0;0;0;0;0;0;0;0
2013;846,00;1158;3981;149;201;0;0;0;0;0;0;5913;89014;0;0;362;5583;66;10207;0;0;35;12773
2013;847,00;0;0;0;0;0;0;0;0;0;0;3252;75630;0;0;0;0;0;0;0;0;0;0
2013;848,00;628;230;194;213;0;0;0;0;0;0;3122;18014;0;0;174;1006;15;76;0;0;0;0
2013;864,00;0;0;0;0;0;0;0;0;0;0;227;8845;2;45;103;2990;0;0;0;0;0;0
2013;916,00;0;46;0;0;300;6440;0;0;210;210;3;10;0;0;0;0;0;0;0;0;0;0
2013;930,00;132;8;0;0;0;0;0;0;0;0;4190;31701;0;0;0;0;0;0;0;0;0;0
2013;954,00;0;3407;0;0;1088;25418;0;0;0;0;5708;90011;276;5316;561;4213;0;0;0;0;0;0
2013;943,00;0;0;0;0;0;0;0;0;0;0;2115;40197;0;0;0;0;0;0;0;0;0;0
2013;949,00;2249;3764;0;0;1638;14289;0;0;0;0;17255;140951;1730;13574;1975;33791;826;9616;0;0;811;24070
2013;980,00;338;1275;134;141;0;0;0;0;0;0;0;0;0;0;0;0;0;0;0;0;0;0
2013;981,00;0;0;0;0;0;0;0;0;0;0;512;11890;112;5579;143;6660;0;0;0;0;0;0
2013;1024,00;520;532;0;0;891;17160;0;0;186;210;5630;67564;76;810;0;0;0;0;0;0;0;0
2013;1017,00;0;0;0;0;0;0;0;0;0;0;116;1013;0;0;0;0;0;0;0;0;0;0
2013;1000,00;163;446;0;0;1198;25142;0;0;317;5395;1995;64776;0;0;0;0;15;62;0;0;0;0
2013;1018,00;0;113;0;0;0;0;0;0;0;0;2123;38364;165;3588;187;4348;43;3451;0;0;0;0
2013;1001,00;134;6;0;0;0;0;0;0;0;0;0;0;0;0;0;0;0;0;0;0;0;0
2013;1007,00;0;0;0;0;0;0;0;0;0;0;6724;134484;0;0;149;2343;70;10758;0;0;22;7983
2013;1008,00;0;0;0;0;0;0;0;0;0;0;3674;39768;0;0;148;2565;51;7636;1;242;10;3236
2013;1009,00;0;641;0;0;0;0;0;0;0;0;1871;40490;0;0;292;4202;76;10461;0;0;6;1925
2013;1010,00;0;32;0;0;0;0;0;0;0;0;1628;23134;0;0;191;3158;47;6995;0;0;5;1618
2013;1011,00;0;53;0;0;0;0;0;0;0;0;2552;28069;0;0;230;1147;31;4716;0;0;0;0
2013;1012,00;0;0;0;0;0;0;0;0;0;0;3392;57140;0;0;130;2738;56;7992;0;0;7;2333
2013;1013,00;2731;0;184;300;1191;19200;0;0;0;0;4978;269007;449;2210;293;9037;82;12148;1;317;17;5986
2013;1041,00;0;0;0;0;0;0;0;0;0;0;50;1366;0;0;104;2520;0;0;0;0;0;0
2013;1073,00;1298;2347;0;0;0;0;0;0;0;0;3693;39986;319;6306;73;427;72;9127;0;0;9;1865
2013;1087,00;692;712;0;0;316;6514;0;0;17;64;5844;46847;429;3949;437;3745;35;5377;0;0;0;0
2013;789,00;0;0;0;0;0;0;0;0;0;0;65;6235;0;0;200;10400;0;0;0;0;0;0
2013;326,00;0;0;0;0;0;0;0;0;0;0;434;38054;0;0;434;28458;0;0;0;0;0;0
2013;442,00;721;77;888;888;37;37;0;0;0;0;33124;33124;0;0;0;0;0;0;0;0;0;0
2013;294,00;264;1336;84;84;0;0;0;0;0;0;2395;26697;0;0;0;0;0;0;0;0;0;0
2013;378,00;0;0;60;60;0;0;0;0;0;0;175;3100;0;0;0;0;0;0;0;0;0;0
2013;402,00;2;120;0;0;0;0;0;0;0;0;1128;30080;0;0;0;0;0;0;0;0;0;0
2013;29,00;0;0;0;0;0;0;0;0;0;0;0;0;0;0;125;12500;0;0;0;0;0;0
2013;450,00;0;0;0;0;0;0;0;0;0;0;364;4340;0;0;0;0;0;0;0;0;0;0
2013;656,00;0;0;0;0;0;0;0;0;0;0;2123;34575;0;0;0;0;0;0;0;0;0;0
2013;333,00;317;0;0;0;0;0;0;0;0;0;782;8990;0;0;0;0;183;11735;0;0;0;0
2013;668,00;0;160;0;0;0;0;0;0;0;0;1657;19662;0;0;0;0;20;2737;0;0;0;0
2013;684,00;0;0;0;0;0;0;0;0;0;0;1189;33372;0;0;0;0;0;0;0;0;0;0
2013;422,00;20;33;32;40;0;0;0;0;0;0;420;3296;0;0;0;0;134;1950;0;0;0;0
2013;763,00;2371;2984;900;1500;1190;27881;0;0;0;0;6910;233956;1213;43583;709;14120;2290;19143;0;0;1288;10771
2013;741,00;2508;652;0;0;2206;17395;0;0;0;0;4202;91247;347;1041;204;4080;0;0;0;0;0;0
2013;553,00;972;1055;0;0;0;0;0;0;0;0;1338;24091;0;0;0;0;144;7756;0;0;0;0
2013;357,00;0;0;0;0;0;0;0;0;0;0;808;14301;0;0;0;0;0;0;0;0;0;0
2013;899,00;0;0;0;0;0;0;0;0;0;0;0;0;0;0;0;0;0;0;0;0;0;0
2013;900,00;0;0;0;0;0;0;0;0;0;0;123;1328;0;0;0;0;0;0;0;0;0;0
2013;932,00;0;0;0;0;0;0;0;0;0;0;0;0;0;0;0;0;0;0;0;0;0;0
2013;950,00;0;0;0;0;0;0;0;0;0;0;1323;33084;0;0;0;0;0;0;0;0;0;0
2013;966,00;154;12;0;0;0;0;0;0;0;0;0;0;0;0;0;0;0;0;0;0;0;0
2013;967,00;0;0;0;0;0;0;0;0;0;0;72;717;0;0;0;0;0;0;0;0;0;0
2013;982,00;343;74;0;0;166;3650;0;0;11;12;2765;41043;55;503;9;70;0;0;0;0;0;0
2013;1014,00;0;209;0;0;0;0;0;0;0;0;0;0;0;0;0;0;0;0;0;0;0;0
2013;1048,00;0;0;0;0;0;0;0;0;0;0;0;0;0;0;0;0;0;0;0;0;0;0
2013;1080,00;172;157;130;187;0;0;0;0;0;0;0;0;0;0;0;0;0;0;0;0;0;0
2013;1074,00;0;0;0;0;0;0;0;0;0;0;1204;1204;0;0;0;0;0;0;0;0;0;0
2013;722,00;4994;5387;0;0;1145;24516;0;0;128;450;9898;203289;978;20213;539;11072;81;9558;1;75;46;2575
2013;660,00;0;2761;0;0;0;0;0;0;0;0;1983;45653;0;0;0;0;62;7039;0;0;0;0
2013;75,00;0;0;0;0;0;0;0;0;0;0;0;0;0;0;204;6810;0;0;0;0;0;0
2013;249,00;21;168;0;0;0;0;0;0;0;0;157;3637;0;0;0;0;0;0;0;0;0;0
2013;275,00;0;0;510;582;0;0;0;0;0;0;2353;39790;0;0;0;0;0;0;0;0;0;0
2013;227,00;108;427;0;0;0;0;0;0;0;0;0;0;0;0;0;0;0;0;0;0;0;0
2013;150,00;0;0;0;0;0;0;0;0;0;0;634;3804;0;0;0;0;0;0;0;0;0;0
2013;47,00;0;0;0;0;0;0;0;0;0;0;0;0;0;0;0;0;0;0;0;0;0;0
2013;172,00;0;0;0;0;0;0;0;0;0;0;360;4233;0;0;0;0;0;0;0;0;0;0
2013;581,00;0;328;0;0;0;0;0;0;0;0;1888;33556;0;0;0;0;0;0;0;0;0;0
2013;120,00;0;0;0;0;0;0;0;0;0;0;2647;47894;192;5952;0;0;0;0;0;0;0;0
2013;445,00;0;0;0;0;0;0;0;0;0;0;103;2769;0;0;0;0;0;0;0;0;0;0
2013;471,00;0;0;0;0;0;0;0;0;0;0;4412;66782;0;0;0;0;0;0;0;0;0;0
2013;53,00;0;0;0;0;0;0;0;0;0;0;693;11504;0;0;0;0;0;0;0;0;0;0
2013;199,00;0;0;0;0;0;0;0;0;0;0;1701;52452;237;10495;0;0;0;0;0;0;0;0
2013;575,00;0;0;0;0;0;0;0;0;0;0;855;14665;0;0;0;0;0;0;0;0;0;0
2013;528,00;0;334;0;0;0;0;0;0;0;0;4543;38490;0;0;0;0;0;0;0;0;0;0
2013;631,00;0;0;0;0;0;0;0;0;0;0;3609;24033;0;0;0;0;49;6518;0;0;2;726
2013;699,00;0;2281;0;0;0;0;0;0;0;0;3038;60089;0;0;0;0;0;0;0;0;0;0
2013;823,00;0;0;0;0;0;0;0;0;0;0;1557;30598;0;0;0;0;0;0;0;0;0;0
2013;849,00;0;0;0;0;0;0;0;0;0;0;3753;21239;0;0;0;0;0;0;0;0;0;0
2013;869,00;0;0;0;0;0;0;0;0;0;0;1177;11915;0;0;0;0;0;0;0;0;0;0
2013;955,00;0;0;0;0;0;0;0;0;0;0;0;0;0;0;40;10080;0;0;0;0;0;0
2013;983,00;0;0;0;0;0;0;0;0;0;0;83;1831;0;0;76;16354;0;0;0;0;0;0
2013;1002,00;0;0;0;0;0;0;0;0;0;0;3;50;0;0;0;0;0;0;0;0;0;0
2013;1015,00;2358;4869;0;0;841;17872;0;0;1389;1389;7811;78488;0;0;0;0;60;7077;0;0;26;8872
2013;51,00;0;0;0;0;0;0;0;0;0;0;0;0;0;0;0;0;0;0;0;0;0;0
2013;441,00;0;0;0;0;0;0;0;0;0;0;0;0;0;0;0;0;0;0;0;0;0;0
2013;327,00;0;0;0;0;0;0;0;0;0;0;0;0;0;0;0;0;0;0;0;0;0;0
2013;690,00;566;1817;93;141;391;7486;0;0;119;453;1082;25920;89;732;9;418;102;6150;0;0;0;0
2013;262,00;0;0;0;0;0;0;0;0;0;0;1651;27018;0;0;0;0;0;0;0;0;0;0
2013;403,00;0;0;0;0;0;0;0;0;0;0;0;0;0;0;0;0;0;0;0;0;0;0
2013;312,00;0;0;0;0;0;0;0;0;0;0;0;0;0;0;0;0;0;0;0;0;0;0
2013;589,00;0;0;0;0;0;0;0;0;0;0;4258;82015;0;0;0;0;0;0;0;0;0;0
2013;665,00;0;548;0;0;0;0;0;0;0;0;5730;103148;0;0;0;0;75;6555;0;0;0;0
2013;334,00;0;0;0;0;0;0;0;0;0;0;22;397;0;0;0;0;0;0;0;0;0;0
2013;1075,00;1415;406;457;603;1524;32486;0;0;1706;3315;18067;374224;1023;4252;0;0;975;26334;40;1048;77;4879
2013;751,00;1258;885;0;0;832;18189;0;0;0;0;2200;174094;0;0;67;6252;80;9768;0;0;0;0
2013;186,00;0;0;0;0;0;0;0;0;0;0;5;48;0;0;0;0;0;0;0;0;0;0
2013;646,00;0;186;0;0;0;0;0;0;0;0;1457;31827;0;0;0;0;0;0;0;0;0;0
2013;536,00;0;0;0;0;0;0;0;0;0;0;847;37061;0;0;0;0;256;3285;0;0;0;0
2013;242,00;0;0;0;0;0;0;0;0;0;0;279;4185;0;0;0;0;0;0;0;0;0;0
2013;490,00;0;0;0;0;0;0;0;0;0;0;430;7732;478;5253;85;1534;0;0;0;0;0;0
2013;500,00;165;305;0;0;144;3109;0;0;0;0;1150;14603;157;2198;0;0;0;0;0;0;0;0
2013;206,00;0;0;0;0;0;0;0;0;0;0;1730;34743;0;0;0;0;0;0;0;0;0;0
2013;58,00;0;0;0;0;0;0;0;0;0;0;0;0;0;0;0;0;0;0;0;0;0;0
2013;572,00;0;216;0;0;0;0;0;0;0;0;3191;138346;0;0;0;0;58;8724;0;0;0;0
2013;180,00;0;0;0;0;0;0;0;0;0;0;678;3993;0;0;0;0;0;0;0;0;0;0
2013;549,00;0;0;0;0;0;0;0;0;0;0;611;92973;0;0;0;0;22;3099;0;0;0;0
2013;582,00;0;0;0;0;0;0;0;0;0;0;2326;23171;0;0;20;164;25;2066;0;0;0;0
2013;743,00;1506;880;0;0;0;0;0;0;0;0;23879;429814;139;1526;1009;18166;55;8447;0;0;0;0
2013;795,00;0;0;0;0;0;0;0;0;0;0;755;7518;0;0;0;0;80;9717;0;0;0;0
2013;269,00;0;0;0;0;0;0;0;0;0;0;575;6398;52;996;0;0;0;0;0;0;0;0
2013;634,00;0;38;0;0;763;16350;0;0;0;0;727;21348;0;0;0;0;0;0;0;0;0;0
2013;1,00;0;0;0;0;0;0;0;0;0;0;1356;18598;0;0;0;0;0;0;0;0;0;0
2013;717,00;0;183;0;0;0;0;0;0;0;0;2057;28475;0;0;0;0;406;4682;0;0;0;0
2013;373,00;0;0;0;0;0;0;0;0;0;0;581;10463;0;0;0;0;0;0;0;0;0;0
2013;535,00;0;395;0;0;0;0;0;0;0;0;1919;56145;0;0;0;0;0;0;0;0;0;0
2013;824,00;3742;3984;708;708;1195;30639;290;2237;393;1326;8597;319710;237;8573;695;23789;65;10288;63;23189;49;18052
2013;888,00;0;0;0;0;0;0;0;0;0;0;124;808;0;0;0;0;35;5367;0;0;0;0
2013;902,00;0;0;0;0;0;0;0;0;0;0;130;3334;0;0;0;0;0;0;0;0;0;0
2013;968,00;0;0;0;0;0;0;0;0;0;0;0;0;0;0;0;0;0;0;0;0;0;0
2013;346,00;0;0;0;0;0;0;0;0;0;0;89;4871;0;0;235;49521;0;0;0;0;0;0
2013;27,00;0;0;0;0;0;0;0;0;0;0;0;0;0;0;0;0;0;0;0;0;0;0
2013;165,00;0;0;0;0;0;0;0;0;0;0;274;4815;4;37;0;0;0;0;0;0;0;0
2013;956,00;0;1400;0;0;0;0;0;0;714;5699;7934;142828;0;0;0;0;71;10610;1;156;20;16480
2013;413,00;0;0;0;0;0;0;0;0;0;0;0;0;0;0;0;0;0;0;0;0;0;0
2013;149,00;0;0;0;0;0;0;0;0;0;0;1114;30510;0;0;45;1350;0;0;0;0;0;0
2013;612,00;414;73;0;0;0;0;0;0;0;0;3276;63854;0;0;0;0;0;0;0;0;0;0
2013;559,00;0;0;0;0;0;0;0;0;0;0;1234;16631;0;0;0;0;0;0;0;0;0;0
2013;7,00;0;0;0;0;0;0;0;0;0;0;609;12809;0;0;0;0;0;0;0;0;0;0
2013;283,00;83;82;23;24;4;4;127;129;0;0;2533;47848;0;0;0;0;0;0;0;0;0;0
2013;37,00;0;0;0;0;0;0;0;0;0;0;0;0;0;0;0;0;0;0;0;0;0;0
2013;153,00;0;0;0;0;0;0;0;0;0;0;1952;44359;0;0;0;0;0;0;0;0;0;0
2013;547,00;0;0;0;0;0;0;0;0;0;0;1967;66639;0;0;76;4009;0;0;0;0;0;0
2013;397,00;0;0;0;0;0;0;0;0;0;0;477;8057;99;1798;348;6123;0;0;0;0;0;0
2013;556,00;0;0;0;0;0;0;0;0;0;0;700;83093;0;0;24;2253;52;4686;0;0;0;0
2013;42,00;0;0;0;0;0;0;0;0;0;0;0;0;0;0;0;0;0;0;0;0;0;0
2013;31,00;0;0;0;0;0;0;0;0;0;0;1672;53592;0;0;0;0;0;0;0;0;0;0
2013;740,00;1956;4892;237;383;0;0;0;0;0;0;12354;97705;1335;6497;1050;4294;4142;43117;2401;29917;353;10333
2013;217,00;0;0;0;0;0;0;0;0;0;0;2218;27546;0;0;0;0;10;59;0;0;0;0
2013;863,00;0;0;0;0;0;0;0;0;0;0;1444;13325;0;0;0;0;0;0;0;0;0;0
2013;889,00;3366;2853;322;356;1299;31352;0;0;276;864;11168;51615;220;1513;502;4449;300;8378;0;0;79;17775
2013;984,00;0;0;0;0;0;0;0;0;0;0;1660;35334;0;0;0;0;0;0;0;0;0;0
2013;34,00;0;0;0;0;0;0;0;0;0;0;0;0;0;0;0;0;0;0;0;0;0;0
2013;791,00;0;0;0;0;0;0;0;0;0;0;4798;57563;0;0;0;0;0;0;0;0;0;0
2013;181,00;0;0;0;0;0;0;0;0;0;0;57;4428;435;15552;0;0;0;0;0;0;0;0
2013;430,00;0;0;0;0;0;0;0;0;0;0;5214;17586;0;0;0;0;0;0;0;0;0;0
2013;715,00;25;824;309;491;400;8115;0;0;0;0;3604;68584;154;4071;188;6148;106;11727;0;0;19;2850
2013;521,00;0;0;0;0;0;0;0;0;0;0;2115;53204;2;104;2;104;0;0;0;0;0;0
2013;524,00;214;47;67;87;0;0;0;0;0;0;5351;139694;1;36;0;0;17;1109;0;0;0;0
2013;432,00;0;0;0;0;0;0;0;0;0;0;2826;52628;0;0;0;0;0;0;0;0;0;0
2013;19,00;0;0;0;0;0;0;0;0;0;0;0;0;0;0;0;0;0;0;0;0;0;0
2013;25,00;0;0;0;0;0;0;0;0;0;0;0;0;0;0;0;0;0;0;0;0;0;0
2013;26,00;0;0;0;0;0;0;0;0;0;0;17;126;0;0;31;9737;0;0;0;0;0;0
2013;890,00;261;0;0;0;0;0;0;0;0;0;1069;18365;203;2426;394;7148;71;9372;0;0;22;1363
2013;904,00;0;0;0;0;0;0;0;0;0;0;588;29695;0;0;0;0;0;0;0;0;0;0
2013;957,00;3107;4676;0;0;1772;41843;0;0;83;966;9932;178776;264;2904;514;9252;566;16359;1;219;49;2037
2013;939,00;4886;1697;0;0;1146;22583;0;0;91;252;106467;228243;1695;10288;4934;4934;1860;18146;311;7379;287;6962
2013;236,00;0;0;0;0;0;0;0;0;0;0;2389;45391;0;0;0;0;15;273;0;0;0;0
2013;735,00;1749;4184;60;103;2543;24360;0;0;0;0;83788;253943;4715;4783;9433;13526;906;8782;0;0;0;0
2013;146,00;0;0;0;0;0;0;0;0;0;0;746;5915;0;0;0;0;0;0;0;0;0;0
2013;363,00;122;80;0;0;0;0;0;0;0;0;1449;35834;0;0;0;0;0;0;0;0;0;0
2013;187,00;0;0;0;0;0;0;0;0;0;0;10056;83125;36;197;215;1985;96;10166;0;0;0;0
2013;265,00;0;29;0;0;0;0;0;0;0;0;0;0;0;0;0;0;0;0;0;0;0;0
2013;295,00;0;0;0;0;0;0;0;0;0;0;672;11997;0;0;0;0;0;0;0;0;0;0
2013;496,00;767;172;0;0;0;0;0;0;0;0;2599;39915;0;0;0;0;454;12785;0;0;0;0
2013;77,00;0;0;0;0;0;0;0;0;0;0;395;4031;0;0;0;0;0;0;0;0;0;0
2013;391,00;0;0;98;110;0;0;0;0;0;0;135;2487;0;0;0;0;0;0;0;0;0;0
2013;240,00;0;0;0;0;0;0;0;0;0;0;3061;50160;0;0;0;0;43;343;0;0;0;0
2013;448,00;0;0;0;0;0;0;0;0;0;0;613;9195;20;930;0;0;10;1190;0;0;0;0
2013;151,00;0;0;0;0;0;0;0;0;0;0;80;2560;0;0;0;0;0;0;0;0;0;0
2013;425,00;0;0;0;0;0;0;0;0;0;0;1906;12521;0;0;0;0;137;718;0;0;0;0
2013;300,00;0;0;0;0;0;0;0;0;0;0;956;17890;0;0;0;0;0;0;0;0;0;0
2013;339,00;1558;946;0;0;0;0;0;0;0;0;819;6338;0;0;0;0;26;115;0;0;0;0
2013;826,00;0;0;0;0;0;0;0;0;0;0;1086;17557;0;0;246;3028;0;0;0;0;0;0
2013;874,00;0;0;0;0;0;0;0;0;0;0;1192;19610;0;0;0;0;765;9901;0;0;0;0
2013;905,00;1734;1463;164;316;530;14261;182;1617;0;0;2853;84249;307;3043;0;0;394;8062;0;0;40;6149
2013;736,00;1747;4343;152;190;1320;140618;0;0;272;531;12088;120877;1047;10474;754;7540;833;8329;0;0;280;2803
2013;459,00;0;0;0;0;0;0;0;0;0;0;1610;47042;0;0;0;0;0;0;0;0;0;0
2013;320,00;0;0;0;0;0;0;0;0;0;0;2130;20556;0;0;0;0;0;0;0;0;0;0
2013;45,00;0;0;0;0;0;0;0;0;0;0;2;29;1;108;0;0;0;0;0;0;0;0
2013;292,00;0;0;0;0;0;0;0;0;0;0;0;0;0;0;168;2506;0;0;0;0;0;0
2013;618,00;0;0;0;0;0;0;0;0;0;0;693;114702;0;0;160;9186;0;0;0;0;0;0
2013;463,00;0;2605;0;0;0;0;0;0;0;0;1148;30555;0;0;0;0;0;0;0;0;0;0
2013;891,00;0;0;0;0;0;0;0;0;0;0;0;0;0;0;0;0;0;0;0;0;0;0
2013;958,00;0;880;0;0;0;0;0;0;0;0;10095;96579;0;0;746;6085;851;11170;0;0;126;3586
2013;244,00;0;0;0;0;0;0;0;0;0;0;154;3040;192;3852;0;0;0;0;0;0;0;0
2013;28,00;0;0;0;0;0;0;0;0;0;0;14;824;0;0;52;244;0;0;0;0;0;0
2013;444,00;0;0;0;0;0;0;0;0;0;0;1456;21128;0;0;0;0;0;0;0;0;0;0
2013;479,00;0;0;0;0;0;0;0;0;0;0;85;2355;61;2128;0;0;0;0;0;0;0;0
2013;285,00;286;0;0;0;0;0;0;0;0;0;0;0;0;0;0;0;118;9964;0;0;0;0
2013;253,00;282;52;0;0;0;0;0;0;0;0;0;0;0;0;0;0;0;0;0;0;0;0
2013;481,00;0;8;0;0;0;0;0;0;0;0;2290;24269;0;0;0;0;18;53;0;0;0;0
2013;540,00;357;0;0;0;731;19006;0;0;0;0;1326;19890;788;2364;0;0;0;0;0;0;0;0
2013;332,00;0;0;0;0;0;0;0;0;0;0;0;0;0;0;0;0;0;0;0;0;0;0
2013;41,00;0;0;0;0;0;0;0;0;0;0;0;0;0;0;0;0;0;0;0;0;0;0
2013;510,00;0;84;0;0;0;0;0;0;0;0;0;0;54;561;0;0;0;0;0;0;0;0
2013;305,00;0;0;0;0;0;0;0;0;0;0;0;0;0;0;0;0;0;0;0;0;0;0
2013;708,00;0;0;0;0;0;0;0;0;0;0;1310;324880;0;0;0;0;0;0;0;0;0;0
2013;755,00;2647;1095;546;933;1772;36076;0;0;111;306;11336;189451;415;4410;555;18115;32;12449;2;324;60;21900
2013;750,00;2731;4232;0;0;1302;24449;0;0;0;0;3167;102866;45;2771;39;1912;1907;21222;0;0;0;0
2013;696,00;1706;191;621;867;0;0;0;0;0;0;2043;51552;0;0;58;6562;0;0;0;0;0;0
2013;434,00;0;262;0;0;0;0;0;0;0;0;0;0;0;0;0;0;0;0;0;0;0;0
2013;421,00;0;0;0;0;0;0;0;0;0;0;1161;29663;0;0;208;3840;0;0;0;0;0;0
2013;827,00;0;0;0;0;0;0;0;0;0;0;0;0;0;0;128;154;0;0;0;0;0;0
2013;933,00;0;490;0;0;0;0;0;0;0;0;3903;91288;0;0;0;0;0;0;0;0;0;0
2013;1030,00;49;0;22;36;0;0;0;0;0;0;41;180;26;170;39;160;0;0;0;0;0;0
2013;1003,00;0;130;0;0;0;0;0;0;0;0;1909;11033;0;0;0;0;0;0;0;0;0;0
2013;1050,00;0;15;0;0;0;0;0;0;0;0;717;3583;0;0;0;0;0;0;0;0;0;0
2013;1043,00;0;0;0;0;0;0;0;0;0;0;0;0;0;0;0;0;0;0;0;0;0;0
2013;934,00;0;0;0;0;0;0;0;0;0;0;19530;133535;0;0;572;5092;52;7629;0;0;1;433
2013;629,00;1577;1508;0;0;0;0;0;0;0;0;2591;37819;151;1966;304;4045;301;5730;0;0;0;0
2013;21,00;0;0;0;0;0;0;0;0;0;0;0;0;0;0;0;0;0;0;0;0;0;0
2013;615,00;0;0;0;0;0;0;0;0;0;0;0;0;0;0;0;0;0;0;0;0;0;0
2013;626,00;0;0;0;0;0;0;0;0;0;0;690;9803;0;0;0;0;0;0;0;0;0;0
2013;417,00;0;0;0;0;0;0;0;0;0;0;767;23398;0;0;0;0;0;0;0;0;0;0
2013;597,00;0;0;0;0;0;0;0;0;0;0;1487;36228;68;674;0;0;0;0;0;0;0;0
2013;539,00;0;0;0;0;1442;33448;0;0;0;0;2899;78244;145;2964;0;0;0;0;0;0;0;0
2013;343,00;0;0;0;0;0;0;0;0;0;0;1811;33725;0;0;0;0;0;0;0;0;0;0
2013;135,00;0;0;0;0;0;0;0;0;0;0;85;1540;0;0;0;0;0;0;0;0;0;0
2013;158,00;0;0;0;0;0;0;0;0;0;0;351;17085;0;0;1658;35158;0;0;0;0;0;0
2013;775,00;0;829;0;0;0;0;0;0;0;0;1005;24444;67;950;99;2056;0;0;0;0;0;0
2013;177,00;0;0;0;0;309;8143;0;0;0;0;194;10433;0;0;0;0;150;16158;0;0;0;0
2013;578,00;0;0;0;0;0;0;0;0;0;0;2225;9053;0;0;0;0;0;0;0;0;0;0
2013;416,00;0;0;0;0;0;0;0;0;0;0;1668;23158;366;743;366;17028;0;0;0;0;0;0
2013;561,00;0;0;0;0;0;0;0;0;0;0;2134;42478;88;1215;17;179;77;5321;0;0;0;0
2013;828,00;0;0;0;0;0;0;0;0;0;0;153;14364;0;0;116;6300;0;0;0;0;0;0
2013;860,00;0;0;0;0;0;0;0;0;0;0;2860;40309;204;5488;0;0;0;0;0;0;0;0
2013;935,00;0;0;0;0;0;0;0;0;0;0;0;0;0;0;0;0;0;0;0;0;0;0
2013;936,00;0;0;0;0;0;0;0;0;0;0;58;172;0;0;51;113;0;0;0;0;0;0
2013;986,00;0;0;0;0;0;0;0;0;0;0;0;0;0;0;0;0;0;0;0;0;0;0
2013;987,00;0;0;0;0;0;0;0;0;0;0;0;0;0;0;0;0;0;0;0;0;0;0
2013;1021,00;0;0;0;0;0;0;0;0;0;0;63;4947;0;0;37;2523;0;0;0;0;0;0
2013;1085,00;0;0;0;0;0;0;0;0;0;0;0;0;0;0;0;0;0;0;0;0;0;0
2013;658,00;0;375;0;0;0;0;0;0;0;0;1756;31601;0;0;0;0;558;6812;26;726;35;802
2013;353,00;0;0;0;0;0;0;0;0;0;0;575;6147;0;0;490;2825;0;0;0;0;0;0
2013;323,00;0;0;0;0;0;0;0;0;0;0;0;0;0;0;45;4022;0;0;0;0;0;0
2013;620,00;0;0;0;0;0;0;0;0;0;0;2270;60389;0;0;0;0;0;0;0;0;0;0
2013;384,00;0;0;0;0;0;0;0;0;0;0;2376;50970;170;1495;1984;19985;0;0;0;0;0;0
2013;554,00;0;491;0;0;0;0;0;0;0;0;2747;67723;0;0;126;4316;0;0;0;0;0;0
2013;209,00;0;0;0;0;0;0;0;0;0;0;0;0;0;0;0;0;0;0;0;0;0;0
2013;707,00;2430;2355;366;754;0;0;0;0;0;0;11743;237820;1880;8940;835;12128;866;11509;0;0;0;0
2013;395,00;0;250;0;0;0;0;0;0;0;0;1066;21336;0;0;0;0;0;0;0;0;0;0
2013;969,00;0;0;0;0;0;0;0;0;0;0;1982;60162;0;0;0;0;0;0;0;0;0;0
2013;1052,00;0;0;0;0;0;0;0;0;0;0;0;0;0;0;77;1115;0;0;0;0;0;0
2013;739,00;2551;6080;649;844;2086;19038;0;0;392;660;24543;510708;406;6451;3089;18434;1221;8547;0;0;54;319
2013;613,00;1222;2197;453;725;0;0;0;0;0;0;3964;85246;3143;3143;0;0;1135;8721;1;67;36;11790
2013;593,00;0;471;0;0;0;0;0;0;0;0;44891;411093;0;0;0;0;0;0;0;0;0;0
2013;704,00;11603;2581;0;0;1080;21460;0;0;0;0;2167;220628;310;2626;332;4733;819;6815;0;0;56;611
2013;493,00;0;0;0;0;0;0;0;0;0;0;2005;15812;0;0;0;0;0;0;0;0;0;0
2013;686,00;1719;1883;0;0;1028;18635;0;0;0;0;1965;86540;167;2581;145;3244;864;7304;1;7;308;1009
2013;257,00;47;23;0;0;0;0;0;0;0;0;666;4270;0;0;0;0;56;8328;0;0;0;0
2013;494,00;0;0;0;0;0;0;0;0;0;0;0;0;0;0;0;0;70;5247;0;0;0;0
2013;681,00;0;2494;0;0;994;27366;0;0;574;596;1133;8085;0;0;0;0;5;35;0;0;0;0
2013;286,00;21;0;255;1090;1292;6460;0;0;251;1031;0;0;0;0;0;0;106;17004;0;0;0;0
2013;255,00;182;51;0;0;0;0;0;0;0;0;5656;41032;64;581;0;0;0;0;0;0;0;0
2013;79,00;0;0;0;0;0;0;0;0;0;0;0;0;0;0;0;0;0;0;0;0;0;0
2013;81,00;0;0;0;0;0;0;0;0;0;0;0;0;0;0;0;0;0;0;0;0;0;0
2013;688,00;0;627;0;0;0;0;0;0;0;0;7715;267314;0;0;0;0;48;5842;0;0;14;3987
2013;531,00;0;963;0;0;0;0;0;0;0;0;8411;113112;0;0;0;0;65;9329;24;8760;23;4199
2013;514,00;0;0;0;0;0;0;0;0;0;0;1289;81052;0;0;0;0;0;0;0;0;0;0
2013;499,00;0;244;0;0;0;0;0;0;0;0;347;7996;25;799;24;544;0;0;0;0;0;0
2013;532,00;0;641;0;0;0;0;0;0;0;0;5144;116503;0;0;0;0;0;0;0;0;0;0
2013;190,00;0;0;0;0;0;0;0;0;0;0;1703;16430;277;2194;496;4744;0;0;0;0;0;0
2013;598,00;0;269;0;0;0;0;0;0;0;0;3452;154245;0;0;0;0;0;0;0;0;0;0
2013;260,00;571;850;0;0;0;0;0;0;0;0;0;0;0;0;0;0;5;21;0;0;0;0
2013;838,00;0;0;0;0;0;0;0;0;0;0;486;2964;0;0;0;0;0;0;0;0;0;0
2013;839,00;0;0;0;0;0;0;0;0;0;0;161;3275;161;2048;161;2864;0;0;0;0;0;0
2013;851,00;0;0;0;0;0;0;0;0;0;0;0;0;0;0;0;0;0;0;0;0;0;0
2013;852,00;1208;2135;486;615;1152;21491;0;0;0;0;14782;472830;726;15466;0;0;143;22470;0;0;20;29200
2013;988,00;0;0;0;0;0;0;0;0;0;0;709;32815;153;2302;637;16858;0;0;0;0;0;0
2013;1056,00;694;325;21;21;0;0;0;0;0;0;763;13739;392;4209;0;0;190;16874;0;0;28;6586
2013;1044,00;0;0;0;0;0;0;0;0;0;0;161;1594;1;1;1;1;0;0;0;0;0;0
2013;644,00;0;2220;0;0;0;0;0;0;0;0;48119;335412;0;0;0;0;52;7229;0;0;0;0
2013;752,00;6460;2242;0;0;1279;25802;0;0;157;317;10507;484592;0;0;820;17654;49;6997;0;0;14;4905
2013;238,00;0;0;0;0;0;0;0;0;0;0;590;650;0;0;0;0;0;0;0;0;0;0
2013;325,00;0;0;0;0;0;0;0;0;0;0;67;3714;136;5042;83;4017;0;0;0;0;0;0
2013;622,00;0;268;0;0;0;0;0;0;0;0;7817;58216;0;0;0;0;0;0;0;0;0;0
2013;879,00;0;0;0;0;0;0;0;0;0;0;359;5307;0;0;0;0;0;0;0;0;0;0
2013;906,00;397;0;0;0;775;16432;0;0;0;0;0;0;0;0;0;0;0;0;0;0;0;0
2013;370,00;0;0;0;0;0;0;0;0;0;0;2827;17658;0;0;0;0;0;0;0;0;0;0
2013;418,00;0;0;55;177;0;0;0;0;0;0;512;25694;0;0;0;0;0;0;0;0;0;0
2013;574,00;0;0;0;0;0;0;0;0;0;0;1107;35659;0;0;0;0;0;0;0;0;0;0
2013;399,00;0;0;0;0;0;0;0;0;0;0;0;0;0;0;0;0;0;0;0;0;0;0
2013;195,00;0;0;0;0;0;0;0;0;0;0;0;0;0;0;0;0;0;0;0;0;0;0
2013;783,00;2388;2733;0;0;1613;26564;0;0;0;0;403;3550;298;3496;3844;89507;162;9735;0;0;89;1088
2013;263,00;0;0;0;0;0;0;0;0;0;0;1283;21387;0;0;0;0;0;0;0;0;0;0
2013;194,00;0;0;0;0;0;0;0;0;0;0;0;0;0;0;0;0;0;0;0;0;0;0
2013;214,00;0;0;0;0;0;0;0;0;0;0;0;0;0;0;0;0;0;0;0;0;0;0
2013;785,00;1518;2018;0;0;1461;34148;0;0;0;0;4289;268514;477;5126;345;14091;297;14917;0;0;64;16117
2013;780,00;0;0;0;0;0;0;0;0;0;0;1658;42522;0;0;0;0;0;0;0;0;0;0
2013;782,00;715;676;565;640;0;0;0;0;0;0;1581;94163;0;0;33;407;186;13946;3;112;50;818
2013;369,00;0;0;0;0;0;0;0;0;0;0;12004;238399;347;3820;417;7497;0;0;0;0;0;0
2013;84,00;0;0;0;0;0;0;0;0;0;0;0;0;0;0;0;0;0;0;0;0;0;0
2013;713,00;0;0;0;0;0;0;0;0;0;0;6810;136209;31;1326;56;259;0;0;0;0;0;0
2013;941,00;0;0;0;0;0;0;0;0;0;0;0;0;0;0;0;0;0;0;0;0;0;0
2013;1091,00;0;0;0;0;0;0;0;0;0;0;0;0;0;0;0;0;0;0;0;0;0;0
2013;1045,00;39;31;0;0;81;1510;0;0;0;0;632;12805;11;55;0;0;0;0;0;0;0;0
2013;1086,00;0;0;0;0;994;9857;0;0;0;0;0;0;0;0;0;0;0;0;0;0;0;0
2013;937,00;0;1397;0;0;390;9515;0;0;0;0;1946;79574;1704;1726;98;1768;106;15357;0;0;23;8281
2013;1004,00;0;0;0;0;0;0;0;0;0;0;503;5847;45;908;0;0;0;0;0;0;0;0
2013;737,00;1521;1322;762;879;840;27098;0;0;119;362;9426;169662;244;3785;183;7642;75;11647;0;0;24;5400
2013;765,00;2885;1423;0;0;1394;22640;0;0;309;3646;12732;150767;2138;9702;2522;62039;91;14092;0;0;37;10433
2013;329,00;0;471;0;0;0;0;0;0;0;0;995;17920;0;0;0;0;0;0;0;0;0;0
2013;87,00;0;0;0;0;0;0;0;0;0;0;85;3024;0;0;95;5184;0;0;0;0;0;0
2013;527,00;0;85;0;0;0;0;0;0;0;0;39915;67868;0;0;2520;2839;0;0;0;0;0;0
2013;562,00;58;7;56;56;0;0;0;0;0;0;2551;67463;0;0;301;3270;0;0;0;0;0;0
2013;251,00;130;187;0;0;0;0;0;0;0;0;0;0;0;0;0;0;0;0;0;0;0;0
2013;129,00;0;0;0;0;0;0;0;0;0;0;117;7599;0;0;0;0;0;0;0;0;0;0
2013;154,00;0;0;0;0;0;0;0;0;0;0;886;21778;0;0;416;8204;231;25117;0;0;0;0
2013;516,00;142;0;0;0;463;11808;0;0;0;0;3064;65406;0;0;0;0;0;0;0;0;0;0
2013;184,00;0;0;0;0;0;0;0;0;0;0;1558;4675;0;0;0;0;0;0;0;0;0;0
2013;652,00;0;0;0;0;0;0;0;0;0;0;810;40865;0;0;0;0;17;2228;0;0;0;0
2013;637,00;0;120;0;0;0;0;0;0;0;0;983;51109;0;0;0;0;252;3058;0;0;0;0
2013;88,00;0;0;0;0;0;0;0;0;0;0;0;0;0;0;0;0;0;0;0;0;0;0
2013;907,00;0;0;0;0;0;0;0;0;0;0;0;0;0;0;64;13982;0;0;0;0;0;0
2013;970,00;0;0;0;0;0;0;0;0;0;0;0;0;0;0;0;0;0;0;0;0;0;0
2013;1019,00;0;0;0;0;0;0;0;0;0;0;657;6433;0;0;0;0;0;0;0;0;0;0
2013;1016,00;66;53;0;0;0;0;0;0;0;0;269;3231;0;0;0;0;0;0;0;0;0;0
2013;1047,00;0;0;0;0;0;0;0;0;0;0;586;10550;0;0;0;0;0;0;0;0;0;0
2013;635,00;0;0;0;0;0;0;0;0;0;0;1414;63583;0;0;0;0;107;9192;0;0;2;266
