"año";"NCODI";"pacienteTot_med";"sesionTot_med";"pacienteTot_psiquia";"sesionTot_psiquia";"pacienteTot_geria";"sesionTot_geria"
2013;113,00;0;0;15531;17013;0;0
2013;619,00;141;520;0;0;0;0
2013;163,00;0;0;0;0;0;0
2013;131,00;0;0;0;0;0;0
2013;375,00;0;0;0;0;0;0
2013;1090,00;14464;49870;852;3408;0;0
2013;764,00;1931;12293;3960;8115;299;445
2013;14,00;0;0;0;0;0;0
2013;657,00;1523;1914;0;0;0;0
2013;362,00;0;0;0;0;0;0
2013;989,00;424;2712;0;0;0;0
2013;990,00;411;2541;0;0;0;0
2013;680,00;32836;48975;0;0;0;0
2013;411,00;294;1619;0;0;0;0
2013;241,00;165;1009;0;0;0;0
2013;558,00;4317;56430;0;0;0;0
2013;167,00;0;0;0;0;0;0
2013;248,00;278;1978;0;0;0;0
2013;224,00;0;0;0;0;0;0
2013;591,00;3960;39633;0;0;0;0
2013;586,00;9969;41629;1261;1297;0;0
2013;453,00;0;0;0;0;0;0
2013;145,00;0;0;0;0;0;0
2013;511,00;14693;17439;0;0;0;0
2013;530,00;4417;33368;0;0;0;0
2013;6,00;0;0;0;0;0;0
2013;161,00;0;0;0;0;0;0
2013;623,00;2162;10716;0;0;0;0
2013;489,00;0;0;0;0;0;0
2013;875,00;93;553;0;0;0;0
2013;940,00;0;0;0;0;0;0
2013;946,00;0;0;0;0;0;0
2013;1023,00;4691;50956;0;0;0;0
2013;1054,00;2594;10499;0;0;0;0
2013;1057,00;0;0;0;0;0;0
2013;1031,00;0;0;0;0;0;0
2013;1032,00;4417;36377;0;0;0;0
2013;1064,00;0;0;0;0;0;0
2013;226,00;0;0;0;0;0;0
2013;687,00;2713;4731;74;3128;0;0
2013;745,00;9400;16169;159;1980;0;0
2013;109,00;0;0;0;0;0;0
2013;808,00;0;0;52;5876;0;0
2013;971,00;1703;1808;0;0;0;0
2013;128,00;0;0;0;0;0;0
2013;919,00;1567;9661;45;582;0;0
2013;725,00;2891;11119;0;0;0;0
2013;3,00;0;0;0;0;0;0
2013;386,00;0;0;0;0;0;0
2013;306,00;0;0;0;0;0;0
2013;15,00;0;0;0;0;0;0
2013;264,00;0;0;0;0;0;0
2013;867,00;0;0;0;0;0;0
2013;910,00;568;4439;0;0;0;0
2013;1053,00;1582;6329;0;0;0;0
2013;1055,00;7419;12778;0;0;0;0
2013;1081,00;0;0;0;0;0;0
2013;1099,00;0;0;0;0;0;0
2013;529,00;0;0;0;0;0;0
2013;345,00;0;0;0;0;0;0
2013;515,00;0;0;0;0;0;0
2013;174,00;0;0;0;0;96;1799
2013;523,00;0;0;0;0;153;5291
2013;697,00;1983;1983;0;0;0;0
2013;239,00;740;972;0;0;0;0
2013;287,00;0;0;0;0;0;0
2013;377,00;0;0;0;0;0;0
2013;692,00;809;4894;62;2421;0;0
2013;335,00;0;0;0;0;0;0
2013;435,00;0;0;0;0;0;0
2013;423,00;0;0;0;0;0;0
2013;351,00;0;0;0;0;0;0
2013;810,00;0;0;0;0;0;0
2013;830,00;5940;12186;0;0;0;0
2013;892,00;2897;26158;137;4665;0;0
2013;921,00;3090;5313;0;0;0;0
2013;991,00;0;0;0;0;0;0
2013;992,00;391;4639;169;3661;0;0
2013;993,00;2346;5725;35;1837;0;0
2013;1070,00;2843;11372;42;1732;0;0
2013;1095,00;0;0;0;0;0;0
2013;1094,00;6;6;0;0;0;0
2013;473,00;1430;3059;0;0;0;0
2013;663,00;7459;33808;0;0;0;0
2013;552,00;1171;7845;0;0;0;0
2013;772,00;20894;79353;496;10469;132;11789
2013;568,00;0;0;0;0;0;0
2013;398,00;0;0;0;0;0;0
2013;394,00;0;0;0;0;0;0
2013;614,00;0;0;0;0;0;0
2013;235,00;0;0;0;0;0;0
2013;616,00;4280;8990;0;0;0;0
2013;267,00;0;0;0;0;0;0
2013;565,00;166;350;0;0;0;0
2013;220,00;244;6143;0;0;0;0
2013;278,00;0;0;0;0;0;0
2013;107,00;0;0;83;3848;126;12942
2013;141,00;0;0;0;0;0;0
2013;711,00;16777;64309;1306;11400;0;0
2013;204,00;0;0;0;0;39;5172
2013;579,00;0;0;0;0;0;0
2013;348,00;442;15826;0;0;0;0
2013;766,00;821;2884;0;0;0;0
2013;761,00;0;0;0;0;166;11363
2013;728,00;658;2989;0;0;0;0
2013;280,00;513;3804;0;0;0;0
2013;222,00;91;96;0;0;0;0
2013;276,00;698;5941;0;0;0;0
2013;11,00;0;0;0;0;0;0
2013;302,00;0;0;0;0;0;0
2013;682,00;4263;15071;0;0;0;0
2013;279,00;447;2181;0;0;0;0
2013;282,00;491;4410;0;0;0;0
2013;281,00;454;7270;0;0;0;0
2013;183,00;0;0;0;0;0;0
2013;610,00;0;0;0;0;0;0
2013;116,00;0;0;0;0;211;4704
2013;115,00;0;0;0;0;0;0
2013;114,00;0;0;0;0;0;0
2013;126,00;0;0;0;0;39;2665
2013;119,00;0;0;0;0;0;0
2013;770,00;7398;27036;75;2757;0;0
2013;583,00;220;8921;0;0;0;0
2013;136,00;0;0;0;0;321;11201
2013;469,00;1796;4596;0;0;22;3513
2013;642,00;269;1837;0;0;123;4637
2013;674,00;1741;8487;175;4921;0;0
2013;193,00;0;0;0;0;72;4144
2013;526,00;4817;19511;0;0;183;6573
2013;698,00;3492;27778;47;1785;0;0
2013;630,00;2101;7509;0;0;0;0
2013;124,00;0;0;0;0;201;7560
2013;364,00;0;0;0;0;158;8744
2013;604,00;4953;20358;215;3911;0;0
2013;123,00;0;0;0;0;360;14668
2013;310,00;0;0;233;12537;161;13945
2013;571,00;752;4932;0;0;0;0
2013;296,00;0;0;0;0;64;5599
2013;566,00;3317;8288;185;3641;397;3527
2013;784,00;8515;38794;311;5755;579;6182
2013;102,00;0;0;90;3343;60;5110
2013;379,00;0;0;272;18258;0;0
2013;639,00;7840;9345;0;0;0;0
2013;457,00;858;1031;0;0;0;0
2013;609,00;218;1725;27;4249;0;0
2013;101,00;0;0;0;0;48;4556
2013;454,00;1611;3232;0;0;0;0
2013;318,00;0;0;48;3994;54;5872
2013;600,00;3646;14583;0;0;0;0
2013;545,00;4115;16382;52;4394;80;5121
2013;100,00;0;0;0;0;136;8649
2013;702,00;1847;9261;95;5357;0;0
2013;778,00;710;6099;128;3616;0;0
2013;341,00;0;0;0;0;0;0
2013;99,00;0;0;0;0;365;9322
2013;767,00;1919;6197;0;0;0;0
2013;359,00;0;0;0;0;1030;6360
2013;98,00;0;0;0;0;67;5796
2013;132,00;0;0;0;0;0;0
2013;97,00;0;0;0;0;61;7182
2013;103,00;0;0;0;0;460;4637
2013;110,00;0;0;0;0;0;0
2013;94,00;0;0;0;0;0;0
2013;91,00;0;0;0;0;110;4080
2013;664,00;4700;20122;158;4910;0;0
2013;918,00;22316;84579;0;0;0;0
2013;92,00;0;0;0;0;0;0
2013;95,00;0;0;0;0;35;5601
2013;96,00;0;0;0;0;0;0
2013;301,00;0;0;0;0;0;0
2013;492,00;1265;5827;0;0;0;0
2013;811,00;0;0;0;0;0;0
2013;812,00;4430;42644;0;0;0;0
2013;832,00;0;0;0;0;0;0
2013;841,00;0;0;0;0;33;4220
2013;856,00;0;0;0;0;63;4724
2013;859,00;0;0;97;4758;0;0
2013;861,00;0;0;0;0;0;0
2013;880,00;0;0;0;0;177;9323
2013;883,00;0;0;59;4211;0;0
2013;884,00;0;0;0;0;84;6320
2013;877,00;0;0;0;0;0;0
2013;911,00;0;0;0;0;205;6790
2013;913,00;0;0;211;4994;0;0
2013;922,00;0;0;0;0;0;0
2013;923,00;0;0;0;0;0;0
2013;924,00;3678;20119;0;0;0;0
2013;947,00;0;0;0;0;0;0
2013;951,00;0;0;0;0;34;4232
2013;1103,00;0;0;0;0;305;7509
2013;972,00;0;0;0;0;0;0
2013;973,00;0;0;0;0;0;0
2013;974,00;0;0;0;0;0;0
2013;975,00;0;0;0;0;41;5830
2013;960,00;0;0;0;0;177;5907
2013;1028,00;0;0;0;0;0;0
2013;976,00;0;0;87;3306;208;7415
2013;977,00;0;0;0;0;0;0
2013;1020,00;0;0;141;2821;0;0
2013;994,00;1;9355;0;0;0;0
2013;995,00;0;0;0;0;74;5234
2013;1060,00;0;0;151;10552;0;0
2013;1005,00;0;0;0;0;0;0
2013;1061,00;0;0;0;0;0;0
2013;1006,00;0;0;83;4618;0;0
2013;1088,00;0;0;0;0;0;0
2013;1089,00;0;0;0;0;0;0
2013;1076,00;0;0;0;0;0;0
2013;1078,00;0;0;0;0;0;0
2013;1033,00;7569;32806;0;0;0;0
2013;1036,00;0;0;0;0;0;0
2013;1037,00;0;0;191;7017;0;0
2013;1039,00;0;0;218;11800;0;0
2013;1067,00;0;0;0;0;137;11152
2013;1065,00;0;0;0;0;0;0
2013;1066,00;215;1591;0;0;0;0
2013;207,00;28;191;0;0;0;0
2013;431,00;0;0;0;0;0;0
2013;387,00;546;2558;0;0;0;0
2013;179,00;0;0;0;0;0;0
2013;606,00;2008;4472;0;0;0;0
2013;925,00;7182;28729;190;15911;0;0
2013;541,00;206;1860;0;0;0;0
2013;797,00;125;963;0;0;0;0
2013;627,00;582;4252;0;0;0;0
2013;173,00;0;0;4;730;0;0
2013;636,00;3600;14402;0;0;220;5059
2013;205,00;0;0;0;0;0;0
2013;814,00;0;0;0;0;0;0
2013;881,00;0;0;0;0;0;0
2013;771,00;4088;15101;0;0;0;0
2013;533,00;60;60;0;0;0;0
2013;447,00;160;1073;0;0;0;0
2013;815,00;0;0;0;0;0;0
2013;801,00;7689;27479;0;0;0;0
2013;800,00;0;0;0;0;0;0
2013;389,00;0;0;0;0;0;0
2013;695,00;3223;38756;0;0;0;0
2013;816,00;215;1449;0;0;0;0
2013;833,00;3018;4583;0;0;0;0
2013;870,00;202;1243;0;0;0;0
2013;927,00;39;117;0;0;0;0
2013;961,00;4444;7706;0;0;0;0
2013;962,00;1;10;0;0;0;0
2013;1079,00;0;0;0;0;0;0
2013;1101,00;12;46;0;0;0;0
2013;666,00;734;6338;0;0;0;0
2013;392,00;0;0;0;0;0;0
2013;790,00;1221;15122;526;25348;0;0
2013;650,00;3738;9128;0;0;0;0
2013;876,00;2633;5480;0;0;0;0
2013;944,00;0;0;0;0;0;0
2013;952,00;216;1177;0;0;0;0
2013;54,00;0;0;30;10950;0;0
2013;367,00;95;549;0;0;0;0
2013;538,00;747;9718;103;1659;0;0
2013;557,00;2146;3441;0;0;0;0
2013;653,00;426;2080;0;0;0;0
2013;647,00;259;518;0;0;0;0
2013;978,00;3428;4180;3360;2911;0;0
2013;996,00;473;1791;0;0;0;0
2013;729,00;3167;31670;332;32563;0;0
2013;182,00;0;0;0;0;0;0
2013;633,00;0;0;0;0;0;0
2013;685,00;305;824;90;1856;0;0
2013;683,00;356;824;0;0;0;0
2013;945,00;0;0;0;0;0;0
2013;953,00;0;0;0;0;0;0
2013;1022,00;0;0;0;0;0;0
2013;1049,00;0;0;0;0;0;0
2013;794,00;9875;39498;74;3044;0;0
2013;415,00;877;8013;0;0;0;0
2013;592,00;0;0;0;0;0;0
2013;497,00;0;0;0;0;0;0
2013;726,00;460;9500;175;6989;0;0
2013;272,00;0;0;0;0;0;0
2013;805,00;2950;22602;54;4068;0;0
2013;5,00;110;189;0;0;0;0
2013;234,00;80;343;0;0;0;0
2013;64,00;0;0;0;0;0;0
2013;842,00;0;0;0;0;0;0
2013;843,00;785;2534;0;0;0;0
2013;1025,00;0;0;0;0;0;0
2013;803,00;1282;10608;46;439;0;0
2013;211,00;0;0;0;0;0;0
2013;773,00;3722;9253;0;0;0;0
2013;424,00;0;0;0;0;0;0
2013;298,00;0;0;0;0;0;0
2013;594,00;0;0;0;0;0;0
2013;237,00;0;0;0;0;58;6306
2013;16,00;0;0;0;0;0;0
2013;768,00;262;885;0;0;72;6067
2013;617,00;1385;6851;0;0;0;0
2013;297,00;0;0;0;0;0;0
2013;105,00;0;0;0;0;43;1581
2013;544,00;0;0;0;0;36;3966
2013;804,00;1313;6046;0;0;0;0
2013;470,00;184;716;0;0;66;2388
2013;104,00;0;0;142;4297;0;0
2013;20,00;0;0;0;0;0;0
2013;550,00;125;728;0;0;0;0
2013;112,00;0;0;0;0;78;6143
2013;818,00;0;0;0;0;19;7020
2013;914,00;0;0;0;0;90;9786
2013;928,00;3004;20774;0;0;0;0
2013;964,00;7390;14410;0;0;0;0
2013;1026,00;0;0;0;0;42;3406
2013;1068,00;0;0;0;0;489;11560
2013;738,00;16929;42763;0;0;0;0
2013;404,00;0;0;0;0;0;0
2013;274,00;121;1107;16;843;0;0
2013;270,00;309;1437;0;0;0;0
2013;676,00;1677;3382;0;0;0;0
2013;709,00;440;5189;75;6748;0;0
2013;754,00;24093;31471;282;16588;0;0
2013;997,00;1916;1916;0;0;0;0
2013;734,00;1539;8995;387;2488;1178;2423
2013;299,00;315;365;0;0;0;0
2013;645,00;0;0;0;0;0;0
2013;17,00;0;0;0;0;0;0
2013;1046,00;0;0;0;0;18;954
2013;420,00;0;0;0;0;0;0
2013;802,00;0;0;0;0;0;0
2013;266,00;1958;1958;0;0;0;0
2013;580,00;0;0;0;0;0;0
2013;137,00;0;0;0;0;0;0
2013;769,00;651;2416;0;0;0;0
2013;776,00;3200;6595;0;0;0;0
2013;640,00;1571;2215;0;0;0;0
2013;315,00;0;0;45;8855;0;0
2013;40,00;0;0;0;0;0;0
2013;508,00;0;0;0;0;0;0
2013;46,00;0;0;0;0;0;0
2013;590,00;2846;3853;0;0;0;0
2013;777,00;530;1409;0;0;0;0
2013;897,00;8144;52257;0;0;0;0
2013;965,00;0;0;0;0;0;0
2013;671,00;499;1548;0;0;0;0
2013;461,00;10;81;0;0;0;0
2013;376,00;0;0;0;0;0;0
2013;621,00;446;2055;0;0;0;0
2013;793,00;2833;12935;39;4377;0;0
2013;1102,00;0;0;0;0;0;0
2013;712,00;932;5808;0;0;0;0
2013;32,00;0;0;0;0;0;0
2013;361,00;0;0;0;0;176;2366
2013;486,00;0;0;0;0;0;0
2013;595,00;435;3841;0;0;0;0
2013;433,00;0;0;0;0;0;0
2013;1058,00;0;0;0;0;0;0
2013;261,00;0;0;0;0;0;0
2013;730,00;3114;8710;141;5031;0;0
2013;577,00;1069;3404;0;0;0;0
2013;788,00;3873;25035;0;0;0;0
2013;865,00;0;0;0;0;0;0
2013;979,00;0;0;0;0;0;0
2013;998,00;0;0;0;0;0;0
2013;221,00;0;0;0;0;0;0
2013;506,00;0;0;0;0;0;0
2013;727,00;1178;8130;0;0;0;0
2013;355,00;0;0;0;0;0;0
2013;487,00;0;0;0;0;0;0
2013;938,00;1546;12276;76;3607;0;0
2013;886,00;0;0;0;0;0;0
2013;835,00;155;173;0;0;0;0
2013;999,00;0;0;0;0;0;0
2013;798,00;5666;33296;0;0;0;0
2013;504,00;83;622;166;5344;202;3453
2013;247,00;101;608;0;0;0;0
2013;216,00;26;104;0;0;0;0
2013;654,00;0;0;0;0;0;0
2013;65,00;0;0;20;6301;0;0
2013;472,00;105;914;0;0;31;2384
2013;427,00;0;0;0;0;19;2322
2013;491,00;15;191;0;0;0;0
2013;551,00;559;591;0;0;0;0
2013;106,00;0;0;0;0;0;0
2013;819,00;0;0;0;0;0;0
2013;836,00;0;0;0;0;0;0
2013;915,00;0;0;0;0;60;5796
2013;942,00;0;0;0;0;0;0
2013;748,00;12112;17262;4;380;0;0
2013;198,00;0;0;0;0;0;0
2013;871,00;457;1828;0;0;0;0
2013;948,00;0;0;0;0;0;0
2013;1051,00;0;0;0;0;0;0
2013;1083,00;0;0;0;0;0;0
2013;1096,00;0;0;0;0;0;0
2013;679,00;685;2016;300;2731;3851;4959
2013;176,00;56;316;0;0;0;0
2013;537,00;0;0;0;0;0;0
2013;608,00;514;2571;0;0;0;0
2013;596,00;692;935;0;0;0;0
2013;749,00;10939;37043;3372;3372;0;0
2013;758,00;15054;45526;651;12349;0;0
2013;1104,00;4315;46779;214;9604;491;1603
2013;436,00;294;335;0;0;0;0
2013;567,00;0;0;145;6172;0;0
2013;677,00;4965;25130;79;11866;0;0
2013;670,00;1616;11476;1339;12999;0;0
2013;588,00;8195;8195;0;0;258;4656
2013;446,00;885;5775;0;0;0;0
2013;753,00;10857;60754;56;3332;0;0
2013;887,00;0;0;0;0;0;0
2013;585,00;0;0;0;0;0;0
2013;245,00;0;0;0;0;0;0
2013;603,00;1044;1044;0;0;0;0
2013;426,00;0;0;0;0;0;0
2013;232,00;0;0;0;0;0;0
2013;288,00;368;6211;0;0;0;0
2013;246,00;0;0;0;0;0;0
2013;284,00;0;0;0;0;0;0
2013;18,00;0;0;0;0;0;0
2013;356,00;0;0;208;11219;0;0
2013;401,00;46;3593;0;0;0;0
2013;733,00;26562;63901;1167;8372;0;0
2013;243,00;0;0;0;0;0;0
2013;380,00;0;0;0;0;0;0
2013;716,00;219;1179;0;0;0;0
2013;534,00;1401;6520;0;0;0;0
2013;185,00;0;0;0;0;0;0
2013;258,00;211;1349;0;0;0;0
2013;505,00;2093;2118;0;0;0;0
2013;268,00;120;1770;0;0;0;0
2013;602,00;3149;3922;0;0;0;0
2013;254,00;582;739;0;0;0;0
2013;705,00;362;2731;0;0;0;0
2013;133,00;0;0;0;0;0;0
2013;33,00;0;0;16;1067;0;0
2013;143,00;0;0;25;1203;0;0
2013;36,00;0;0;68;4106;0;0
2013;756,00;302;2891;0;0;0;0
2013;662,00;6573;10596;546;5161;0;0
2013;192,00;0;0;0;0;0;0
2013;382,00;0;0;0;0;0;0
2013;322,00;0;0;0;0;0;0
2013;478,00;0;0;0;0;0;0
2013;352,00;0;0;0;0;116;895
2013;628,00;2117;12800;0;0;0;0
2013;291,00;0;0;192;11577;0;0
2013;495,00;0;0;0;0;0;0
2013;845,00;5706;8836;288;6039;0;0
2013;498,00;362;512;0;0;0;0
2013;314,00;0;0;0;0;0;0
2013;720,00;4516;5291;0;0;0;0
2013;721,00;2864;11760;69;4046;291;2185
2013;485,00;4203;4972;994;1006;0;0
2013;273,00;1414;9525;0;0;0;0
2013;846,00;8605;21320;12;236;0;0
2013;847,00;0;0;0;0;0;0
2013;848,00;1363;4522;0;0;0;0
2013;864,00;0;0;0;0;0;0
2013;916,00;1029;8779;0;0;0;0
2013;930,00;431;1342;0;0;0;0
2013;954,00;3430;16294;0;0;0;0
2013;943,00;1587;1972;0;0;0;0
2013;949,00;10741;53355;155;1742;65;1333
2013;980,00;389;4310;0;0;0;0
2013;981,00;262;294;0;0;0;0
2013;1024,00;1280;12659;0;0;0;0
2013;1017,00;0;0;0;0;0;0
2013;1000,00;5450;16350;0;0;0;0
2013;1018,00;9117;14411;12;48;8;23
2013;1001,00;0;0;0;0;0;0
2013;1007,00;15727;23298;283;3029;0;0
2013;1008,00;7903;10250;0;0;0;0
2013;1009,00;15140;20735;613;6808;0;0
2013;1010,00;5477;6700;0;0;0;0
2013;1011,00;3434;4893;0;0;0;0
2013;1012,00;4209;10104;0;0;0;0
2013;1013,00;24800;33466;237;8438;0;0
2013;1041,00;0;0;0;0;0;0
2013;1073,00;3921;17112;35;1317;0;0
2013;1087,00;6392;10283;0;0;0;0
2013;789,00;0;0;0;0;0;0
2013;326,00;0;0;0;0;0;0
2013;442,00;111;1113;0;0;0;0
2013;294,00;121;842;0;0;0;0
2013;378,00;331;1324;0;0;0;0
2013;402,00;0;0;0;0;0;0
2013;29,00;0;0;0;0;0;0
2013;450,00;0;0;0;0;0;0
2013;656,00;1014;4054;351;4363;0;0
2013;333,00;362;3616;0;0;0;0
2013;668,00;370;2431;0;0;0;0
2013;684,00;376;1635;69;5998;0;0
2013;422,00;212;245;0;0;0;0
2013;763,00;8663;16613;0;0;0;0
2013;741,00;15846;27248;98;6873;0;0
2013;553,00;1419;8171;0;0;0;0
2013;357,00;0;0;0;0;0;0
2013;899,00;0;0;0;0;0;0
2013;900,00;0;0;0;0;0;0
2013;932,00;11;11;0;0;0;0
2013;950,00;0;0;0;0;0;0
2013;966,00;0;0;0;0;0;0
2013;967,00;71;755;0;0;0;0
2013;982,00;344;2129;0;0;0;0
2013;1014,00;222;246;0;0;0;0
2013;1048,00;0;0;0;0;0;0
2013;1080,00;1225;2026;0;0;0;0
2013;1074,00;729;1234;0;0;0;0
2013;722,00;4342;21498;0;0;0;0
2013;660,00;3489;6159;0;0;0;0
2013;75,00;0;0;88;8708;0;0
2013;249,00;285;356;0;0;0;0
2013;275,00;0;0;0;0;0;0
2013;227,00;0;0;0;0;0;0
2013;150,00;0;0;0;0;0;0
2013;47,00;0;0;0;0;0;0
2013;172,00;23;108;0;0;0;0
2013;581,00;65;2696;0;0;0;0
2013;120,00;0;0;0;0;0;0
2013;445,00;0;0;0;0;0;0
2013;471,00;0;0;0;0;0;0
2013;53,00;0;0;0;0;0;0
2013;199,00;0;0;0;0;0;0
2013;575,00;337;2221;0;0;0;0
2013;528,00;236;673;0;0;0;0
2013;631,00;886;4528;0;0;0;0
2013;699,00;2853;21861;0;0;0;0
2013;823,00;0;0;0;0;0;0
2013;849,00;0;0;0;0;0;0
2013;869,00;0;0;0;0;0;0
2013;955,00;0;0;0;0;0;0
2013;983,00;0;0;0;0;0;0
2013;1002,00;0;0;0;0;0;0
2013;1015,00;3066;15106;0;0;0;0
2013;51,00;0;0;40;4623;0;0
2013;441,00;0;0;0;0;0;0
2013;327,00;0;0;11;332;49;8190
2013;690,00;1370;6770;0;0;0;0
2013;262,00;74;514;0;0;0;0
2013;403,00;0;0;0;0;0;0
2013;312,00;0;0;16;2086;0;0
2013;589,00;82;329;0;0;0;0
2013;665,00;564;5641;0;0;0;0
2013;334,00;0;0;0;0;0;0
2013;1075,00;3770;31873;589;36539;0;0
2013;751,00;2965;15271;40;4504;0;0
2013;186,00;0;0;0;0;0;0
2013;646,00;731;1126;0;0;0;0
2013;536,00;567;884;0;0;0;0
2013;242,00;0;0;0;0;0;0
2013;490,00;0;140;0;0;55;1490
2013;500,00;203;1591;0;0;0;0
2013;206,00;0;0;0;0;0;0
2013;58,00;0;0;0;0;0;0
2013;572,00;3782;13023;30;594;0;0
2013;180,00;0;0;0;0;0;0
2013;549,00;30;543;0;0;0;0
2013;582,00;103;1337;0;0;0;0
2013;743,00;3087;13634;0;0;0;0
2013;795,00;0;0;0;0;0;0
2013;269,00;0;0;0;0;0;0
2013;634,00;547;2186;0;0;0;0
2013;1,00;22;34;0;0;0;0
2013;717,00;164;1964;33;6076;0;0
2013;373,00;0;0;0;0;0;0
2013;535,00;384;2056;22;2168;0;0
2013;824,00;11631;46523;49;1995;0;0
2013;888,00;0;0;0;0;0;0
2013;902,00;0;0;0;0;0;0
2013;968,00;0;0;0;0;0;0
2013;346,00;0;0;0;0;0;0
2013;27,00;0;0;0;0;0;0
2013;165,00;101;145;0;0;0;0
2013;956,00;1422;8485;48;1911;0;0
2013;413,00;0;0;0;0;0;0
2013;149,00;0;0;0;0;0;0
2013;612,00;57;365;0;0;0;0
2013;559,00;0;0;0;0;0;0
2013;7,00;0;0;0;0;0;0
2013;283,00;0;0;0;0;0;0
2013;37,00;0;0;0;0;0;0
2013;153,00;0;0;0;0;0;0
2013;547,00;702;9674;0;0;0;0
2013;397,00;0;0;0;0;924;15978
2013;556,00;158;6121;0;0;0;0
2013;42,00;0;0;0;0;0;0
2013;31,00;0;0;0;0;117;2340
2013;740,00;6624;11257;62;2385;0;0
2013;217,00;0;0;0;0;0;0
2013;863,00;0;0;0;0;0;0
2013;889,00;16616;29158;0;0;0;0
2013;984,00;0;0;0;0;0;0
2013;34,00;0;0;0;0;0;0
2013;791,00;0;0;0;0;0;0
2013;181,00;0;0;0;0;0;0
2013;430,00;0;0;0;0;0;0
2013;715,00;557;1755;0;0;0;0
2013;521,00;3;32;0;0;0;0
2013;524,00;230;1157;0;0;0;0
2013;432,00;0;0;0;0;0;0
2013;19,00;0;0;0;0;0;0
2013;25,00;0;0;0;0;0;0
2013;26,00;0;0;0;0;0;0
2013;890,00;362;4587;62;4748;0;0
2013;904,00;55;168;0;0;0;0
2013;957,00;3140;39814;89;8164;0;0
2013;939,00;2273;22817;316;4162;0;0
2013;236,00;2942;3725;0;0;0;0
2013;735,00;1249;9528;849;12317;0;0
2013;146,00;0;0;0;0;0;0
2013;363,00;0;0;0;0;0;0
2013;187,00;0;0;0;0;0;0
2013;265,00;0;0;0;0;0;0
2013;295,00;0;0;0;0;0;0
2013;496,00;0;0;0;0;0;0
2013;77,00;0;0;0;0;0;0
2013;391,00;0;0;0;0;0;0
2013;240,00;0;0;0;0;0;0
2013;448,00;0;0;0;0;0;0
2013;151,00;0;0;0;0;0;0
2013;425,00;0;0;0;0;0;0
2013;300,00;0;0;0;0;0;0
2013;339,00;0;0;0;0;0;0
2013;826,00;0;0;0;0;0;0
2013;874,00;630;5595;0;0;0;0
2013;905,00;2473;17373;0;0;0;0
2013;736,00;9286;31360;251;4493;0;0
2013;459,00;0;0;0;0;0;0
2013;320,00;0;0;0;0;18;3081
2013;45,00;0;0;265;23532;63;9710
2013;292,00;0;0;54;3136;0;0
2013;618,00;1755;4429;0;0;0;0
2013;463,00;2784;12654;142;2730;0;0
2013;891,00;0;0;0;0;0;0
2013;958,00;813;8127;0;0;46;1708
2013;244,00;0;0;0;0;0;0
2013;28,00;0;0;0;0;0;0
2013;444,00;82;82;0;0;0;0
2013;479,00;0;0;0;0;0;0
2013;285,00;601;1459;0;0;0;0
2013;253,00;0;0;0;0;0;0
2013;481,00;0;0;0;0;0;0
2013;540,00;0;0;0;0;0;0
2013;332,00;0;0;0;0;0;0
2013;41,00;0;0;0;0;0;0
2013;510,00;64;457;0;0;0;0
2013;305,00;51;57;0;0;0;0
2013;708,00;2333;2899;0;0;0;0
2013;755,00;35937;51750;126;4511;0;0
2013;750,00;13420;66620;50;2032;0;0
2013;696,00;5169;18092;0;0;0;0
2013;434,00;1158;1325;0;0;0;0
2013;421,00;0;0;0;0;0;0
2013;827,00;0;0;0;0;0;0
2013;933,00;4706;5545;0;0;0;0
2013;1030,00;90;588;0;0;0;0
2013;1003,00;1071;1184;0;0;0;0
2013;1050,00;389;441;0;0;0;0
2013;1043,00;0;0;0;0;0;0
2013;934,00;777;4566;0;0;0;0
2013;629,00;3878;16766;11;826;0;0
2013;21,00;0;0;0;0;946;11298
2013;615,00;0;0;0;0;0;0
2013;626,00;0;0;0;0;0;0
2013;417,00;424;1696;0;0;0;0
2013;597,00;515;2318;0;0;21;1824
2013;539,00;1311;9478;0;0;115;2683
2013;343,00;0;0;0;0;0;0
2013;135,00;0;0;0;0;0;0
2013;158,00;0;0;144;10026;67;5450
2013;775,00;2950;12950;0;0;0;0
2013;177,00;0;0;0;0;133;5384
2013;578,00;0;0;0;0;0;0
2013;416,00;0;0;0;0;24;3761
2013;561,00;2706;5121;0;0;108;8398
2013;828,00;0;0;0;0;32;5252
2013;860,00;0;0;0;0;0;0
2013;935,00;0;0;0;0;70;4836
2013;936,00;0;0;0;0;0;0
2013;986,00;0;0;40;6621;0;0
2013;987,00;0;0;0;0;0;0
2013;1021,00;0;0;0;0;0;0
2013;1085,00;0;0;0;0;0;0
2013;658,00;2019;3566;0;0;0;0
2013;353,00;0;0;0;0;496;2767
2013;323,00;0;0;45;4022;0;0
2013;620,00;0;0;0;0;0;0
2013;384,00;177;421;0;0;0;0
2013;554,00;989;7712;150;2233;0;0
2013;209,00;0;0;0;0;0;0
2013;707,00;2346;15392;32;1774;109;1590
2013;395,00;0;0;0;0;0;0
2013;969,00;29;250;0;0;0;0
2013;1052,00;0;0;0;0;0;0
2013;739,00;1179;9605;0;0;0;0
2013;613,00;6580;19740;0;0;0;0
2013;593,00;2528;12641;0;0;0;0
2013;704,00;12397;37190;0;0;0;0
2013;493,00;0;0;0;0;0;0
2013;686,00;7258;28850;0;0;0;0
2013;257,00;0;0;0;0;0;0
2013;494,00;0;0;0;0;0;0
2013;681,00;1655;14255;0;0;0;0
2013;286,00;0;0;0;0;0;0
2013;255,00;414;3451;0;0;0;0
2013;79,00;0;0;0;0;0;0
2013;81,00;0;0;0;0;0;0
2013;688,00;3187;7844;0;0;0;0
2013;531,00;2000;20103;0;0;0;0
2013;514,00;685;1473;0;0;0;0
2013;499,00;0;0;0;0;0;0
2013;532,00;458;8182;0;0;0;0
2013;190,00;0;0;0;0;0;0
2013;598,00;2371;6601;0;0;0;0
2013;260,00;0;0;0;0;0;0
2013;838,00;0;0;0;0;0;0
2013;839,00;0;0;0;0;0;0
2013;851,00;0;0;0;0;0;0
2013;852,00;2597;14837;143;830;0;0
2013;988,00;78;4691;300;7735;0;0
2013;1056,00;2015;8745;0;0;0;0
2013;1044,00;0;0;0;0;0;0
2013;644,00;2618;13426;54;6326;0;0
2013;752,00;3622;13529;820;17654;0;0
2013;238,00;192;235;0;0;0;0
2013;325,00;0;0;0;0;0;0
2013;622,00;169;699;0;0;0;0
2013;879,00;0;0;0;0;0;0
2013;906,00;297;1305;0;0;0;0
2013;370,00;0;0;0;0;0;0
2013;418,00;0;0;0;0;0;0
2013;574,00;0;0;0;0;0;0
2013;399,00;0;0;0;0;0;0
2013;195,00;0;0;0;0;0;0
2013;783,00;13540;32925;192;3472;0;0
2013;263,00;2456;9823;0;0;0;0
2013;194,00;0;0;0;0;0;0
2013;214,00;0;0;0;0;0;0
2013;785,00;8582;50163;140;3820;0;0
2013;780,00;2170;2981;0;0;0;0
2013;782,00;2072;10670;126;1691;0;0
2013;369,00;0;0;0;0;0;0
2013;84,00;0;0;0;0;0;0
2013;713,00;0;0;0;0;0;0
2013;941,00;0;0;8;134;0;0
2013;1091,00;0;0;399;92813;0;0
2013;1045,00;1781;1905;0;0;0;0
2013;1086,00;1658;6633;0;0;0;0
2013;937,00;1308;7436;173;2477;0;0
2013;1004,00;41;333;0;0;0;0
2013;737,00;2303;9213;203;5559;0;0
2013;765,00;3549;41649;0;0;0;0
2013;329,00;1722;5275;0;0;0;0
2013;87,00;0;0;0;0;0;0
2013;527,00;0;0;0;0;441;4358
2013;562,00;0;0;0;0;0;0
2013;251,00;0;0;0;0;0;0
2013;129,00;0;0;0;0;0;0
2013;154,00;0;0;0;0;356;5057
2013;516,00;3097;3646;0;0;0;0
2013;184,00;0;0;0;0;0;0
2013;652,00;0;0;0;0;0;0
2013;637,00;446;1303;0;0;0;0
2013;88,00;0;0;0;0;0;0
2013;907,00;0;0;0;0;0;0
2013;970,00;0;0;131;2797;0;0
2013;1019,00;0;0;0;0;0;0
2013;1016,00;0;0;0;0;0;0
2013;1047,00;192;1920;0;0;0;0
2013;635,00;674;2698;9;361;0;0
