"año";"NCODI";"inver_iIntangible";"inver_IMaterial";"inver_IMterrenos";"inver_IMresto";"inver_Otras";"inver_Total"
2013;113,00;0;183294;0;183294;0;183294
2013;619,00;140079;2684976;0;2684976;0;2825055
2013;163,00;4010;136270;0;136270;0;140280
2013;131,00;1065;5878;0;5878;0;6943
2013;375,00;0;0;0;0;0;0
2013;1090,00;0;3929782;0;3929782;0;3929782
2013;764,00;0;709587;0;709587;0;709587
2013;14,00;4686;6080595;0;6080595;0;6085281
2013;657,00;0;69464;0;69464;0;69464
2013;362,00;0;230089;0;230089;0;230089
2013;989,00;0;70653;0;70653;0;70653
2013;990,00;0;5778;0;5778;0;5778
2013;680,00;0;293141;0;293141;0;293141
2013;411,00;0;1662389;1662389;0;0;1662389
2013;241,00;77520;676661;0;676661;0;754181
2013;558,00;0;57101;0;57101;0;57101
2013;167,00;0;1500;0;1500;0;1500
2013;248,00;750655;830985;0;830985;0;1581640
2013;224,00;22093;624680;0;624680;0;646773
2013;591,00;222300;136347;0;136347;0;358647
2013;586,00;0;244696;0;244696;0;244696
2013;453,00;0;0;0;0;0;0
2013;145,00;0;0;0;0;0;0
2013;511,00;0;0;0;0;0;0
2013;530,00;0;84788;0;84788;54148;138936
2013;6,00;0;221548;0;221548;0;221548
2013;161,00;0;0;0;0;0;0
2013;623,00;0;0;0;0;341916;341916
2013;489,00;0;3934;0;3934;608491;612425
2013;875,00;6090;695176;0;695176;0;701266
2013;940,00;0;0;0;0;0;0
2013;946,00;23528;1506990;733634;773356;0;1530518
2013;1023,00;569843;811443;0;811443;0;1381286
2013;1054,00;0;0;0;0;0;0
2013;1057,00;0;0;0;0;0;0
2013;1031,00;10186;310639;0;310639;0;320825
2013;1032,00;273121;384166;0;384166;0;657287
2013;1064,00;110463;71977;0;71977;0;182440
2013;226,00;50158;1270051;0;1270051;0;1320209
2013;687,00;0;9000;0;9000;0;9000
2013;745,00;0;0;0;0;0;0
2013;109,00;70378;525171;0;525171;0;595549
2013;808,00;0;2277764;0;2277764;0;2277764
2013;971,00;81371;0;0;0;0;81371
2013;128,00;0;67241;0;67241;0;67241
2013;919,00;4950;0;0;0;0;4950
2013;725,00;0;875709;0;875709;0;875709
2013;3,00;0;80345;0;80345;0;80345
2013;386,00;0;0;0;0;0;0
2013;306,00;1;1;1;0;1;3
2013;15,00;13212;134520;134520;0;0;147732
2013;264,00;0;407905;407905;0;0;407905
2013;867,00;0;169781;0;169781;0;169781
2013;910,00;0;163510;0;163510;0;163510
2013;1053,00;0;110487;0;110487;0;110487
2013;1055,00;0;116015;0;116015;0;116015
2013;1081,00;0;11319;0;11319;0;11319
2013;1099,00;0;0;0;0;0;0
2013;529,00;0;90733;0;90733;14593;105326
2013;345,00;0;0;0;0;4927;4927
2013;515,00;32867;514275;0;514275;0;547142
2013;174,00;0;25326;10526;14800;0;25326
2013;523,00;29251;795055;7072;787983;4918581;5742887
2013;697,00;42844;385229;0;385229;0;428073
2013;239,00;168909;1693827;0;1693827;658021;2520757
2013;287,00;-2723356;108228;0;108228;2072578;-542550
2013;377,00;0;38771;0;38771;4217;42988
2013;692,00;0;0;0;0;0;0
2013;335,00;0;98827;0;98827;39272;138099
2013;435,00;0;545340;0;545340;0;545340
2013;423,00;40501;139910;0;139910;1703;182114
2013;351,00;143651;252002;0;252002;0;395653
2013;810,00;17358;59962;0;59962;729;78049
2013;830,00;615;351135;0;351135;0;351750
2013;892,00;0;549294;0;549294;0;549294
2013;921,00;0;471724;0;471724;1769426;2241150
2013;991,00;0;20536;0;20536;0;20536
2013;992,00;0;73048;0;73048;0;73048
2013;993,00;0;163365;0;163365;0;163365
2013;1070,00;0;873168;0;873168;0;873168
2013;1095,00;188759;1383466;0;1383466;3140447;4712672
2013;1094,00;8578;496711;0;496711;0;505289
2013;473,00;0;0;0;0;1;1
2013;663,00;304973;6436211;0;6436211;0;6741184
2013;552,00;0;320570;0;320570;0;320570
2013;772,00;2082958;4177939;0;4177939;2242805;8503702
2013;568,00;0;303953;0;303953;0;303953
2013;398,00;0;385312;0;385312;0;385312
2013;394,00;16330;322396;0;322396;0;338726
2013;614,00;2345;12191;0;12191;0;14536
2013;235,00;0;1907641;0;1907641;0;1907641
2013;616,00;80674;440323;0;440323;0;520997
2013;267,00;0;0;0;0;1;1
2013;565,00;113645;456142;0;456142;0;569787
2013;220,00;13595;230088;0;230088;0;243683
2013;278,00;16082;1560474;0;1560474;0;1576556
2013;107,00;4033;144154;0;144154;0;148187
2013;141,00;0;438796;0;438796;0;438796
2013;711,00;157998;1546105;0;1546105;276957;1981060
2013;204,00;0;46590;0;46590;0;46590
2013;579,00;84536;350850;0;350850;0;435386
2013;348,00;20998;463842;0;463842;0;484840
2013;766,00;312006;518537;0;518537;0;830543
2013;761,00;0;453053;0;453053;0;453053
2013;728,00;630910;3305991;0;3305991;0;3936901
2013;280,00;17140;349328;0;349328;10957846;11324314
2013;222,00;35542;1898364;197969;1700395;0;1933906
2013;276,00;18954;322336;0;322336;209156;550446
2013;11,00;0;451043;0;451043;0;451043
2013;302,00;0;319507;0;319507;801616;1121123
2013;682,00;100661;652156;0;652156;7045;759862
2013;279,00;4164;450782;0;450782;0;454946
2013;282,00;0;0;0;0;1;1
2013;281,00;0;2250729;0;2250729;68403;2319132
2013;183,00;0;146583;0;146583;0;146583
2013;610,00;143934;1215484;0;1215484;0;1359418
2013;116,00;0;55271;0;55271;0;55271
2013;115,00;0;950;0;950;0;950
2013;114,00;0;5213;0;5213;0;5213
2013;126,00;2380;2145;0;2145;0;4525
2013;119,00;0;94218;0;94218;0;94218
2013;770,00;70840;1465228;0;1465228;0;1536068
2013;583,00;54100;279664;0;279664;0;333764
2013;136,00;3612;36540;0;36540;0;40152
2013;469,00;36628;74289;0;74289;0;110917
2013;642,00;26131;81707;0;81707;1;107839
2013;674,00;286416;3101288;0;3101288;0;3387704
2013;193,00;2467;21828;0;21828;0;24295
2013;526,00;58746;868925;0;868925;0;927671
2013;698,00;0;37466706;0;37466706;0;37466706
2013;630,00;133842;374648;0;374648;0;508490
2013;124,00;4341;14337;0;14337;3105;21783
2013;364,00;0;1;0;1;0;1
2013;604,00;164055;27989816;0;27989816;0;28153871
2013;123,00;0;339179;50000;289179;0;339179
2013;310,00;10097;417994;0;417994;0;428091
2013;571,00;0;6423262;0;6423262;-5724969;698293
2013;296,00;2117;13247;0;13247;12000;27364
2013;566,00;0;3182748;0;3182748;0;3182748
2013;784,00;167479;4014227;0;4014227;0;4181706
2013;102,00;8045;192205;0;192205;-1118;199132
2013;379,00;0;1504728;0;1504728;0;1504728
2013;639,00;96036;424437;0;424437;0;520473
2013;457,00;34446;171845;0;171845;88294;294585
2013;609,00;32704;2564312;0;2564312;0;2597016
2013;101,00;0;39387;0;39387;6628;46015
2013;454,00;113141;428709;0;428709;0;541850
2013;318,00;21663;53498;0;53498;0;75161
2013;600,00;535097;269773;0;269773;0;804870
2013;545,00;279900;17682897;0;17682897;0;17962797
2013;100,00;40541;93269;0;93269;0;133810
2013;702,00;23012;2364736;0;2364736;0;2387748
2013;778,00;0;4111175;0;4111175;0;4111175
2013;341,00;0;113163;0;113163;20140;133303
2013;99,00;6333;104054;0;104054;754;111141
2013;767,00;34666;211340;0;211340;0;246006
2013;359,00;57022;432126;216063;216063;0;489148
2013;98,00;0;134638;0;134638;0;134638
2013;132,00;0;295143;0;295143;0;295143
2013;97,00;0;3062;0;3062;0;3062
2013;103,00;8612;42961;0;42961;22073;73646
2013;110,00;0;1323881;14321;1309560;0;1323881
2013;94,00;2117;18342;0;18342;0;20459
2013;91,00;0;649640;0;649640;0;649640
2013;664,00;332784;507521;0;507521;0;840305
2013;918,00;583269;20441751;0;20441751;0;21025020
2013;92,00;0;1291;0;1291;0;1291
2013;95,00;0;78185;0;78185;0;78185
2013;96,00;0;6834;0;6834;0;6834
2013;301,00;54739;148437;0;148437;0;203176
2013;492,00;68153;271287;0;271287;0;339440
2013;811,00;2125;122336;0;122336;0;124461
2013;812,00;349729;1032326;0;1032326;0;1382055
2013;832,00;0;3496;0;3496;0;3496
2013;841,00;0;1208;0;1208;0;1208
2013;856,00;0;23876;0;23876;0;23876
2013;859,00;0;1222;0;1222;0;1222
2013;861,00;0;858;0;858;0;858
2013;880,00;0;122982;0;122982;0;122982
2013;883,00;0;192;0;192;0;192
2013;884,00;0;118418;0;118418;0;118418
2013;877,00;0;108087;0;108087;0;108087
2013;911,00;160155;1963175;0;1963175;0;2123330
2013;913,00;0;0;0;0;1;1
2013;922,00;9896044;2730597;0;2730597;0;12626641
2013;923,00;0;5143;0;5143;0;5143
2013;924,00;0;2448544;0;2448544;0;2448544
2013;947,00;0;1792;0;1792;0;1792
2013;951,00;0;37588;0;37588;0;37588
2013;1103,00;0;27212;0;27212;0;27212
2013;972,00;0;6374;0;6374;0;6374
2013;973,00;0;78975;0;78975;0;78975
2013;974,00;0;13717;0;13717;0;13717
2013;975,00;0;34875;0;34875;0;34875
2013;960,00;28364;236493;0;236493;0;264857
2013;1028,00;0;860;0;860;0;860
2013;976,00;0;7729;0;7729;0;7729
2013;977,00;392;3851;0;3851;0;4243
2013;1020,00;0;27029;0;27029;0;27029
2013;994,00;13798;121904;0;121904;52157;187859
2013;995,00;0;10739;0;10739;0;10739
2013;1060,00;0;1090;0;1090;0;1090
2013;1005,00;0;3725;0;3725;0;3725
2013;1061,00;0;400421;0;400421;0;400421
2013;1006,00;0;1;0;1;0;1
2013;1088,00;2368;23665;0;23665;0;26033
2013;1089,00;89085;131495;0;131495;0;220580
2013;1076,00;0;448;0;448;0;448
2013;1078,00;0;36024;0;36024;0;36024
2013;1033,00;71511;854394;2468;851926;0;925905
2013;1036,00;245;2074;0;2074;0;2319
2013;1037,00;0;0;0;0;1;1
2013;1039,00;0;13827;0;13827;0;13827
2013;1067,00;2628;6828;0;6828;0;9456
2013;1065,00;1667;44231;0;44231;0;45898
2013;1066,00;217568;1372336;0;1372336;0;1589904
2013;207,00;0;16963;0;16963;0;16963
2013;431,00;0;11079;0;11079;0;11079
2013;387,00;0;130634;0;130634;0;130634
2013;179,00;383;34728;0;34728;0;35111
2013;606,00;0;166042;0;166042;0;166042
2013;925,00;3305;0;0;0;77476;80781
2013;541,00;0;98607;0;98607;0;98607
2013;797,00;0;57728;0;57728;0;57728
2013;627,00;0;122989;0;122989;0;122989
2013;173,00;0;182407;0;182407;0;182407
2013;636,00;0;482057;0;482057;0;482057
2013;205,00;0;219872;0;219872;0;219872
2013;814,00;0;0;0;0;0;0
2013;881,00;35690;0;0;0;0;35690
2013;771,00;0;0;0;0;0;0
2013;533,00;0;574981;0;574981;0;574981
2013;447,00;506;23046;0;23046;0;23552
2013;815,00;0;92824;0;92824;6995;99819
2013;801,00;0;0;0;0;0;0
2013;800,00;0;748705;78589;670116;0;748705
2013;389,00;0;35790;0;35790;0;35790
2013;695,00;0;0;0;0;0;0
2013;816,00;0;30340;0;30340;0;30340
2013;833,00;0;32301;0;32301;0;32301
2013;870,00;2052;0;0;0;1427316;1429368
2013;927,00;0;90147;0;90147;0;90147
2013;961,00;0;0;0;0;0;0
2013;962,00;1162;51411;0;51411;0;52573
2013;1079,00;0;25935;0;25935;0;25935
2013;1101,00;0;2342386;0;2342386;0;2342386
2013;666,00;0;355235;99000;256235;0;355235
2013;392,00;0;0;0;0;0;0
2013;790,00;0;2263271;0;2263271;0;2263271
2013;650,00;0;305800;0;305800;0;305800
2013;876,00;0;79866;0;79866;0;79866
2013;944,00;0;113999;0;113999;0;113999
2013;952,00;0;721713;0;721713;0;721713
2013;54,00;0;0;0;0;0;0
2013;367,00;9147;797131;0;797131;0;806278
2013;538,00;0;532934;0;532934;0;532934
2013;557,00;0;268543;0;268543;0;268543
2013;653,00;0;375348;0;375348;24588;399936
2013;647,00;0;142549;0;142549;0;142549
2013;978,00;0;436389;92684;343705;0;436389
2013;996,00;0;65601;0;65601;0;65601
2013;729,00;0;0;0;0;0;0
2013;182,00;52107;138019;0;138019;0;190126
2013;633,00;0;15218751;0;15218751;0;15218751
2013;685,00;0;0;0;0;0;0
2013;683,00;0;0;0;0;0;0
2013;945,00;0;117415;0;117415;0;117415
2013;953,00;0;68564;0;68564;0;68564
2013;1022,00;0;0;0;0;22132;22132
2013;1049,00;0;81657;0;81657;0;81657
2013;794,00;0;361694;0;361694;0;361694
2013;415,00;0;23352;0;23352;0;23352
2013;592,00;11131;779035;0;779035;0;790166
2013;497,00;730;1724517;0;1724517;0;1725247
2013;726,00;0;397188;0;397188;109962;507150
2013;272,00;0;414176;0;414176;0;414176
2013;805,00;95575;875052;0;875052;0;970627
2013;5,00;0;209812;0;209812;0;209812
2013;234,00;0;307562;0;307562;0;307562
2013;64,00;8000;1442;0;1442;0;9442
2013;842,00;0;38500;0;38500;0;38500
2013;843,00;0;5210;0;5210;0;5210
2013;1025,00;27226;803985;0;803985;0;831211
2013;803,00;0;355370;0;355370;0;355370
2013;211,00;0;128053;0;128053;0;128053
2013;773,00;0;611932;0;611932;665;612597
2013;424,00;19653;167177;0;167177;0;186830
2013;298,00;50976;256664;0;256664;16410;324050
2013;594,00;5868;33192;0;33192;0;39060
2013;237,00;0;320501;0;320501;0;320501
2013;16,00;0;22919;0;22919;0;22919
2013;768,00;65864;181664;37125;144539;0;247528
2013;617,00;182249;362519;0;362519;0;544768
2013;297,00;0;34700;0;34700;0;34700
2013;105,00;0;9804;0;9804;0;9804
2013;544,00;43252;61870;0;61870;0;105122
2013;804,00;11185;227056;0;227056;0;238241
2013;470,00;5929;15438;0;15438;0;21367
2013;104,00;105761;64194;0;64194;0;169955
2013;20,00;0;1;0;1;0;1
2013;550,00;26131;160883;0;160883;0;187014
2013;112,00;0;613197;0;613197;0;613197
2013;818,00;0;64141;0;64141;0;64141
2013;914,00;0;1150;0;1150;0;1150
2013;928,00;0;194776;0;194776;0;194776
2013;964,00;190068;803673;0;803673;0;993741
2013;1026,00;0;36597;0;36597;0;36597
2013;1068,00;23029;8271;0;8271;0;31300
2013;738,00;0;0;0;0;0;0
2013;404,00;1567;3732539;0;3732539;83122;3817228
2013;274,00;57869;435005;0;435005;0;492874
2013;270,00;0;1236854;0;1236854;0;1236854
2013;676,00;0;0;0;0;0;0
2013;709,00;0;0;0;0;0;0
2013;754,00;0;0;0;0;0;0
2013;997,00;0;7432;0;7432;0;7432
2013;734,00;0;527666;0;527666;0;527666
2013;299,00;0;210354;0;210354;0;210354
2013;645,00;0;11197;0;11197;0;11197
2013;17,00;0;0;0;0;0;0
2013;1046,00;0;159663;0;159663;0;159663
2013;420,00;0;53946;0;53946;0;53946
2013;802,00;0;46878;0;46878;0;46878
2013;266,00;145078;2110524;0;2110524;0;2255602
2013;580,00;18310;107760;0;107760;0;126070
2013;137,00;0;256321;0;256321;0;256321
2013;769,00;0;35154;0;35154;0;35154
2013;776,00;0;28498;0;28498;0;28498
2013;640,00;0;98200;0;98200;0;98200
2013;315,00;0;1451408;0;1451408;0;1451408
2013;40,00;3210;267346;0;267346;0;270556
2013;508,00;0;203393;0;203393;0;203393
2013;46,00;0;11750;0;11750;0;11750
2013;590,00;-73401;518938;0;518938;0;445537
2013;777,00;0;539818;0;539818;0;539818
2013;897,00;0;725548;0;725548;0;725548
2013;965,00;409;14678;0;14678;28800;43887
2013;671,00;0;0;0;0;0;0
2013;461,00;0;28312;0;28312;0;28312
2013;376,00;0;1881671;1881671;0;0;1881671
2013;621,00;0;0;0;0;0;0
2013;793,00;0;294240;0;294240;0;294240
2013;1102,00;30661;6215334;0;6215334;0;6245995
2013;712,00;0;92191;0;92191;0;92191
2013;32,00;0;869;0;869;0;869
2013;361,00;0;0;0;0;0;0
2013;486,00;0;33757;0;33757;0;33757
2013;595,00;0;79000;0;79000;0;79000
2013;433,00;0;35384;0;35384;0;35384
2013;1058,00;0;5392;0;5392;0;5392
2013;261,00;0;14935;0;14935;0;14935
2013;730,00;0;0;0;0;0;0
2013;577,00;0;0;0;0;0;0
2013;788,00;0;617814;0;617814;40635;658449
2013;865,00;70879;202571;0;202571;0;273450
2013;979,00;0;0;0;0;24753;24753
2013;998,00;0;0;0;0;50428;50428
2013;221,00;12000;150000;0;150000;0;162000
2013;506,00;0;29902;0;29902;0;29902
2013;727,00;206;282876;0;282876;0;283082
2013;355,00;1078;392543;61404;331139;0;393621
2013;487,00;6130;64259;0;64259;0;70389
2013;938,00;0;374118;0;374118;277233;651351
2013;886,00;0;25411;0;25411;0;25411
2013;835,00;720;-36112;0;-36112;0;-35392
2013;999,00;0;244294;0;244294;0;244294
2013;798,00;32053;1678907;0;1678907;0;1710960
2013;504,00;11425;1989047;0;1989047;0;2000472
2013;247,00;41761;922404;0;922404;0;964165
2013;216,00;0;106173;0;106173;722;106895
2013;654,00;69631;49068;0;49068;0;118699
2013;65,00;0;6967;0;6967;0;6967
2013;472,00;128079;76318;0;76318;0;204397
2013;427,00;0;73459;0;73459;0;73459
2013;491,00;363;82812;0;82812;0;83175
2013;551,00;69921;225672;0;225672;0;295593
2013;106,00;0;1978;0;1978;247085;249063
2013;819,00;0;5261;0;5261;0;5261
2013;836,00;0;1000;0;1000;0;1000
2013;915,00;0;23166;0;23166;0;23166
2013;942,00;5140;178810;0;178810;0;183950
2013;748,00;0;60490;0;60490;334765;395255
2013;198,00;0;164082;0;164082;0;164082
2013;871,00;0;107224;0;107224;0;107224
2013;948,00;0;750350;0;750350;0;750350
2013;1051,00;0;26784;0;26784;0;26784
2013;1083,00;0;0;0;0;3000;3000
2013;1096,00;0;0;0;0;6300852;6300852
2013;679,00;120919;272090;0;272090;0;393009
2013;176,00;18129;2181511;232258;1949253;0;2199640
2013;537,00;0;0;0;0;0;0
2013;608,00;0;37280;0;37280;0;37280
2013;596,00;0;60241;0;60241;0;60241
2013;749,00;0;710944;0;710944;0;710944
2013;758,00;0;599150;0;599150;0;599150
2013;1104,00;0;1156649;0;1156649;0;1156649
2013;436,00;0;83574;0;83574;0;83574
2013;567,00;0;120358;0;120358;0;120358
2013;677,00;0;1422384;0;1422384;0;1422384
2013;670,00;0;20062;0;20062;0;20062
2013;588,00;0;101742;0;101742;0;101742
2013;446,00;0;113950;0;113950;0;113950
2013;753,00;0;1064404;0;1064404;0;1064404
2013;887,00;0;88620;0;88620;0;88620
2013;585,00;409769;409769;0;409769;0;819538
2013;245,00;45833;517516;0;517516;0;563349
2013;603,00;0;1692926;0;1692926;0;1692926
2013;426,00;93116;249808;0;249808;0;342924
2013;232,00;95930;1167295;0;1167295;0;1263225
2013;288,00;727;461735;0;461735;0;462462
2013;246,00;3274;1105636;0;1105636;0;1108910
2013;284,00;17653;5115302;0;5115302;0;5132955
2013;18,00;0;2522048;0;2522048;0;2522048
2013;356,00;0;130713;0;130713;0;130713
2013;401,00;3297;504782;0;504782;0;508079
2013;733,00;11555;5765081;0;5765081;0;5776636
2013;243,00;5830;52183;0;52183;0;58013
2013;380,00;0;400052;0;400052;0;400052
2013;716,00;84865;489597;0;489597;0;574462
2013;534,00;55749;2074015;0;2074015;0;2129764
2013;185,00;0;1202202;0;1202202;0;1202202
2013;258,00;142703;5327688;0;5327688;0;5470391
2013;505,00;0;91246;0;91246;0;91246
2013;268,00;24619;1914157;0;1914157;2771428;4710204
2013;602,00;0;938601;0;938601;1878918;2817519
2013;254,00;0;770642;0;770642;0;770642
2013;705,00;64665;32423012;4936541;27486471;0;32487677
2013;133,00;0;207875;0;207875;0;207875
2013;33,00;0;0;0;0;0;0
2013;143,00;22261;121951;0;121951;0;144212
2013;36,00;0;1953;0;1953;0;1953
2013;756,00;0;4030312;0;4030312;0;4030312
2013;662,00;6879;860665;0;860665;0;867544
2013;192,00;0;78967;0;78967;0;78967
2013;382,00;363825;28755098;23465190;5289908;0;29118923
2013;322,00;0;1257741;0;1257741;0;1257741
2013;478,00;0;480077;0;480077;0;480077
2013;352,00;0;8273;0;8273;0;8273
2013;628,00;0;152648;0;152648;0;152648
2013;291,00;0;54515;0;54515;0;54515
2013;495,00;0;281363;0;281363;0;281363
2013;845,00;0;224280;0;224280;0;224280
2013;498,00;0;46671;0;46671;0;46671
2013;314,00;0;21390;0;21390;0;21390
2013;720,00;272;1379912;0;1379912;0;1380184
2013;721,00;0;328498;0;328498;0;328498
2013;485,00;0;0;0;0;0;0
2013;273,00;0;1573853;0;1573853;0;1573853
2013;846,00;133437;1049816;0;1049816;0;1183253
2013;847,00;78103;224118;0;224118;0;302221
2013;848,00;366;3773731;0;3773731;0;3774097
2013;864,00;0;0;0;0;0;0
2013;916,00;56249;3418711;0;3418711;0;3474960
2013;930,00;10659;653581;27010;626571;0;664240
2013;954,00;123505;562791;0;562791;0;686296
2013;943,00;655;1210807;0;1210807;0;1211462
2013;949,00;0;743381;0;743381;0;743381
2013;980,00;42787;1807325;0;1807325;0;1850112
2013;981,00;0;774095;0;774095;0;774095
2013;1024,00;0;4305250;0;4305250;403897;4709147
2013;1017,00;8400;15299;0;15299;0;23699
2013;1000,00;143031;4321773;0;4321773;0;4464804
2013;1018,00;0;532711;0;532711;0;532711
2013;1001,00;22623;1282803;0;1282803;0;1305426
2013;1007,00;1254;2077664;0;2077664;0;2078918
2013;1008,00;13466;2474753;0;2474753;0;2488219
2013;1009,00;0;116506;0;116506;0;116506
2013;1010,00;0;103658;0;103658;0;103658
2013;1011,00;8210;195363;0;195363;37409;240982
2013;1012,00;0;171877;0;171877;0;171877
2013;1013,00;0;0;0;0;0;0
2013;1041,00;0;62704;0;62704;0;62704
2013;1073,00;444779;1404789;0;1404789;0;1849568
2013;1087,00;305601;1766399;0;1766399;0;2072000
2013;789,00;0;240251;0;240251;0;240251
2013;326,00;334;367372;0;367372;0;367706
2013;442,00;205298;1052595;0;1052595;0;1257893
2013;294,00;55275;3781034;0;3781034;0;3836309
2013;378,00;14968;318837;0;318837;0;333805
2013;402,00;30665;78500;0;78500;0;109165
2013;29,00;0;125929;0;125929;0;125929
2013;450,00;0;0;0;0;0;0
2013;656,00;0;0;0;0;0;0
2013;333,00;6950;751122;0;751122;0;758072
2013;668,00;0;0;0;0;0;0
2013;684,00;0;23468;0;23468;0;23468
2013;422,00;0;213803;0;213803;0;213803
2013;763,00;242011;357823;0;357823;0;599834
2013;741,00;0;0;0;0;0;0
2013;553,00;0;1311751;0;1311751;0;1311751
2013;357,00;0;33101;0;33101;0;33101
2013;899,00;0;72317;0;72317;0;72317
2013;900,00;0;599614;0;599614;0;599614
2013;932,00;3175;7205;0;7205;0;10380
2013;950,00;51214;9755647;3113225;6642422;0;9806861
2013;966,00;0;8848;0;8848;0;8848
2013;967,00;0;12300;0;12300;5494;17794
2013;982,00;7589;17884;0;17884;0;25473
2013;1014,00;0;66275;0;66275;0;66275
2013;1048,00;0;0;0;0;0;0
2013;1080,00;0;238560;0;238560;0;238560
2013;1074,00;0;64305;0;64305;0;64305
2013;722,00;35969;1956773;0;1956773;0;1992742
2013;660,00;10212;1124306;0;1124306;0;1134518
2013;75,00;0;10119;0;10119;0;10119
2013;249,00;3006;1801457;0;1801457;0;1804463
2013;275,00;0;51608;0;51608;0;51608
2013;227,00;1861;5953353;0;5953353;0;5955214
2013;150,00;23008;66085;0;66085;14141;103234
2013;47,00;0;34890;0;34890;0;34890
2013;172,00;0;160305;0;160305;0;160305
2013;581,00;0;388903;0;388903;0;388903
2013;120,00;0;0;0;0;0;0
2013;445,00;0;0;0;0;0;0
2013;471,00;0;1414683;0;1414683;0;1414683
2013;53,00;0;41048;0;41048;0;41048
2013;199,00;1720;216459;0;216459;0;218179
2013;575,00;0;25728;0;25728;0;25728
2013;528,00;0;93248;0;93248;0;93248
2013;631,00;0;438772;0;438772;0;438772
2013;699,00;264848;487778;0;487778;0;752626
2013;823,00;0;0;0;0;9044;9044
2013;849,00;0;87783;0;87783;0;87783
2013;869,00;45980;46719;0;46719;0;92699
2013;955,00;0;0;0;0;0;0
2013;983,00;294;35196;0;35196;0;35490
2013;1002,00;0;27398;0;27398;0;27398
2013;1015,00;3039;265851;0;265851;0;268890
2013;51,00;0;692;0;692;0;692
2013;441,00;8195;94047;0;94047;10095269;10197511
2013;327,00;8510;149672;0;149672;0;158182
2013;690,00;7766;7268341;1297430;5970911;0;7276107
2013;262,00;202340;44859;0;44859;521564;768763
2013;403,00;0;0;0;0;0;0
2013;312,00;8861;182275;0;182275;0;191136
2013;589,00;0;104102;0;104102;0;104102
2013;665,00;0;64351;64351;0;56333;120684
2013;334,00;0;0;0;0;0;0
2013;1075,00;0;7970056;0;7970056;0;7970056
2013;751,00;58056;254789;0;254789;0;312845
2013;186,00;20680;46829;0;46829;30035;97544
2013;646,00;0;0;0;0;0;0
2013;536,00;0;2529;0;2529;0;2529
2013;242,00;23506;230878;0;230878;0;254384
2013;490,00;0;0;0;0;0;0
2013;500,00;79616;145490;0;145490;0;225106
2013;206,00;5452;507009;905;506104;0;512461
2013;58,00;0;0;0;0;0;0
2013;572,00;0;528523;0;528523;0;528523
2013;180,00;0;284684;0;284684;0;284684
2013;549,00;0;182879;0;182879;0;182879
2013;582,00;0;184554;0;184554;0;184554
2013;743,00;100709;8084565;0;8084565;0;8185274
2013;795,00;0;266542;0;266542;0;266542
2013;269,00;295;46525;0;46525;0;46820
2013;634,00;41875;703205;0;703205;0;745080
2013;1,00;9084;90750;0;90750;0;99834
2013;717,00;0;3461195;0;3461195;0;3461195
2013;373,00;-2370;11520;0;11520;0;9150
2013;535,00;0;43312;0;43312;0;43312
2013;824,00;0;627464;0;627464;0;627464
2013;888,00;7260;435179;0;435179;0;442439
2013;902,00;0;2451;0;2451;0;2451
2013;968,00;0;308200;0;308200;0;308200
2013;346,00;2925;154196;0;154196;0;157121
2013;27,00;0;5682618;0;5682618;251;5682869
2013;165,00;0;53841;0;53841;0;53841
2013;956,00;0;98361;0;98361;25143;123504
2013;413,00;0;10141;10141;0;0;10141
2013;149,00;0;39800;0;39800;0;39800
2013;612,00;141104;1259839;0;1259839;0;1400943
2013;559,00;3222;410424;0;410424;0;413646
2013;7,00;0;49728;0;49728;0;49728
2013;283,00;10075;2955095;0;2955095;0;2965170
2013;37,00;0;556207;0;556207;0;556207
2013;153,00;51165;1814436;507382;1307054;0;1865601
2013;547,00;0;50010;0;50010;0;50010
2013;397,00;0;25493;0;25493;0;25493
2013;556,00;0;0;0;0;0;0
2013;42,00;45765;397876;0;397876;0;443641
2013;31,00;331;469273;0;469273;0;469604
2013;740,00;0;578147;0;578147;0;578147
2013;217,00;20173;1279541;1279541;0;0;1299714
2013;863,00;2285;166323;0;166323;0;168608
2013;889,00;16240;695759;0;695759;0;711999
2013;984,00;0;0;0;0;0;0
2013;34,00;0;238377;0;238377;0;238377
2013;791,00;21122;602249;0;602249;12210;635581
2013;181,00;21122;602249;0;602249;12210;635581
2013;430,00;0;0;0;0;0;0
2013;715,00;204000;1828000;0;1828000;22000;2054000
2013;521,00;78695;456761;0;456761;7358;542814
2013;524,00;82026;497723;0;497723;0;579749
2013;432,00;40000;288304;17729;270575;0;328304
2013;19,00;0;3969;0;3969;0;3969
2013;25,00;0;1598;0;1598;0;1598
2013;26,00;0;87213;0;87213;0;87213
2013;890,00;63507;0;0;0;184821;248328
2013;904,00;6632;0;0;0;19402;26034
2013;957,00;112020;283861;0;283861;0;395881
2013;939,00;1087316;119565;0;119565;0;1206881
2013;236,00;20980;2942240;0;2942240;0;2963220
2013;735,00;0;0;0;0;0;0
2013;146,00;0;2854;0;2854;0;2854
2013;363,00;17474;1862294;0;1862294;0;1879768
2013;187,00;0;0;0;0;0;0
2013;265,00;24404;382330;0;382330;0;406734
2013;295,00;90343;155650;0;155650;0;245993
2013;496,00;7911;633511;0;633511;0;641422
2013;77,00;0;147930;0;147930;0;147930
2013;391,00;0;281440;0;281440;0;281440
2013;240,00;0;444388;0;444388;0;444388
2013;448,00;0;12866;0;12866;0;12866
2013;151,00;0;104226;0;104226;0;104226
2013;425,00;0;53151;0;53151;0;53151
2013;300,00;0;0;0;0;0;0
2013;339,00;7375;493143;493143;0;0;500518
2013;826,00;0;0;0;0;0;0
2013;874,00;0;50009;0;50009;0;50009
2013;905,00;0;57432;0;57432;0;57432
2013;736,00;0;1262736;0;1262736;0;1262736
2013;459,00;0;1034324;0;1034324;97226;1131550
2013;320,00;0;208340;0;208340;630356;838696
2013;45,00;10689;1803871;0;1803871;256379;2070939
2013;292,00;0;0;0;0;40260;40260
2013;618,00;0;289955;0;289955;0;289955
2013;463,00;0;958469;0;958469;0;958469
2013;891,00;0;343026;0;343026;0;343026
2013;958,00;1062;74864;0;74864;0;75926
2013;244,00;0;13806;0;13806;0;13806
2013;28,00;0;2800;0;2800;0;2800
2013;444,00;9620;125633;0;125633;0;135253
2013;479,00;0;434857;0;434857;0;434857
2013;285,00;2501;1625896;9918;1615978;0;1628397
2013;253,00;43369;1702958;0;1702958;0;1746327
2013;481,00;150541;9759089;0;9759089;0;9909630
2013;540,00;0;2017487;0;2017487;0;2017487
2013;332,00;0;0;0;0;0;0
2013;41,00;0;0;0;0;0;0
2013;510,00;0;0;0;0;0;0
2013;305,00;0;41114;0;41114;0;41114
2013;708,00;0;0;0;0;0;0
2013;755,00;0;530753;0;530753;0;530753
2013;750,00;0;367704;0;367704;0;367704
2013;696,00;0;0;0;0;0;0
2013;434,00;0;121536;0;121536;0;121536
2013;421,00;0;307014;0;307014;101333;408347
2013;827,00;0;0;0;0;0;0
2013;933,00;59683;308934;0;308934;0;368617
2013;1030,00;90090;574650;0;574650;0;664740
2013;1003,00;0;123146;0;123146;0;123146
2013;1050,00;0;119184;0;119184;0;119184
2013;1043,00;0;0;0;0;0;0
2013;934,00;0;81501;0;81501;0;81501
2013;629,00;226039;21768865;0;21768865;0;21994904
2013;21,00;14661;110584;0;110584;18424;143669
2013;615,00;20856;188120;0;188120;0;208976
2013;626,00;0;321971;0;321971;0;321971
2013;417,00;0;234877;0;234877;0;234877
2013;597,00;23513;109513;0;109513;0;133026
2013;539,00;1443;97556;0;97556;0;98999
2013;343,00;3914;98732;0;98732;0;102646
2013;135,00;4367;109903;0;109903;315;114585
2013;158,00;45662;942235;165406;776829;0;987897
2013;775,00;204841;28598370;48081;28550289;0;28803211
2013;177,00;0;0;0;0;1;1
2013;578,00;21259;93995;0;93995;0;115254
2013;416,00;0;377365;0;377365;0;377365
2013;561,00;0;1;0;1;0;1
2013;828,00;0;16750;0;16750;0;16750
2013;860,00;0;76564;0;76564;707671;784235
2013;935,00;1256;0;0;0;0;1256
2013;936,00;0;1397;0;1397;0;1397
2013;986,00;3069;127265;0;127265;118343;248677
2013;987,00;19075;210929;0;210929;0;230004
2013;1021,00;0;9347;0;9347;0;9347
2013;1085,00;12536;35881;0;35881;0;48417
2013;658,00;0;235312;0;235312;0;235312
2013;353,00;0;10089;0;10089;0;10089
2013;323,00;0;6641;0;6641;0;6641
2013;620,00;0;283944;0;283944;0;283944
2013;384,00;0;402945;0;402945;0;402945
2013;554,00;0;520471;0;520471;0;520471
2013;209,00;798;50780;0;50780;0;51578
2013;707,00;0;680400;0;680400;0;680400
2013;395,00;91892;60856;0;60856;0;152748
2013;969,00;7548;57006;0;57006;0;64554
2013;1052,00;0;0;0;0;0;0
2013;739,00;0;0;0;0;19147;19147
2013;613,00;0;559982;0;559982;0;559982
2013;593,00;0;0;0;0;0;0
2013;704,00;0;612968;0;612968;0;612968
2013;493,00;0;0;0;0;0;0
2013;686,00;294389;5913903;0;5913903;0;6208292
2013;257,00;171223;1725153;0;1725153;0;1896376
2013;494,00;1175;40927;0;40927;0;42102
2013;681,00;49184;7917955;0;7917955;0;7967139
2013;286,00;76287;2690094;0;2690094;1393;2767774
2013;255,00;0;754166;0;754166;0;754166
2013;79,00;0;8237;0;8237;587;8824
2013;81,00;0;0;0;0;0;0
2013;688,00;0;59000;0;59000;329819;388819
2013;531,00;0;96879;0;96879;50884;147763
2013;514,00;0;0;0;0;0;0
2013;499,00;52651;900590;0;900590;0;953241
2013;532,00;0;111900;0;111900;0;111900
2013;190,00;0;0;0;0;0;0
2013;598,00;0;25972;0;25972;0;25972
2013;260,00;62552;2357792;0;2357792;0;2420344
2013;838,00;0;0;0;0;0;0
2013;839,00;2792;130386;0;130386;0;133178
2013;851,00;0;55061;0;55061;0;55061
2013;852,00;0;0;0;0;16336071;16336071
2013;988,00;0;0;0;0;0;0
2013;1056,00;717327;4392857;0;4392857;39816;5150000
2013;1044,00;0;0;0;0;0;0
2013;644,00;277032;138265;0;138265;0;415297
2013;752,00;242727;1704450;0;1704450;151059;2098236
2013;238,00;1500;56000;0;56000;0;57500
2013;325,00;4985;709835;0;709835;0;714820
2013;622,00;0;17908;0;17908;0;17908
2013;879,00;0;30108;0;30108;0;30108
2013;906,00;0;132186;0;132186;0;132186
2013;370,00;0;287835;0;287835;0;287835
2013;418,00;0;122625;0;122625;0;122625
2013;574,00;5929;194803;0;194803;0;200732
2013;399,00;13263;405774;0;405774;0;419037
2013;195,00;0;43896;0;43896;0;43896
2013;783,00;23405;4659723;0;4659723;0;4683128
2013;263,00;23899;501731;0;501731;0;525630
2013;194,00;0;58082;0;58082;0;58082
2013;214,00;0;20540;0;20540;0;20540
2013;785,00;0;1525155;0;1525155;0;1525155
2013;780,00;0;245091;0;245091;0;245091
2013;782,00;-600450;2325087;0;2325087;0;1724637
2013;369,00;0;124849;0;124849;0;124849
2013;84,00;0;0;0;0;20350;20350
2013;713,00;0;184061;0;184061;0;184061
2013;941,00;5768;78923;0;78923;0;84691
2013;1091,00;0;100606;0;100606;0;100606
2013;1045,00;0;49537;0;49537;0;49537
2013;1086,00;681649;152934;0;152934;0;834583
2013;937,00;0;545014;166335;378679;0;545014
2013;1004,00;0;20421;0;20421;0;20421
2013;737,00;0;162152;0;162152;0;162152
2013;765,00;0;1118529;0;1118529;0;1118529
2013;329,00;0;279714;0;279714;0;279714
2013;87,00;0;15401;0;15401;0;15401
2013;527,00;0;69361;0;69361;0;69361
2013;562,00;0;109520;0;109520;0;109520
2013;251,00;746;248433;0;248433;2218565;2467744
2013;129,00;10756;101332;0;101332;0;112088
2013;154,00;79478;72181;0;72181;0;151659
2013;516,00;1169619;1169619;78937;1090682;1207;2340445
2013;184,00;0;13630;0;13630;0;13630
2013;652,00;0;57750;0;57750;0;57750
2013;637,00;0;54569;0;54569;0;54569
2013;88,00;0;0;0;0;43799;43799
2013;907,00;738;1831;0;1831;0;2569
2013;970,00;0;16206;0;16206;0;16206
2013;1019,00;0;17647;0;17647;0;17647
2013;1016,00;0;127010;0;127010;0;127010
2013;1047,00;0;801092;0;801092;0;801092
2013;635,00;0;1092888;0;1092888;0;1092888
