"año";"NCODI";"camas_instalada";"incubadoras_instalada";"paritorios_instalada";"quirofanos_instalada";"salasHemo_instalada";"camas_funcionamiento";"incubadoras_funcionamiento";"paritorios_funcionamiento";"quirofanos_funcionamiento";"salasHemo_funcionamiento";"salas_rx_Hospital";"salas_rx_CEP";"puesto_HDia_medico";"puesto_HDia_psiquiatrico";"puesto_HDia_geriatrico";"integradasPuestos_HDia_CMA";"propiasPuestos_HDia_CMA";"propiasQuirofanos_HDia_CMA"
2014;113,00;214;0;0;0;0;214;0;0;0;0;0;0;0;1;0;0;0;0
2014;619,00;75;1;2;6;1;75;1;2;6;1;3;0;4;0;0;4;0;1
2014;163,00;20;0;0;4;0;20;0;0;4;0;5;0;0;0;0;0;9;4
2014;131,00;81;0;0;0;0;35;0;0;0;0;0;0;0;0;0;0;0;0
2014;375,00;63;0;0;0;0;63;0;0;0;0;1;0;0;0;0;0;0;0
2014;1090,00;811;23;3;23;2;725;21;3;23;2;11;5;44;4;0;40;0;2
2014;764,00;738;13;2;15;1;635;13;2;15;1;17;0;16;56;8;32;0;0
2014;14,00;42;3;2;3;0;42;3;2;3;0;1;0;0;0;0;0;0;0
2014;657,00;135;3;2;4;0;73;1;1;3;0;2;0;1;0;0;1;0;0
2014;362,00;65;2;1;3;1;65;2;1;3;1;7;0;0;0;0;8;0;0
2014;989,00;93;0;1;4;0;53;0;1;3;0;4;0;5;0;0;0;0;0
2014;990,00;114;1;1;4;0;80;1;1;4;0;2;0;10;0;0;0;8;0
2014;680,00;806;24;3;27;2;738;24;3;27;2;12;3;36;0;0;3;0;0
2014;411,00;104;4;2;7;2;104;4;2;7;2;3;0;6;0;0;0;0;0
2014;241,00;96;3;2;7;1;96;3;2;7;1;2;0;6;0;0;2;0;0
2014;558,00;287;4;3;8;0;228;4;3;8;0;10;0;22;0;0;5;12;2
2014;167,00;26;2;1;2;0;16;1;1;2;0;1;0;0;0;0;0;0;0
2014;248,00;175;1;0;4;1;151;0;0;4;1;2;0;10;0;0;0;0;0
2014;224,00;23;1;1;2;0;23;1;1;2;0;2;0;0;0;0;0;0;0
2014;591,00;418;15;2;15;1;392;15;2;15;1;10;0;57;0;0;0;0;4
2014;586,00;410;14;2;12;0;364;14;2;12;0;4;4;27;12;0;0;0;0
2014;453,00;179;0;0;0;0;151;0;0;0;0;1;0;0;0;0;0;0;0
2014;145,00;96;0;0;0;0;96;0;0;0;0;0;0;0;0;0;0;0;0
2014;511,00;286;11;2;9;0;265;11;2;9;0;6;3;10;0;0;0;14;0
2014;530,00;336;8;2;9;0;317;8;2;9;0;6;3;25;0;0;0;2;2
2014;6,00;66;3;1;8;0;54;3;1;8;0;1;0;0;0;0;10;0;0
2014;161,00;432;0;0;0;0;294;0;0;0;0;0;0;0;0;0;0;0;0
2014;623,00;389;14;2;10;1;353;14;2;10;1;8;2;18;0;0;0;0;0
2014;489,00;10;1;1;1;0;10;1;1;1;0;1;0;0;0;0;0;0;0
2014;875,00;132;0;0;6;1;82;0;0;6;1;2;0;6;0;0;2;0;0
2014;940,00;22;0;0;0;0;11;0;0;0;0;0;0;0;0;0;0;0;0
2014;946,00;140;3;1;4;1;140;3;1;4;1;3;0;0;0;0;0;0;0
2014;1023,00;277;8;2;12;1;238;8;2;12;1;4;0;38;0;0;13;0;0
2014;1054,00;267;12;2;15;1;209;6;2;13;1;6;0;16;0;0;0;24;2
2014;1057,00;107;0;0;0;0;78;0;0;0;0;4;0;0;0;0;0;0;0
2014;1031,00;40;0;0;0;0;19;0;0;0;0;0;0;0;0;0;0;0;0
2014;1032,00;247;8;8;12;1;197;8;8;12;1;4;0;25;0;0;14;0;0
2014;1064,00;100;2;2;6;1;100;2;2;6;1;1;0;0;0;0;0;0;0
2014;226,00;82;2;1;5;1;82;2;1;5;1;2;0;0;0;0;0;0;0
2014;687,00;176;8;2;6;0;169;8;2;6;0;7;0;10;20;0;0;10;1
2014;745,00;746;46;3;16;2;704;46;3;16;2;22;10;71;42;0;0;19;2
2014;109,00;90;2;1;6;1;54;2;1;6;1;4;0;0;0;0;0;0;0
2014;808,00;309;8;8;9;0;282;6;8;9;0;6;0;0;22;0;16;0;0
2014;971,00;11;0;0;6;0;5;0;0;2;0;2;0;2;0;0;12;0;0
2014;128,00;33;1;1;3;0;33;0;0;3;0;1;0;3;0;0;2;2;1
2014;919,00;430;8;2;8;0;372;8;2;8;0;5;3;24;8;0;0;0;0
2014;725,00;919;32;3;32;2;832;32;3;30;2;16;0;91;0;0;0;20;2
2014;3,00;130;0;0;0;0;80;0;0;0;0;0;0;0;0;0;0;0;0
2014;306,00;466;0;0;0;0;466;0;0;0;0;0;0;0;0;0;0;0;0
2014;15,00;29;0;0;3;0;29;0;0;2;0;1;0;4;0;0;4;0;0
2014;264,00;77;3;1;4;0;77;3;1;4;0;2;0;0;0;0;0;0;0
2014;867,00;15;0;0;2;0;15;0;0;2;0;2;0;0;0;0;0;0;0
2014;910,00;227;2;1;10;0;204;1;1;8;0;7;0;16;0;0;0;0;0
2014;1053,00;340;7;2;8;0;303;7;2;8;0;6;1;10;0;0;0;14;3
2014;1055,00;381;8;3;14;1;372;8;3;14;1;18;0;30;0;0;0;39;6
2014;1081,00;100;0;0;0;0;68;0;0;0;0;0;0;0;0;0;0;0;0
2014;1099,00;32;6;2;4;0;32;6;2;4;0;6;0;1;0;0;0;0;0
2014;529,00;100;0;0;0;0;86;0;0;0;0;1;0;0;0;0;0;0;0
2014;345,00;174;0;0;0;0;169;0;0;0;0;0;0;0;0;0;0;0;0
2014;515,00;40;0;0;3;0;40;0;0;3;0;2;0;0;0;0;0;0;0
2014;174,00;60;0;0;3;0;28;0;0;2;0;0;0;0;0;0;0;0;0
2014;523,00;151;0;0;3;0;157;0;0;3;0;2;0;0;0;25;0;0;0
2014;697,00;193;9;3;6;1;193;9;3;6;1;5;0;1;1;1;1;1;1
2014;239,00;196;0;0;5;1;104;0;0;4;1;3;0;10;0;0;0;0;0
2014;287,00;206;4;3;11;1;206;4;3;11;1;6;0;0;0;16;0;0;0
2014;377,00;106;0;0;0;0;95;0;0;0;0;1;0;0;0;0;0;0;0
2014;692,00;203;4;2;6;0;193;4;2;4;0;3;0;8;15;0;0;0;0
2014;335,00;160;0;0;0;0;160;0;0;0;0;0;0;0;0;0;0;0;0
2014;435,00;67;2;1;4;1;67;2;1;4;1;1;0;0;0;0;0;0;0
2014;423,00;31;3;1;2;0;31;3;1;2;0;2;0;1;0;0;2;3;2
2014;351,00;85;0;0;3;0;52;0;0;2;0;2;0;0;0;0;0;2;1
2014;810,00;9;0;0;1;0;9;0;0;1;0;1;0;1;0;0;1;1;1
2014;830,00;224;6;2;8;0;208;6;2;8;0;3;0;7;0;0;10;0;2
2014;892,00;419;19;6;13;0;351;11;6;12;0;5;0;30;24;0;0;31;0
2014;921,00;170;5;4;8;1;170;5;4;8;1;2;0;0;0;0;6;6;0
2014;991,00;12;1;1;1;0;12;1;1;1;0;1;0;0;0;0;0;0;0
2014;992,00;165;6;1;6;0;160;2;1;6;0;4;0;7;15;0;8;12;1
2014;993,00;142;5;3;5;0;107;5;3;5;0;2;2;21;16;0;0;6;1
2014;1070,00;816;30;6;27;3;682;27;6;25;3;9;0;44;26;0;0;0;0
2014;1095,00;70;0;0;2;0;38;0;0;2;0;1;0;0;0;0;0;0;0
2014;1094,00;34;0;0;4;0;34;0;0;4;0;1;0;1;0;0;0;0;0
2014;473,00;67;27;6;6;0;67;27;6;6;0;2;0;1;0;0;0;0;4
2014;663,00;398;9;2;11;1;396;9;2;11;1;4;2;53;13;0;7;0;0
2014;552,00;96;0;0;6;0;88;0;0;6;0;4;0;16;0;0;14;0;0
2014;772,00;588;0;0;25;2;588;0;0;25;2;8;0;70;56;50;0;0;6
2014;568,00;51;0;0;2;0;31;0;0;2;0;2;0;0;0;0;0;0;0
2014;398,00;132;0;0;5;0;100;0;0;5;0;2;0;0;0;0;0;0;0
2014;394,00;55;0;0;2;0;55;0;0;2;0;2;0;0;0;0;0;0;0
2014;614,00;22;0;0;2;0;22;0;0;2;0;0;0;0;0;0;0;7;0
2014;235,00;58;0;0;4;0;14;0;0;3;0;2;0;0;0;0;0;0;0
2014;616,00;90;0;0;6;0;56;0;0;5;0;0;0;17;0;0;0;15;0
2014;267,00;163;4;2;9;1;155;4;2;9;1;0;0;0;0;0;0;0;0
2014;565,00;200;0;0;5;0;178;0;0;5;0;2;0;4;0;0;0;22;0
2014;220,00;138;3;3;9;0;138;3;3;9;0;3;0;17;0;0;0;0;0
2014;278,00;154;6;3;8;0;154;6;3;8;0;0;0;0;0;0;0;0;0
2014;107,00;112;0;0;0;0;112;0;0;0;0;0;0;0;15;55;0;0;0
2014;711,00;613;17;3;22;3;540;17;3;19;3;6;0;87;25;0;16;0;0
2014;204,00;116;0;0;0;0;116;0;0;0;0;1;0;0;0;22;0;0;0
2014;579,00;30;0;0;2;0;30;0;0;2;0;4;0;0;0;0;0;0;0
2014;348,00;152;0;0;2;0;139;0;0;2;0;1;0;70;0;0;0;0;0
2014;766,00;159;0;0;8;0;111;0;0;8;0;5;0;8;0;0;0;0;0
2014;761,00;317;0;0;0;0;317;0;0;0;0;0;0;0;25;60;0;0;0
2014;728,00;336;0;0;18;0;298;0;0;18;0;6;0;8;0;0;0;17;4
2014;280,00;154;12;4;11;1;154;12;4;11;1;3;0;10;0;0;0;6;3
2014;222,00;44;0;0;6;0;44;0;0;6;0;2;0;1;0;0;0;0;0
2014;276,00;184;10;3;14;1;184;10;3;14;1;8;0;13;0;0;18;0;0
2014;11,00;201;0;2;8;1;170;0;2;8;1;3;0;9;1;0;0;0;0
2014;302,00;60;2;2;3;0;60;2;2;3;0;0;0;0;0;0;1;1;1
2014;682,00;161;0;0;8;0;161;0;0;8;0;1;0;11;0;0;0;0;0
2014;279,00;181;20;5;9;1;181;20;5;9;1;4;0;10;0;0;0;10;3
2014;282,00;257;10;3;18;1;257;10;3;18;1;8;0;10;0;0;0;31;4
2014;281,00;289;8;5;10;1;273;8;4;10;1;3;0;10;0;0;0;15;0
2014;183,00;30;0;0;3;0;30;0;0;3;0;1;0;0;0;0;0;0;0
2014;610,00;43;0;0;5;0;43;0;0;5;0;1;0;0;0;0;0;19;0
2014;116,00;428;0;0;0;0;428;0;0;0;0;0;0;0;0;20;0;0;0
2014;115,00;50;0;0;0;0;50;0;0;0;0;1;0;0;0;0;0;0;0
2014;114,00;74;0;0;0;0;74;0;0;0;0;0;0;0;0;0;0;0;0
2014;119,00;30;0;0;4;0;30;0;0;4;0;1;0;0;0;0;0;0;0
2014;770,00;585;11;3;21;1;539;11;3;21;1;16;0;31;18;0;0;8;5
2014;583,00;130;0;0;4;0;116;0;0;4;0;4;0;23;0;0;0;0;4
2014;136,00;209;0;0;0;0;166;0;0;0;0;1;0;0;0;50;0;0;0
2014;469,00;108;2;1;3;0;99;2;1;3;0;2;0;12;0;15;9;9;0
2014;642,00;202;2;3;5;0;202;2;3;5;0;5;0;7;0;20;0;0;0
2014;674,00;343;37;6;13;1;320;37;6;13;1;10;1;13;37;0;10;12;2
2014;193,00;155;0;0;0;0;155;0;0;0;0;1;0;0;0;17;0;0;0
2014;526,00;332;12;3;6;0;330;12;3;6;0;4;0;34;0;68;0;10;0
2014;698,00;778;0;0;27;2;612;0;0;27;2;10;0;19;10;0;0;24;0
2014;630,00;89;3;2;10;0;77;3;2;10;0;3;0;8;0;0;0;0;0
2014;124,00;140;0;0;0;0;130;0;0;0;0;0;0;0;0;30;0;0;0
2014;364,00;75;0;0;0;0;70;0;0;0;0;0;0;0;0;35;0;0;0
2014;439,00;56;4;2;5;0;56;4;2;5;0;2;0;4;0;0;0;0;1
2014;570,00;488;8;5;17;0;488;8;5;17;0;5;0;57;31;0;0;0;2
2014;123,00;189;0;0;0;0;179;0;0;0;0;0;0;0;0;58;0;0;0
2014;310,00;415;0;0;0;0;396;0;0;0;0;0;0;0;55;57;0;0;0
2014;571,00;127;2;2;5;0;127;2;2;5;0;3;0;16;0;0;0;1;1
2014;296,00;177;0;0;0;0;177;0;0;0;0;1;0;0;0;22;0;0;0
2014;566,00;155;4;3;7;0;118;2;3;7;0;3;0;20;20;0;11;0;0
2014;784,00;662;18;6;16;0;662;18;6;16;0;6;0;109;60;39;0;17;4
2014;102,00;731;0;0;0;0;731;0;0;0;0;1;0;0;15;20;0;0;0
2014;379,00;531;0;0;0;0;531;0;0;0;0;0;0;0;90;0;0;0;0
2014;639,00;221;1;4;5;0;152;1;4;5;0;5;0;6;0;0;0;8;0
2014;457,00;83;0;0;2;0;71;0;0;2;0;2;0;2;0;0;10;0;0
2014;609,00;309;10;2;13;2;280;10;2;13;2;8;0;9;10;0;9;0;0
2014;101,00;82;0;0;0;0;82;0;0;0;0;0;0;0;0;20;0;0;0
2014;454,00;231;2;1;5;0;228;2;1;5;0;3;0;17;0;0;0;4;1
2014;318,00;374;0;0;0;0;374;0;0;0;0;0;0;0;20;25;0;0;0
2014;600,00;165;2;5;8;0;116;2;5;8;0;5;0;20;0;0;0;16;0
2014;545,00;451;19;3;14;5;322;13;3;14;5;5;0;48;30;36;0;0;0
2014;100,00;78;0;0;0;0;75;0;0;0;0;0;0;0;0;35;0;0;0
2014;702,00;384;9;3;15;1;384;9;3;15;1;5;0;22;35;0;0;21;4
2014;778,00;222;3;5;15;0;191;3;5;15;0;4;0;58;22;0;0;22;3
2014;341,00;65;1;1;2;0;65;0;0;2;0;2;0;0;0;0;0;0;0
2014;99,00;125;0;0;0;0;100;0;0;0;0;0;0;0;0;50;0;0;0
2014;767,00;117;0;0;5;0;91;0;0;5;0;6;0;8;0;0;0;0;0
2014;359,00;110;0;0;2;0;110;0;0;2;0;2;0;0;0;30;4;8;2
2014;98,00;114;0;0;0;0;114;0;0;0;0;0;0;0;0;25;0;0;0
2014;132,00;125;0;0;0;0;94;0;0;0;0;0;0;0;0;0;0;0;0
2014;97,00;122;0;0;0;0;120;0;0;0;0;0;0;0;0;30;0;0;0
2014;103,00;42;0;0;0;0;41;0;0;0;0;0;0;0;0;20;0;0;0
2014;110,00;60;0;0;0;0;60;0;0;0;0;0;0;0;0;0;0;0;0
2014;94,00;30;0;0;0;0;30;0;0;0;0;0;0;0;0;0;0;0;0
2014;91,00;60;0;0;0;0;60;0;0;0;0;0;0;0;0;18;0;0;0
2014;664,00;342;4;2;12;0;300;4;2;12;0;8;0;55;25;0;17;0;0
2014;918,00;1132;45;6;39;3;1072;45;6;39;3;11;0;137;0;0;0;0;6
2014;92,00;56;0;0;0;0;56;0;0;0;0;0;0;0;0;0;0;0;0
2014;95,00;165;0;0;0;0;165;0;0;0;0;0;0;0;0;24;0;0;0
2014;96,00;80;0;0;0;0;77;0;0;0;0;0;0;0;0;0;0;0;0
2014;301,00;20;0;0;4;0;20;0;0;4;0;1;0;0;0;0;0;0;0
2014;492,00;133;2;1;5;0;123;2;1;5;0;3;0;17;0;0;0;11;1
2014;811,00;67;0;1;1;0;67;0;1;1;0;1;0;0;0;0;0;0;0
2014;812,00;89;0;0;1;0;89;0;0;1;0;0;0;38;0;0;0;0;0
2014;832,00;20;0;0;0;0;20;0;0;0;0;0;0;0;0;0;0;0;0
2014;841,00;12;0;0;0;0;12;0;0;0;0;0;0;0;0;25;0;0;0
2014;856,00;81;0;0;0;0;81;0;0;0;0;0;0;0;0;30;0;0;0
2014;859,00;85;0;0;0;0;85;0;0;0;0;0;0;0;25;0;0;0;0
2014;861,00;40;0;0;0;0;40;0;0;0;0;0;0;0;0;0;0;0;0
2014;880,00;94;0;0;0;0;93;0;0;0;0;0;0;0;0;40;0;0;0
2014;883,00;21;0;0;0;0;21;0;0;0;0;0;0;0;21;0;0;0;0
2014;884,00;141;0;0;0;0;104;0;0;0;0;0;0;0;0;30;0;0;0
2014;877,00;38;0;0;0;0;38;0;0;0;0;0;0;0;0;0;0;0;0
2014;911,00;354;0;0;0;0;354;0;0;0;0;0;0;0;0;27;0;0;0
2014;913,00;28;0;0;0;0;28;0;0;0;0;0;0;0;20;0;0;0;0
2014;922,00;58;5;3;7;0;58;5;3;7;0;2;0;0;0;0;0;0;0
2014;923,00;84;0;0;0;0;84;0;0;0;0;0;0;0;0;0;0;0;0
2014;924,00;47;0;0;0;0;47;0;0;0;0;0;0;28;0;0;0;0;0
2014;947,00;26;0;0;0;0;26;0;0;0;0;0;0;0;0;0;0;0;0
2014;951,00;56;0;0;0;0;50;0;0;0;0;0;0;0;0;22;0;0;0
2014;1103,00;121;0;0;0;0;121;0;0;0;0;0;0;0;0;30;0;0;0
2014;972,00;28;0;0;0;0;28;0;0;0;0;0;0;0;0;0;0;0;0
2014;973,00;51;0;0;2;1;30;0;0;2;1;2;0;0;0;0;10;5;2
2014;974,00;155;0;0;0;0;151;0;0;0;0;0;0;0;0;0;0;0;0
2014;975,00;101;0;0;0;0;101;0;0;0;0;0;0;0;0;25;0;0;0
2014;960,00;191;0;0;0;0;191;0;0;0;0;0;0;0;0;40;0;0;0
2014;1028,00;18;0;0;0;0;18;0;0;0;0;0;0;0;0;0;0;0;0
2014;976,00;137;0;0;0;0;126;0;0;0;0;0;0;0;0;35;0;0;0
2014;977,00;174;0;0;0;0;164;0;0;0;0;0;0;0;0;0;0;0;0
2014;1020,00;22;0;0;0;0;22;0;0;0;0;0;0;0;15;0;0;0;0
2014;994,00;245;6;3;5;0;245;6;3;5;0;6;0;23;0;0;0;30;0
2014;995,00;84;0;0;0;0;76;0;0;0;0;0;0;0;0;30;0;0;0
2014;1060,00;25;0;0;0;0;25;0;0;0;0;0;0;0;35;0;0;0;0
2014;1005,00;75;0;0;0;0;75;0;0;0;0;0;0;0;0;0;0;0;0
2014;1061,00;10;0;0;0;0;10;0;0;0;0;0;0;0;0;0;0;0;0
2014;1006,00;52;0;0;0;0;52;0;0;0;0;0;0;0;20;0;0;0;0
2014;1088,00;10;0;0;5;0;5;0;0;3;0;0;0;0;0;0;0;3;3
2014;1089,00;106;1;0;9;0;54;0;0;6;0;3;0;0;0;0;8;0;0
2014;1076,00;10;0;0;0;0;10;0;0;0;0;0;0;0;0;0;0;0;0
2014;1078,00;49;0;0;0;0;49;0;0;0;0;0;0;0;0;0;0;0;0
2014;1033,00;358;0;0;12;0;316;0;0;12;0;3;0;47;0;0;0;0;0
2014;1037,00;35;0;0;0;0;35;0;0;0;0;0;0;0;30;0;0;0;0
2014;1039,00;50;0;0;0;0;50;0;0;0;0;0;0;0;40;0;0;0;0
2014;1067,00;220;0;0;0;0;189;0;0;0;0;0;0;0;0;46;0;0;0
2014;1065,00;228;0;0;0;0;228;0;0;0;0;1;0;0;0;0;0;0;0
2014;1066,00;86;4;3;6;0;86;4;3;6;0;2;0;6;0;0;0;12;0
2014;1100,00;99;0;0;0;0;64;0;0;0;0;2;0;0;0;23;0;0;0
2014;1105,00;245;0;0;0;0;245;0;0;0;0;0;0;0;0;0;0;0;0
2014;1107,00;17;0;0;3;0;17;0;0;3;0;0;0;0;0;0;0;0;3
2014;207,00;116;1;1;7;0;92;1;1;7;0;4;0;8;0;0;0;0;0
2014;431,00;156;0;0;0;0;156;0;0;0;0;1;0;0;0;0;0;0;0
2014;387,00;123;4;2;3;0;110;2;2;3;0;3;0;6;0;0;1;0;0
2014;179,00;75;0;0;0;0;75;0;0;0;0;1;0;0;0;0;0;0;0
2014;606,00;114;3;2;3;0;106;3;2;3;0;4;1;16;0;0;0;0;0
2014;925,00;865;28;8;24;1;809;28;8;19;1;15;0;58;49;0;35;0;0
2014;541,00;107;6;2;4;0;103;6;2;4;0;3;0;1;0;0;0;0;0
2014;797,00;102;2;2;5;0;102;2;2;5;0;4;0;4;0;0;0;9;0
2014;627,00;250;6;2;6;0;231;5;2;6;0;3;3;16;0;0;0;6;0
2014;173,00;330;0;0;0;0;330;0;0;0;0;0;0;0;4;0;0;0;0
2014;636,00;520;20;3;17;2;471;20;3;17;2;11;0;22;0;18;0;17;3
2014;205,00;33;0;0;3;0;33;0;0;3;0;1;0;0;0;0;0;0;0
2014;814,00;20;0;0;1;0;20;0;0;1;0;1;0;0;0;0;1;0;1
2014;881,00;34;2;1;3;1;34;2;1;3;1;1;0;0;0;0;0;0;0
2014;771,00;642;46;2;18;2;636;46;2;18;2;11;3;15;0;0;22;0;0
2014;533,00;37;3;1;1;1;33;3;1;1;1;1;0;1;0;0;4;0;1
2014;447,00;380;4;1;7;0;190;2;1;7;0;2;0;8;0;0;0;0;1
2014;815,00;14;0;1;3;0;14;0;0;3;0;1;0;0;0;0;0;0;0
2014;801,00;443;21;2;12;1;443;21;2;12;1;6;2;25;0;0;2;15;12
2014;800,00;115;0;0;2;0;97;0;0;2;0;1;0;0;0;0;0;0;1
2014;389,00;290;3;2;4;0;290;3;2;4;0;2;0;0;0;0;0;8;1
2014;695,00;411;10;3;8;1;275;10;3;8;1;7;2;36;0;0;4;12;3
2014;816,00;126;2;1;4;0;94;1;1;4;0;1;0;7;0;0;0;10;2
2014;833,00;110;2;1;5;0;110;2;1;5;0;3;0;5;0;0;9;10;1
2014;870,00;94;2;2;6;1;60;1;2;6;1;2;0;1;0;0;0;0;0
2014;927,00;51;1;1;2;0;45;0;1;2;0;1;0;1;0;0;0;0;1
2014;961,00;436;12;3;12;0;447;12;3;12;0;9;4;38;0;0;8;16;0
2014;962,00;40;1;1;2;1;26;0;0;2;1;1;0;2;0;0;2;0;2
2014;1079,00;40;2;1;2;1;40;2;1;2;1;1;0;0;0;0;0;0;0
2014;1101,00;35;3;1;3;0;35;3;1;3;0;1;0;2;0;0;7;0;0
2014;666,00;580;25;2;16;1;553;25;2;16;1;5;5;12;0;0;0;30;0
2014;392,00;130;0;0;0;0;98;0;0;0;0;2;0;0;0;0;0;0;0
2014;790,00;257;0;0;8;0;253;0;0;8;0;4;0;36;95;0;6;0;0
2014;650,00;152;2;2;5;0;152;2;2;5;0;3;0;14;0;0;0;8;0
2014;876,00;258;9;2;10;0;241;8;2;10;0;5;0;17;0;0;0;0;0
2014;944,00;28;0;0;4;0;15;0;0;4;0;2;0;0;0;0;0;0;0
2014;952,00;96;12;2;10;0;90;12;2;10;0;3;0;5;0;0;0;0;1
2014;54,00;95;0;0;0;0;95;0;0;0;0;0;0;0;30;0;0;0;0
2014;367,00;55;0;0;4;0;17;0;0;3;0;2;0;1;0;0;0;6;0
2014;538,00;339;8;2;10;0;245;8;2;8;0;6;1;22;12;0;0;19;3
2014;557,00;118;3;2;5;0;77;3;2;4;0;2;0;13;0;0;0;6;0
2014;653,00;139;5;2;5;0;132;2;2;4;0;5;2;14;0;0;6;0;0
2014;647,00;103;2;2;6;0;66;2;2;4;0;8;0;2;0;0;0;6;0
2014;978,00;564;23;2;13;1;513;22;2;13;1;14;1;18;20;0;0;23;0
2014;996,00;155;2;1;4;0;65;2;1;4;0;3;0;10;0;0;0;12;2
2014;729,00;1187;40;8;35;4;1062;35;8;35;4;19;1;72;80;0;32;0;5
2014;182,00;138;5;1;7;0;138;5;1;7;0;3;0;0;0;0;0;9;1
2014;633,00;169;0;0;8;1;105;0;0;7;1;2;0;0;0;0;0;24;0
2014;685,00;240;9;3;6;0;225;9;3;6;0;3;0;12;20;0;12;0;0
2014;683,00;148;6;3;5;0;145;6;3;5;0;3;0;4;0;0;4;0;0
2014;945,00;77;4;2;4;0;68;3;2;4;0;1;0;0;0;0;0;8;0
2014;953,00;4;0;0;4;0;2;0;0;2;0;0;0;0;0;0;0;0;0
2014;1022,00;24;0;0;2;0;22;0;0;2;0;2;0;0;0;0;0;0;0
2014;1049,00;32;0;0;2;0;6;0;0;1;0;1;0;0;0;0;0;0;0
2014;794,00;1346;21;3;30;3;1346;21;3;30;3;13;5;87;25;0;30;0;0
2014;415,00;56;0;0;4;0;56;0;0;4;0;1;0;24;0;0;0;0;0
2014;592,00;105;0;1;6;0;96;0;1;6;0;2;0;0;0;0;0;0;0
2014;497,00;120;0;0;5;1;120;0;0;5;1;2;0;0;0;0;0;0;0
2014;458,00;144;9;2;9;1;144;9;2;9;1;4;0;0;0;0;0;0;0
2014;726,00;435;16;2;12;0;398;16;2;12;0;9;1;28;15;0;0;8;4
2014;272,00;194;0;0;4;0;143;0;0;4;0;3;0;0;0;0;0;0;0
2014;805,00;1395;33;3;30;2;1270;33;3;30;2;16;1;35;50;0;0;0;4
2014;5,00;50;0;0;8;0;39;0;0;8;0;2;0;5;0;0;10;0;0
2014;234,00;91;6;1;6;0;91;2;1;6;0;1;0;5;0;0;0;0;0
2014;64,00;98;0;0;0;0;98;0;0;0;0;0;0;0;0;0;0;0;0
2014;842,00;81;0;1;4;0;81;0;1;4;0;3;0;0;0;0;9;0;0
2014;843,00;78;2;1;3;0;78;2;1;3;0;4;0;4;0;0;3;4;0
2014;803,00;436;10;2;10;0;307;6;2;9;0;6;2;23;10;0;14;0;0
2014;211,00;60;0;0;3;0;60;0;0;3;0;2;0;0;0;0;0;0;0
2014;773,00;364;26;3;11;1;324;26;3;11;1;3;0;21;0;0;0;0;1
2014;424,00;45;2;1;3;0;45;2;1;3;0;1;0;6;0;0;6;4;1
2014;298,00;114;4;1;7;1;114;4;1;7;1;6;0;0;0;0;10;0;0
2014;594,00;28;1;0;3;0;19;0;0;3;0;1;0;0;0;0;14;14;2
2014;237,00;101;0;0;3;0;101;0;0;3;0;0;0;0;0;25;0;0;0
2014;16,00;23;0;0;0;0;23;0;0;0;0;0;0;0;0;0;0;0;0
2014;768,00;80;1;1;2;0;72;1;1;2;0;2;0;6;0;25;5;0;0
2014;617,00;152;3;5;6;0;145;3;5;5;0;3;0;10;0;0;0;15;0
2014;297,00;42;1;1;3;0;42;1;1;3;0;1;0;0;0;0;0;0;0
2014;105,00;63;0;0;0;0;63;0;0;0;0;0;0;0;0;10;0;0;0
2014;544,00;136;1;3;3;0;136;1;3;3;0;3;0;0;0;17;20;0;0
2014;804,00;142;2;4;5;0;114;2;4;5;0;3;0;11;0;0;15;0;0
2014;470,00;81;4;1;2;1;81;4;1;2;1;2;0;2;0;60;0;0;0
2014;104,00;114;0;0;0;0;114;0;0;0;0;0;0;0;50;0;0;0;0
2014;20,00;55;0;0;0;0;42;0;0;0;0;0;0;0;0;0;0;0;0
2014;550,00;76;0;0;4;0;76;0;0;4;0;6;0;4;0;0;0;6;0
2014;112,00;24;0;0;0;0;24;0;0;0;0;0;0;0;0;25;0;0;0
2014;818,00;105;0;0;0;0;105;0;0;0;0;0;0;0;0;19;0;0;0
2014;914,00;123;0;0;0;0;123;0;0;0;0;0;0;0;0;40;0;0;0
2014;928,00;36;0;0;0;0;36;0;0;0;0;0;0;25;0;0;0;0;0
2014;964,00;264;4;3;5;0;216;4;3;5;0;3;0;26;0;0;6;0;0
2014;1026,00;100;0;0;0;0;100;0;0;0;0;0;0;0;0;20;0;0;0
2014;1068,00;160;0;0;0;0;80;0;0;0;0;0;0;0;0;32;0;0;0
2014;1108,00;64;2;2;4;0;44;2;2;4;0;3;0;5;0;0;5;0;0
2014;738,00;496;18;6;21;1;462;18;6;21;1;9;3;82;0;0;55;0;6
2014;404,00;133;0;0;2;0;133;0;0;2;0;1;0;0;0;0;0;7;2
2014;274,00;77;1;1;6;1;77;1;1;6;1;5;0;5;10;0;0;0;0
2014;270,00;92;1;2;6;1;92;1;2;6;1;2;0;7;0;0;0;0;0
2014;676,00;147;7;2;5;0;119;7;2;5;0;7;0;11;0;0;0;15;1
2014;709,00;191;3;4;7;0;178;3;4;7;0;4;0;22;0;0;18;0;1
2014;754,00;945;18;4;50;2;922;18;4;50;2;11;0;122;85;0;0;60;19
2014;997,00;46;2;2;2;0;24;2;2;2;0;2;0;2;0;0;8;0;0
2014;734,00;432;8;1;12;2;336;8;1;12;2;6;2;30;15;12;0;26;0
2014;299,00;57;0;0;2;0;57;0;0;2;0;2;0;1;0;0;0;3;2
2014;645,00;50;0;0;1;0;50;0;0;1;0;1;0;0;0;0;0;0;0
2014;17,00;165;0;0;0;0;165;0;0;0;0;0;0;0;0;0;0;0;0
2014;1046,00;147;0;0;0;0;91;0;0;0;0;0;0;0;0;0;0;0;0
2014;420,00;29;0;0;3;0;29;0;0;3;0;4;0;0;0;0;0;0;0
2014;802,00;103;0;0;0;0;103;0;0;0;0;1;0;0;0;0;0;0;0
2014;266,00;149;2;2;9;2;149;2;2;9;2;2;0;18;0;0;18;18;1
2014;137,00;38;2;1;4;0;38;2;1;4;0;2;0;0;0;0;0;0;4
2014;769,00;75;0;0;4;0;39;0;0;3;0;2;0;16;0;0;0;0;0
2014;776,00;96;1;0;4;0;96;1;0;4;0;2;1;7;0;0;8;4;1
2014;640,00;105;1;3;6;0;73;1;3;5;0;3;0;8;0;0;8;0;1
2014;315,00;449;0;0;0;0;449;0;0;0;0;0;0;0;20;0;0;0;0
2014;40,00;299;0;0;0;0;282;0;0;0;0;0;0;0;0;0;0;0;0
2014;508,00;88;0;0;5;0;63;0;0;5;0;2;2;0;0;0;1;9;2
2014;46,00;80;0;0;0;0;80;0;0;0;0;0;0;0;0;0;0;0;0
2014;590,00;124;1;4;5;0;117;1;4;5;0;4;2;10;0;0;0;0;0
2014;777,00;119;2;2;5;0;104;2;2;5;0;4;1;10;0;0;10;12;1
2014;897,00;1167;25;6;34;1;1083;25;6;34;1;11;9;87;0;0;37;12;3
2014;965,00;88;0;0;0;0;81;0;0;0;0;0;0;0;0;0;0;0;0
2014;671,00;262;12;2;7;0;249;10;2;7;0;6;0;10;0;0;7;0;0
2014;461,00;202;1;1;5;0;202;1;1;5;0;4;0;2;0;0;0;0;0
2014;376,00;20;1;1;2;0;20;1;1;2;0;2;0;0;0;0;0;0;0
2014;621,00;117;2;2;4;0;110;2;2;4;0;3;0;11;0;0;12;0;0
2014;793,00;674;16;5;20;2;563;16;4;20;2;6;6;32;16;0;23;33;7
2014;1102,00;30;2;2;4;1;22;2;1;3;1;1;0;0;0;0;0;0;0
2014;712,00;297;3;2;8;0;236;3;2;6;0;5;0;21;0;0;5;0;0
2014;32,00;110;0;0;0;0;96;0;0;0;0;0;0;0;0;0;0;0;0
2014;361,00;70;0;0;0;0;70;0;0;0;0;1;0;0;0;12;0;0;0
2014;486,00;40;1;1;3;0;30;0;1;3;0;1;0;0;0;0;0;0;0
2014;595,00;161;4;2;5;0;151;4;2;5;0;3;1;12;0;0;8;0;0
2014;433,00;46;2;2;2;0;44;0;2;2;0;3;0;0;0;0;0;0;0
2014;1058,00;32;0;0;2;0;20;0;0;2;0;1;0;0;0;0;0;0;0
2014;261,00;42;0;1;3;0;42;0;1;3;0;1;0;0;0;0;0;0;0
2014;730,00;204;10;2;7;0;183;8;2;4;0;6;0;12;20;0;22;0;0
2014;577,00;233;6;2;7;0;233;6;2;7;0;5;0;6;0;0;0;22;0
2014;788,00;770;27;4;25;2;729;26;4;24;2;17;0;170;0;0;1;1;5
2014;865,00;100;3;3;4;0;53;2;1;1;0;2;0;0;0;0;0;0;0
2014;979,00;24;0;0;2;0;17;0;0;1;0;1;0;0;0;0;0;0;0
2014;998,00;18;0;0;1;0;7;0;0;1;0;1;0;0;0;0;0;0;0
2014;221,00;110;0;0;2;0;100;0;0;2;0;2;0;4;0;0;0;0;0
2014;506,00;75;3;2;5;0;75;3;2;5;0;2;0;0;0;0;0;0;3
2014;727,00;408;9;3;8;0;359;9;3;8;0;7;0;22;0;0;0;0;0
2014;355,00;88;0;0;2;0;88;0;0;2;0;3;0;0;0;0;0;0;0
2014;487,00;297;0;0;6;0;285;0;0;6;0;2;0;0;0;0;0;0;0
2014;938,00;1056;20;2;21;2;890;20;2;21;2;8;13;20;10;0;0;0;2
2014;886,00;113;0;0;3;0;113;0;0;2;0;1;0;3;0;0;0;6;1
2014;835,00;46;1;1;2;0;46;1;1;2;0;4;0;1;0;0;0;0;0
2014;999,00;20;0;0;0;0;14;0;0;0;0;1;0;0;0;0;0;0;0
2014;798,00;457;16;4;14;1;404;16;4;14;1;8;0;73;0;0;10;10;2
2014;504,00;200;0;0;5;0;200;0;0;5;0;5;0;15;20;20;0;8;0
2014;247,00;41;1;1;3;0;41;1;1;3;0;13;0;6;0;0;0;5;0
2014;216,00;55;2;1;3;0;51;2;1;3;0;2;0;1;0;0;3;3;1
2014;654,00;63;1;2;5;0;63;1;2;5;0;1;0;0;0;0;5;0;0
2014;65,00;75;0;0;0;0;75;0;0;0;0;0;0;0;20;0;0;0;0
2014;472,00;78;2;1;3;0;56;1;1;2;0;2;0;4;0;10;0;0;0
2014;427,00;36;0;0;0;0;36;0;0;0;0;1;0;0;0;10;0;0;0
2014;491,00;64;2;1;2;0;60;2;1;2;0;2;0;2;0;0;8;0;0
2014;551,00;30;1;1;1;0;30;1;1;1;0;1;0;15;0;0;15;0;0
2014;106,00;120;0;0;0;0;106;0;0;0;0;0;0;0;0;0;0;0;0
2014;819,00;137;0;0;0;0;126;0;0;0;0;0;0;0;0;0;0;0;0
2014;836,00;20;0;0;0;0;20;0;0;0;0;0;0;0;0;0;0;0;0
2014;915,00;126;0;0;0;0;115;0;0;0;0;0;0;0;0;25;0;0;0
2014;942,00;60;0;0;0;0;60;0;0;0;0;0;0;0;0;0;0;0;0
2014;748,00;577;12;4;23;1;553;12;4;19;1;13;6;25;1;0;0;22;4
2014;198,00;87;0;0;0;0;87;0;0;0;0;0;0;0;0;0;0;0;0
2014;871,00;91;1;3;4;0;72;1;3;4;0;3;0;10;0;0;11;0;0
2014;948,00;54;1;1;3;1;54;1;1;3;1;1;0;0;0;0;0;0;0
2014;1051,00;140;0;0;0;0;137;0;0;0;0;0;0;0;0;0;0;0;0
2014;1083,00;26;0;0;0;0;26;0;0;0;0;0;0;0;0;0;0;0;0
2014;1096,00;75;0;0;0;0;75;0;0;0;0;1;0;0;0;0;0;0;0
2014;679,00;840;19;1;18;1;735;18;1;18;1;22;0;46;15;12;0;0;0
2014;176,00;64;0;0;5;0;64;0;0;5;0;1;0;1;0;0;0;0;0
2014;537,00;63;0;0;6;0;42;0;0;5;0;1;0;0;0;0;3;1;1
2014;608,00;140;8;2;6;0;135;8;2;5;0;7;0;6;0;0;0;4;0
2014;596,00;140;5;1;5;0;141;5;1;4;0;5;0;10;0;0;0;0;0
2014;749,00;947;0;0;46;3;858;0;0;37;3;33;6;50;15;0;23;0;0
2014;758,00;1314;50;5;40;5;1208;46;5;40;5;14;10;60;40;0;0;30;6
2014;1104,00;964;20;2;22;3;766;17;2;22;3;16;7;71;55;14;15;18;8
2014;436,00;98;0;0;0;0;84;0;0;0;0;2;4;4;0;0;0;0;0
2014;567,00;192;0;0;11;0;95;0;0;8;0;2;0;0;50;0;0;30;3
2014;677,00;564;0;0;14;1;422;0;0;13;1;6;2;64;10;0;18;0;0
2014;670,00;180;2;0;6;0;162;2;0;6;0;3;0;12;15;0;13;0;0
2014;588,00;156;0;0;9;0;123;0;0;8;0;2;0;11;0;22;8;0;0
2014;753,00;1671;66;9;45;4;1185;50;9;31;4;16;3;96;24;0;0;41;9
2014;887,00;320;0;0;0;0;315;0;0;0;0;1;0;0;0;0;0;0;0
2014;245,00;191;5;2;10;1;191;5;2;10;1;4;0;0;0;0;0;0;0
2014;603,00;183;5;2;8;1;169;4;2;8;1;3;0;5;0;0;8;4;1
2014;426,00;80;0;0;3;0;80;0;0;3;0;4;0;0;0;0;0;0;0
2014;232,00;95;12;2;5;0;77;12;2;5;0;2;0;0;0;0;5;5;2
2014;288,00;169;0;0;7;0;156;0;0;7;0;5;0;9;0;0;0;9;2
2014;246,00;97;6;2;9;0;96;6;2;9;0;2;0;0;0;0;0;0;0
2014;284,00;138;12;1;10;1;138;8;1;10;1;4;0;0;0;0;0;0;0
2014;18,00;81;0;0;0;0;78;0;0;0;0;0;0;0;0;0;0;0;0
2014;356,00;96;0;0;0;0;96;0;0;0;0;0;0;0;60;0;0;0;0
2014;401,00;388;0;0;0;0;388;0;0;0;0;1;0;1;0;0;0;0;0
2014;733,00;665;15;5;16;2;580;11;5;16;2;10;4;20;4;0;0;0;3
2014;243,00;76;0;0;4;0;76;0;0;4;0;3;0;0;0;0;0;0;0
2014;380,00;252;0;0;3;0;228;0;0;0;0;1;0;0;0;0;0;0;0
2014;716,00;86;0;0;9;0;82;0;0;9;0;3;0;10;0;0;0;0;0
2014;534,00;100;0;0;7;1;100;0;0;7;1;4;0;7;0;0;0;0;0
2014;185,00;92;0;0;11;1;68;0;0;11;1;2;0;0;0;0;8;0;0
2014;258,00;175;0;0;10;1;149;0;0;10;1;3;0;9;0;0;4;4;3
2014;505,00;41;0;0;3;0;32;0;0;3;0;1;0;4;0;0;4;4;3
2014;268,00;160;0;0;11;1;115;0;0;10;1;6;0;8;0;0;8;0;0
2014;602,00;157;7;2;9;1;155;7;2;9;1;2;0;3;0;0;4;0;0
2014;254,00;172;8;9;10;1;172;8;9;10;1;2;0;5;0;0;0;0;0
2014;705,00;114;14;3;7;1;114;14;3;7;1;3;0;7;0;0;3;0;0
2014;133,00;65;10;2;3;0;46;8;2;3;0;1;0;0;0;0;0;0;0
2014;33,00;96;0;0;0;0;96;0;0;0;0;0;0;0;20;0;0;0;0
2014;143,00;67;0;0;0;0;67;0;0;0;0;0;0;0;3;0;0;0;0
2014;36,00;99;0;0;0;0;99;0;0;0;0;0;0;0;30;0;0;0;0
2014;756,00;520;3;2;16;2;495;3;2;16;2;6;0;24;0;0;0;0;0
2014;662,00;594;10;3;15;1;435;10;3;13;1;6;4;19;30;0;18;0;0
2014;192,00;230;0;0;0;0;193;0;0;0;0;1;0;0;0;0;0;0;0
2014;382,00;300;0;0;0;0;300;0;0;0;0;1;0;0;0;0;0;0;0
2014;322,00;631;0;0;0;0;527;0;0;0;0;1;0;0;0;0;0;0;0
2014;478,00;133;0;0;5;0;133;0;0;5;0;4;0;0;0;0;0;0;0
2014;352,00;144;0;0;0;0;128;0;0;0;0;1;0;0;0;17;0;0;0
2014;628,00;412;10;2;12;1;356;10;2;11;1;10;5;40;0;0;0;0;0
2014;291,00;196;0;0;0;0;194;0;0;0;0;0;0;0;90;0;0;0;0
2014;495,00;122;0;0;6;0;90;0;0;6;0;3;0;0;0;0;0;6;0
2014;845,00;349;17;2;12;0;296;12;2;11;0;10;4;12;30;0;0;0;0
2014;498,00;91;3;1;5;0;73;3;1;4;0;3;0;3;0;0;6;0;0
2014;314,00;318;0;0;0;0;177;0;0;0;0;2;0;0;0;0;0;0;0
2014;720,00;99;0;0;5;0;92;0;0;5;0;3;0;5;0;0;5;0;0
2014;721,00;589;14;2;18;1;413;14;2;15;1;13;3;25;30;15;13;0;0
2014;485,00;19;0;1;3;0;19;0;1;3;0;1;0;5;1;0;0;4;3
2014;273,00;240;3;1;16;1;236;3;1;14;1;3;0;1;0;0;16;0;0
2014;846,00;409;10;2;15;1;345;9;2;15;1;11;0;34;1;0;21;0;0
2014;847,00;84;0;0;9;0;80;0;0;9;0;3;0;0;0;0;0;23;3
2014;848,00;181;25;3;8;2;177;25;3;8;2;7;0;11;0;0;5;0;0
2014;864,00;66;0;0;0;0;40;0;0;0;0;0;0;0;0;0;0;0;0
2014;916,00;99;0;0;4;0;70;0;0;3;0;2;0;16;0;0;6;0;0
2014;930,00;107;3;2;4;1;80;3;2;4;1;1;0;8;0;0;0;4;0
2014;954,00;406;14;3;11;0;293;14;3;10;0;5;2;20;0;0;12;0;0
2014;943,00;95;5;1;5;0;91;5;1;5;0;3;0;8;0;0;8;0;0
2014;949,00;1308;46;8;51;4;1169;44;8;43;4;22;7;121;68;8;44;0;0
2014;980,00;116;14;2;6;1;116;14;2;6;1;3;0;7;0;0;6;0;0
2014;981,00;53;0;0;5;0;47;0;0;5;0;1;0;1;0;0;12;8;2
2014;1024,00;252;14;2;16;1;184;11;2;14;1;2;0;26;0;0;0;17;0
2014;1017,00;43;0;0;0;0;43;0;0;0;0;0;0;10;0;0;0;0;0
2014;1000,00;198;0;0;12;1;160;0;0;9;1;3;0;34;0;0;7;0;0
2014;1018,00;117;4;4;8;1;104;3;4;8;0;2;0;17;1;1;0;0;0
2014;1001,00;100;7;2;10;1;58;5;2;9;1;2;0;0;0;0;0;0;0
2014;1007,00;283;12;7;12;0;254;10;7;10;0;8;0;18;30;0;0;20;4
2014;1008,00;202;8;3;7;0;199;8;3;7;0;4;0;18;0;0;0;20;0
2014;1009,00;269;11;8;13;0;221;11;5;12;0;6;0;39;16;0;21;9;0
2014;1010,00;132;4;3;5;0;127;4;3;5;0;4;0;12;0;0;0;15;0
2014;1011,00;98;4;2;5;0;90;4;2;4;0;3;0;9;0;0;18;0;0
2014;1012,00;188;8;8;9;0;175;6;6;9;0;5;0;24;0;0;0;13;0
2014;1013,00;613;24;12;20;2;540;24;12;17;2;10;0;62;25;0;42;0;0
2014;1041,00;160;0;0;0;0;116;0;0;0;0;0;0;0;0;0;0;0;0
2014;1073,00;250;14;6;10;1;155;7;6;10;1;3;1;21;14;0;12;26;10
2014;1087,00;310;6;6;12;1;252;4;6;12;1;4;0;56;0;0;0;0;0
2014;789,00;340;0;0;0;0;340;0;0;0;0;0;0;0;0;0;0;0;0
2014;326,00;130;0;0;0;0;130;0;0;0;0;0;0;0;0;0;0;0;0
2014;442,00;94;4;3;9;1;94;4;3;9;1;2;0;6;0;0;7;7;0
2014;294,00;127;3;1;5;1;127;3;1;5;1;1;0;6;0;0;1;0;0
2014;378,00;59;3;2;5;0;42;3;2;5;0;1;0;1;0;0;0;3;0
2014;402,00;99;0;0;7;1;48;0;0;7;1;3;0;0;0;0;0;0;0
2014;29,00;185;0;0;0;0;173;0;0;0;0;0;0;0;0;0;0;0;0
2014;450,00;56;0;0;4;0;2;0;0;4;0;1;0;0;0;0;5;0;0
2014;656,00;146;4;2;6;0;137;4;2;6;0;4;0;20;12;0;0;12;4
2014;333,00;72;2;1;5;1;72;2;1;5;1;1;0;6;0;0;0;0;0
2014;668,00;149;5;2;6;0;135;5;2;6;0;5;0;7;0;0;0;8;2
2014;684,00;193;4;2;7;0;189;4;2;7;0;6;0;14;4;0;7;0;0
2014;422,00;92;0;0;4;1;25;0;0;3;1;1;0;1;0;0;0;0;1
2014;763,00;1050;70;13;33;2;1014;70;13;32;2;22;2;48;0;0;60;3;3
2014;741,00;605;8;5;20;2;517;8;5;20;2;19;11;82;9;0;64;0;0
2014;553,00;366;14;6;11;1;355;14;6;11;1;6;1;22;0;0;0;6;0
2014;357,00;180;0;0;6;0;160;0;0;6;0;2;0;0;0;0;0;12;1
2014;899,00;70;0;0;0;0;70;0;0;0;0;0;0;0;0;0;0;0;0
2014;900,00;11;0;0;2;0;10;0;0;2;0;1;0;0;0;0;2;0;0
2014;932,00;24;0;0;3;0;22;0;0;3;0;0;0;0;0;0;0;0;0
2014;950,00;6;0;0;1;0;6;0;0;1;0;1;0;0;0;0;0;0;0
2014;966,00;72;2;1;2;1;18;1;1;2;1;2;0;0;0;0;0;0;0
2014;967,00;15;0;0;0;0;9;0;0;0;0;0;0;20;0;0;0;0;0
2014;982,00;133;3;1;5;1;105;0;1;4;1;4;0;11;0;0;4;0;2
2014;1014,00;19;0;0;3;0;19;0;0;3;0;3;0;1;0;0;0;0;0
2014;1048,00;6;0;0;1;0;1;0;0;1;0;0;0;0;0;0;0;0;0
2014;1080,00;126;8;2;7;1;105;8;2;6;1;2;0;8;0;0;0;6;1
2014;1074,00;12;0;0;2;0;12;0;0;2;0;1;0;1;0;0;0;3;2
2014;1084,00;8;0;0;3;0;4;0;0;2;0;1;0;2;0;0;0;0;2
2014;722,00;867;74;12;29;3;867;74;12;26;3;10;3;69;0;0;12;11;2
2014;660,00;330;0;0;12;0;298;0;0;9;0;5;0;10;0;0;21;0;0
2014;75,00;100;0;0;0;0;100;0;0;0;0;0;0;0;40;0;0;0;0
2014;249,00;125;3;2;7;1;118;3;2;7;1;3;0;1;0;0;7;0;0
2014;275,00;94;0;0;1;0;94;0;0;1;0;1;0;0;0;0;0;0;0
2014;227,00;118;6;2;11;1;111;6;2;10;1;2;0;0;0;0;0;15;2
2014;150,00;82;0;0;4;0;82;0;0;4;0;2;0;0;0;0;4;0;0
2014;47,00;50;0;0;0;0;45;0;0;0;0;0;0;0;0;0;0;0;0
2014;172,00;148;0;0;6;0;148;0;0;6;0;1;0;6;0;0;6;0;1
2014;581,00;105;3;2;4;0;103;3;2;4;0;4;0;1;0;0;1;0;0
2014;120,00;39;0;0;1;0;37;0;0;1;0;1;0;0;0;0;0;1;1
2014;445,00;164;0;0;2;0;164;0;0;2;0;0;0;0;0;0;0;0;0
2014;471,00;319;0;0;7;0;271;0;0;5;0;2;0;0;0;0;4;0;0
2014;53,00;80;0;0;0;0;80;0;0;0;0;0;0;0;0;0;0;0;0
2014;199,00;175;0;0;3;0;175;0;0;3;0;1;0;0;0;0;4;0;0
2014;575,00;171;6;7;10;0;165;6;7;10;0;4;0;9;0;0;9;0;0
2014;528,00;98;6;3;4;0;98;6;3;3;0;3;1;2;0;0;5;0;0
2014;631,00;285;6;2;6;0;262;6;2;6;0;4;2;12;0;0;6;0;1
2014;699,00;412;0;0;10;0;366;0;0;10;0;9;2;36;0;0;37;0;0
2014;823,00;30;0;0;3;0;30;0;0;3;0;2;0;0;0;0;3;0;0
2014;849,00;142;0;0;5;0;108;0;0;5;0;3;0;0;0;0;6;0;0
2014;869,00;100;0;0;4;0;90;0;0;4;0;3;0;0;0;0;0;0;0
2014;955,00;50;0;0;0;0;45;0;0;0;0;0;0;0;0;0;0;0;0
2014;983,00;222;0;0;0;0;222;0;0;0;0;0;0;0;0;0;0;0;0
2014;1002,00;60;0;0;0;0;60;0;0;0;0;0;0;0;0;0;0;0;0
2014;1015,00;651;21;8;25;2;538;21;8;25;2;22;0;69;0;0;43;0;0
2014;51,00;28;0;0;0;0;28;0;0;0;0;0;0;0;32;0;0;0;0
2014;441,00;193;0;0;7;0;193;0;0;7;0;3;0;0;0;0;0;0;0
2014;327,00;203;0;0;0;0;203;0;0;0;0;0;0;0;18;38;0;0;0
2014;690,00;234;4;2;15;1;220;4;2;15;1;3;0;24;0;0;2;0;0
2014;262,00;108;2;2;7;0;90;2;2;7;0;2;0;3;0;0;0;7;0
2014;403,00;9;0;0;3;0;9;0;0;3;0;1;0;0;0;0;0;0;0
2014;312,00;155;0;0;0;0;155;0;0;0;0;0;0;0;15;0;0;0;0
2014;589,00;91;2;1;4;0;88;2;1;4;0;6;0;6;0;0;6;0;0
2014;665,00;190;3;2;4;0;178;3;2;4;0;4;0;0;0;0;0;0;0
2014;334,00;21;0;0;0;0;21;0;0;0;0;0;0;0;0;0;0;0;0
2014;1075,00;1097;26;4;31;1;961;26;4;31;1;9;4;76;140;0;0;23;0
2014;751,00;842;11;3;22;1;817;11;3;22;1;10;3;81;20;0;0;26;4
2014;186,00;49;1;0;3;1;49;1;0;3;1;3;0;0;0;0;0;0;0
2014;646,00;100;2;1;2;0;100;2;1;2;0;3;0;10;0;0;2;1;2
2014;536,00;79;1;1;3;0;79;1;1;3;0;5;0;8;0;0;3;1;1
2014;242,00;49;2;1;2;0;49;1;1;2;0;2;0;0;0;0;0;0;0
2014;490,00;190;0;0;5;0;189;0;0;4;0;1;0;1;0;15;15;0;0
2014;500,00;201;3;2;5;1;131;2;2;5;1;4;0;9;0;0;0;0;0
2014;206,00;48;0;0;3;0;48;0;0;3;0;1;0;0;0;0;0;0;0
2014;58,00;36;0;0;0;0;29;0;0;0;0;0;0;0;0;0;0;0;0
2014;572,00;436;12;4;11;0;359;12;4;9;0;10;0;17;50;0;12;0;0
2014;180,00;92;0;0;2;0;81;0;0;2;0;1;0;0;0;0;0;0;0
2014;549,00;103;4;2;3;0;103;4;2;3;0;6;0;6;0;0;0;0;0
2014;582,00;105;3;3;3;0;97;3;3;3;0;3;0;4;0;0;2;0;0
2014;743,00;467;15;2;14;1;436;15;2;13;1;5;3;41;0;0;20;0;0
2014;795,00;120;0;0;5;0;111;0;0;5;0;1;0;0;0;0;7;8;0
2014;269,00;24;0;0;3;0;24;0;0;3;0;1;0;0;0;0;0;0;0
2014;634,00;269;0;0;6;0;195;0;0;6;0;3;0;6;0;0;0;0;0
2014;1,00;66;2;1;4;0;46;2;1;4;0;1;0;2;0;0;0;0;0
2014;717,00;214;8;2;5;0;201;8;2;4;0;4;0;7;15;0;8;0;0
2014;373,00;140;0;0;0;0;138;0;0;0;0;1;0;0;0;0;0;0;0
2014;535,00;177;3;3;7;0;150;3;3;5;0;6;0;9;20;0;0;14;0
2014;824,00;982;32;6;33;2;939;31;5;25;2;43;8;113;12;0;46;1;1
2014;888,00;90;2;1;3;0;90;2;1;3;0;2;0;0;0;0;0;0;0
2014;902,00;19;0;0;1;0;19;0;0;1;0;1;0;0;0;0;0;0;0
2014;968,00;35;0;0;0;0;35;0;0;0;0;0;0;0;0;0;0;0;0
2014;346,00;206;0;0;0;0;206;0;0;0;0;0;0;0;0;0;0;0;0
2014;27,00;97;0;0;0;0;97;0;0;0;0;0;0;0;0;0;0;0;0
2014;165,00;44;2;1;2;0;44;2;1;2;0;1;0;2;0;0;0;0;0
2014;956,00;495;12;2;12;0;464;12;2;9;0;9;0;35;12;0;0;19;0
2014;413,00;53;0;0;0;0;53;0;0;0;0;0;0;0;0;0;0;0;0
2014;149,00;69;0;0;3;0;66;0;0;3;0;1;0;0;0;0;0;16;0
2014;612,00;168;7;3;7;1;163;7;3;7;1;9;0;6;0;0;0;0;0
2014;559,00;116;0;0;4;0;86;0;0;4;0;3;0;0;0;0;0;0;0
2014;7,00;138;0;0;5;0;126;0;0;5;0;1;0;0;0;0;0;0;0
2014;283,00;160;0;0;8;1;160;0;0;8;1;6;0;0;0;0;0;0;0
2014;37,00;64;0;0;0;0;49;0;0;0;0;0;0;0;0;0;0;0;0
2014;153,00;195;0;0;8;1;160;0;0;8;1;5;0;0;0;0;0;0;0
2014;547,00;292;4;5;9;0;230;4;5;8;0;5;0;19;0;0;1;2;1
2014;397,00;80;0;0;0;0;80;0;0;0;0;2;0;0;0;18;0;0;0
2014;556,00;121;6;4;5;0;121;6;4;5;0;4;0;15;0;0;0;0;0
2014;42,00;80;0;0;0;0;80;0;0;0;0;0;0;0;0;0;0;0;0
2014;31,00;241;0;0;0;0;241;0;0;0;0;0;0;0;0;15;0;0;0
2014;740,00;871;40;8;26;1;776;40;8;19;1;14;4;38;37;0;32;0;0
2014;217,00;84;0;0;3;0;43;0;0;3;0;1;0;0;0;0;0;0;0
2014;863,00;60;2;1;3;0;18;1;1;2;0;1;0;0;0;0;0;0;0
2014;889,00;917;0;0;22;2;689;0;0;15;2;14;7;64;0;0;0;23;4
2014;984,00;147;0;0;5;0;127;0;0;5;0;3;0;0;0;0;0;0;0
2014;1106,00;12;0;0;2;0;12;0;0;2;0;1;0;0;0;0;0;0;0
2014;34,00;70;0;0;0;0;68;0;0;0;0;0;0;0;0;0;0;0;0
2014;791,00;120;2;1;5;0;120;0;1;5;0;3;0;0;0;0;0;0;0
2014;181,00;77;0;0;0;0;77;0;0;0;0;1;0;0;0;0;0;0;0
2014;430,00;14;0;0;1;0;14;0;0;1;0;1;0;0;0;0;0;0;0
2014;715,00;573;3;2;12;1;393;3;2;12;1;10;0;13;0;0;0;0;0
2014;521,00;52;0;0;3;0;32;0;0;3;0;4;0;3;0;0;3;5;1
2014;524,00;192;2;1;9;1;192;2;1;9;1;2;0;5;0;0;0;6;2
2014;432,00;40;0;0;2;0;18;0;0;2;0;1;0;0;0;0;0;0;0
2014;19,00;24;3;1;2;0;24;3;1;2;0;0;0;0;0;0;0;0;0
2014;25,00;48;0;0;0;0;47;0;0;0;0;0;0;0;0;0;0;0;0
2014;26,00;84;0;0;0;0;62;0;0;0;0;0;0;0;0;0;0;0;0
2014;890,00;606;18;2;17;1;587;18;2;17;1;21;4;48;20;0;0;15;0
2014;904,00;113;0;1;3;0;96;0;1;3;0;3;0;2;0;0;0;0;0
2014;957,00;1241;21;3;33;4;1171;21;3;32;4;22;4;83;20;0;33;27;2
2014;939,00;933;18;3;26;2;863;18;3;26;2;19;1;19;27;0;0;37;6
2014;236,00;118;1;1;5;0;99;1;1;5;0;0;0;8;0;0;15;0;0
2014;735,00;904;38;6;22;1;779;38;6;22;1;8;6;62;45;0;0;10;2
2014;146,00;267;0;0;0;0;267;0;0;0;0;1;0;0;0;0;0;0;0
2014;363,00;192;0;0;6;1;186;0;0;6;1;1;0;0;0;0;0;0;0
2014;187,00;190;0;0;4;0;190;0;0;4;0;2;0;0;0;0;0;0;0
2014;265,00;71;0;0;2;0;71;0;0;2;0;5;0;0;0;0;0;0;0
2014;295,00;88;0;0;5;0;51;0;0;5;0;2;0;0;0;0;0;0;0
2014;496,00;256;4;2;5;1;153;2;2;4;1;3;0;0;0;0;0;0;0
2014;77,00;99;0;0;0;0;99;0;0;0;0;0;0;0;0;0;0;0;0
2014;391,00;32;0;0;2;0;32;0;0;2;0;1;0;0;0;0;0;0;0
2014;240,00;198;2;1;4;0;175;2;1;4;0;2;0;0;0;0;2;0;0
2014;448,00;38;0;1;2;0;38;0;1;2;0;1;0;0;0;0;0;0;0
2014;151,00;144;0;0;0;0;144;0;0;0;0;1;0;0;0;0;0;0;0
2014;425,00;32;3;1;2;0;28;3;1;2;0;1;0;0;0;0;0;0;0
2014;300,00;49;0;0;2;0;49;0;0;2;0;2;0;0;0;0;0;0;0
2014;339,00;104;1;1;5;1;51;1;1;5;1;3;0;0;0;0;0;0;0
2014;826,00;105;0;0;0;0;75;0;0;0;0;0;0;0;0;0;0;0;0
2014;874,00;198;3;2;5;0;198;3;2;5;0;6;1;3;0;0;0;0;0
2014;905,00;781;18;4;21;3;746;18;4;20;3;7;4;38;0;0;0;24;7
2014;736,00;909;22;3;33;2;903;22;3;24;2;16;0;39;72;0;61;0;0
2014;459,00;30;0;0;2;0;30;0;0;2;0;1;0;0;0;0;0;0;0
2014;320,00;126;0;0;3;0;120;0;0;3;0;1;0;0;0;1;0;8;3
2014;45,00;396;0;0;0;0;396;0;0;0;0;0;0;0;140;57;0;0;0
2014;618,00;132;2;1;5;0;115;2;1;5;0;4;1;12;0;0;20;0;0
2014;463,00;301;0;2;10;0;244;0;0;7;0;6;3;39;15;0;22;0;0
2014;891,00;120;0;3;7;0;93;0;3;7;0;3;0;0;0;0;0;0;0
2014;958,00;375;10;2;9;0;311;10;2;9;0;10;0;26;0;8;18;0;0
2014;244,00;48;1;1;2;0;48;1;1;2;0;2;0;4;0;0;0;0;0
2014;28,00;56;0;0;0;0;52;0;0;0;0;0;0;0;0;0;0;0;0
2014;444,00;27;0;0;5;0;27;0;0;5;0;3;0;2;0;0;4;0;0
2014;479,00;51;0;0;2;0;51;0;0;2;0;1;0;0;0;0;0;36;2
2014;285,00;91;1;2;4;1;91;1;2;4;1;2;0;7;0;0;0;0;0
2014;253,00;141;10;5;10;1;141;8;5;10;1;3;0;0;0;0;2;10;3
2014;481,00;70;3;2;7;1;50;2;2;5;1;3;0;0;0;0;0;0;4
2014;540,00;134;5;3;8;1;125;5;3;8;1;5;0;0;0;0;0;0;0
2014;332,00;10;0;0;2;0;10;0;0;2;0;0;0;0;0;0;0;0;0
2014;41,00;60;0;0;0;0;54;0;0;0;0;0;0;0;0;0;0;0;0
2014;510,00;93;0;0;5;0;42;0;0;5;0;4;0;1;0;0;1;1;1
2014;305,00;12;0;0;2;0;12;0;0;0;0;1;0;2;0;0;0;0;0
2014;708,00;238;8;2;6;0;182;8;2;6;0;6;0;14;0;0;20;0;0
2014;755,00;1359;59;4;52;3;1177;56;4;52;3;23;7;163;20;0;0;96;10
2014;750,00;824;15;3;26;2;774;15;3;26;2;12;5;48;20;0;0;22;8
2014;696,00;589;24;2;15;1;540;22;2;15;1;23;7;76;0;0;11;22;5
2014;434,00;36;3;1;2;0;24;3;1;2;0;3;0;2;0;0;36;0;0
2014;421,00;136;0;0;4;0;82;0;0;3;0;3;0;0;0;0;0;0;0
2014;827,00;184;0;0;0;0;182;0;0;0;0;0;0;0;0;0;0;0;0
2014;933,00;200;0;0;10;0;172;0;0;9;0;8;0;7;0;0;32;0;2
2014;1030,00;128;7;5;18;1;96;7;2;10;1;1;0;5;0;0;0;0;0
2014;1003,00;16;0;0;2;0;16;0;0;2;0;1;0;4;0;0;0;6;2
2014;1050,00;8;0;0;1;0;8;0;0;1;0;3;0;6;0;0;0;2;1
2014;1043,00;112;8;5;8;0;104;8;5;8;0;1;0;0;0;0;0;6;0
2014;934,00;336;5;4;8;0;306;5;4;5;0;7;0;20;0;0;0;16;0
2014;629,00;331;15;2;12;1;301;15;2;12;1;8;0;15;7;0;7;15;3
2014;21,00;156;0;0;0;0;156;0;0;0;0;0;0;0;0;45;0;0;0
2014;615,00;189;2;6;8;0;189;2;6;8;0;0;0;0;0;0;0;0;0
2014;626,00;52;1;1;5;0;52;1;1;5;0;3;0;0;0;0;0;0;0
2014;417,00;29;0;0;2;0;15;0;0;2;0;2;0;5;0;0;0;0;0
2014;597,00;116;2;1;3;0;106;2;1;3;0;3;0;10;0;10;0;6;0
2014;539,00;333;9;7;10;1;325;9;7;8;1;20;0;68;0;20;22;0;0
2014;343,00;44;1;1;3;0;44;1;1;3;0;2;0;0;0;0;0;0;0
2014;135,00;350;0;0;0;0;316;0;0;0;0;0;0;0;0;0;0;0;0
2014;158,00;727;0;0;0;0;594;0;0;0;0;1;0;0;24;20;0;0;0
2014;775,00;237;6;6;7;0;159;6;6;7;0;4;0;14;0;0;0;4;0
2014;177,00;250;0;0;0;0;250;0;0;0;0;1;0;0;0;40;0;0;0
2014;578,00;38;2;1;3;0;38;2;1;3;0;2;0;0;0;0;0;0;0
2014;416,00;112;0;0;2;0;112;0;0;2;0;5;0;0;0;20;0;0;0
2014;561,00;104;2;1;3;0;104;2;1;3;0;4;0;10;0;10;0;12;1
2014;62,00;46;0;0;0;0;46;0;0;0;0;0;0;0;0;24;0;0;0
2014;828,00;85;0;0;0;0;85;0;0;0;0;0;0;0;0;25;0;0;0
2014;860,00;75;3;1;3;0;75;3;1;3;0;3;0;0;0;0;0;8;1
2014;935,00;70;0;0;0;0;70;0;0;0;0;0;0;0;0;20;0;0;0
2014;936,00;25;0;0;0;0;25;0;0;0;0;0;0;0;0;0;0;0;0
2014;986,00;45;0;0;0;0;45;0;0;0;0;0;0;0;40;0;0;0;0
2014;987,00;120;1;1;4;0;120;1;1;4;0;6;0;0;0;0;0;0;0
2014;1021,00;30;0;0;0;0;30;0;0;0;0;0;0;0;0;0;0;0;0
2014;1085,00;70;0;0;0;0;70;0;0;0;0;0;0;0;0;0;0;0;0
2014;658,00;215;4;2;5;0;209;4;2;5;0;4;0;12;0;0;0;7;0
2014;353,00;46;0;0;0;0;46;0;0;0;0;1;0;0;0;15;0;0;0
2014;323,00;150;0;0;0;0;150;0;0;0;0;0;0;0;20;0;0;0;0
2014;620,00;125;3;2;3;0;125;3;2;3;0;3;0;0;0;0;0;0;0
2014;384,00;210;0;0;1;0;175;0;0;1;0;1;0;3;0;0;0;0;0
2014;554,00;332;12;2;10;0;250;10;2;10;0;8;0;16;15;0;0;0;0
2014;209,00;15;0;0;2;0;15;0;0;2;0;2;0;0;0;0;0;0;0
2014;707,00;943;39;3;24;2;819;39;3;20;2;7;7;37;20;12;0;0;0
2014;395,00;10;0;0;1;0;10;0;0;1;0;1;0;0;0;0;0;0;0
2014;969,00;124;0;0;4;0;36;0;0;4;0;2;0;5;0;0;0;0;0
2014;1052,00;32;0;0;0;0;30;0;0;0;0;0;0;0;0;0;0;0;0
2014;739,00;1050;54;8;40;3;961;54;8;40;3;46;4;79;30;0;0;56;0
2014;613,00;531;6;2;18;1;496;6;2;18;1;10;4;28;0;0;0;16;3
2014;593,00;304;0;0;10;0;300;0;0;10;0;6;4;17;0;0;19;0;0
2014;704,00;582;22;3;16;1;540;22;3;16;1;9;4;41;0;0;24;0;0
2014;493,00;33;0;0;6;0;33;0;0;6;0;2;0;0;0;0;0;30;0
2014;686,00;489;8;1;26;2;458;8;1;26;2;5;0;46;0;0;12;10;3
2014;257,00;184;18;3;12;1;166;18;3;12;1;2;0;0;0;0;0;0;0
2014;494,00;71;0;0;5;0;32;0;0;3;0;1;0;0;0;0;0;0;0
2014;681,00;140;0;0;8;0;119;0;0;8;0;2;0;37;0;0;0;0;0
2014;286,00;118;10;2;11;1;100;5;2;10;1;3;0;0;0;0;0;0;0
2014;255,00;83;2;1;7;1;83;2;1;7;1;3;0;9;0;0;11;3;0
2014;79,00;50;0;0;0;0;50;0;0;0;0;0;0;0;0;0;0;0;0
2014;81,00;76;0;0;0;0;75;0;0;0;0;0;0;0;0;0;0;0;0
2014;688,00;236;6;2;6;0;236;6;2;6;0;6;1;11;0;0;0;6;1
2014;531,00;253;7;2;8;0;232;7;2;8;0;6;2;23;0;0;0;8;0
2014;514,00;56;0;1;3;0;38;0;1;3;0;3;0;2;0;0;0;14;0
2014;499,00;230;0;0;8;0;111;0;0;7;0;5;0;0;0;0;0;0;0
2014;532,00;252;4;2;11;0;243;4;2;11;0;7;1;15;0;0;0;23;1
2014;190,00;183;0;0;0;0;142;0;0;0;0;3;0;0;0;0;0;0;0
2014;598,00;113;4;1;3;0;83;4;1;3;0;5;0;8;0;0;0;6;0
2014;260,00;300;15;5;21;1;228;15;5;21;1;5;0;0;0;0;0;0;0
2014;838,00;11;0;0;1;0;11;0;0;1;0;1;0;0;0;0;0;0;0
2014;839,00;96;2;1;4;0;25;0;0;4;0;1;0;16;0;0;0;0;0
2014;851,00;7;0;0;2;0;7;0;0;2;0;0;0;0;0;0;2;0;0
2014;852,00;301;4;5;14;1;301;4;5;14;1;3;5;15;1;0;0;30;0
2014;988,00;125;0;0;0;0;125;0;0;0;0;1;0;12;20;0;0;0;0
2014;1056,00;354;7;2;12;1;226;7;2;12;1;4;4;24;0;0;5;0;0
2014;1044,00;80;0;0;0;0;57;0;0;0;0;0;0;0;0;0;0;0;0
2014;644,00;640;17;6;19;0;583;17;6;19;0;9;2;26;26;0;23;0;2
2014;752,00;777;8;2;17;2;700;8;2;17;2;16;8;34;30;0;0;0;0
2014;238,00;80;0;0;10;0;80;0;0;10;0;3;0;5;0;0;18;0;10
2014;325,00;240;0;0;0;0;240;0;0;0;0;0;0;0;0;0;0;0;0
2014;622,00;119;3;2;4;0;99;3;2;3;0;2;0;2;0;0;0;0;0
2014;879,00;92;2;1;4;0;92;2;1;4;0;1;0;0;0;0;0;0;0
2014;906,00;95;4;1;4;1;95;4;1;4;1;1;0;6;0;0;0;0;0
2014;370,00;253;0;0;0;0;185;0;0;0;0;2;0;0;0;0;0;0;0
2014;418,00;44;0;0;3;0;44;0;0;3;0;2;0;0;0;0;0;0;0
2014;574,00;23;0;0;2;0;23;0;0;2;0;2;0;0;0;0;0;0;0
2014;399,00;70;0;0;5;0;70;0;0;5;0;1;0;2;0;0;2;2;1
2014;195,00;42;0;0;3;0;40;0;0;3;0;1;0;0;0;0;0;0;0
2014;783,00;683;12;3;18;4;679;12;3;18;4;10;20;51;4;0;36;14;5
2014;263,00;74;1;2;4;0;72;1;2;4;0;1;0;11;0;0;1;0;1
2014;194,00;48;0;0;3;0;30;0;0;2;0;1;0;0;0;0;0;0;0
2014;785,00;932;30;8;35;2;867;30;8;35;2;11;10;116;11;0;21;0;1
2014;780,00;128;0;0;6;0;112;0;0;6;0;2;5;15;0;0;15;0;1
2014;782,00;394;0;0;15;1;364;0;0;15;1;8;4;32;10;0;30;0;1
2014;369,00;179;0;0;0;0;129;0;0;0;0;1;0;0;0;0;0;0;0
2014;84,00;35;0;0;0;0;25;0;0;0;0;0;0;0;0;0;0;0;0
2014;713,00;100;0;0;5;1;94;0;0;5;1;4;0;0;0;0;0;11;2
2014;941,00;24;0;0;0;0;24;0;0;0;0;0;0;0;3;0;0;0;0
2014;1091,00;404;0;0;0;0;404;0;0;0;0;0;0;0;423;0;0;0;0
2014;1045,00;100;3;2;7;1;65;3;1;4;1;2;0;1;0;0;9;0;1
2014;1086,00;157;4;2;8;1;154;3;2;8;1;1;0;18;0;0;1;18;2
2014;937,00;600;4;6;15;0;417;4;4;9;0;13;0;27;7;0;0;34;0
2014;1004,00;44;3;1;3;0;44;3;1;3;0;0;0;1;0;0;0;0;0
2014;737,00;809;7;3;18;1;757;7;3;17;1;8;4;16;25;0;17;0;0
2014;765,00;1290;29;3;36;2;1163;29;3;35;2;19;8;52;0;0;0;0;0
2014;329,00;260;0;0;7;0;222;0;0;5;0;3;5;6;0;0;19;0;0
2014;87,00;215;0;0;0;0;204;0;0;0;0;0;0;0;0;0;0;0;0
2014;527,00;154;0;0;8;0;141;0;0;6;0;2;0;0;0;24;0;0;0
2014;562,00;157;0;0;7;1;106;0;0;7;1;3;0;0;0;0;0;0;0
2014;251,00;90;2;3;5;1;90;2;3;5;1;3;0;0;0;0;0;0;0
2014;129,00;280;0;0;0;0;280;0;0;0;0;0;0;0;0;0;0;0;0
2014;154,00;144;0;0;0;0;144;0;0;0;0;1;0;0;0;25;0;0;0
2014;516,00;113;4;1;8;1;113;4;1;8;1;2;0;7;0;0;0;0;0
2014;184,00;36;0;1;4;0;36;0;1;4;0;2;0;0;0;0;0;0;0
2014;652,00;200;0;0;5;0;116;0;0;5;0;3;0;0;0;0;0;0;0
2014;637,00;122;4;2;5;0;114;4;2;2;0;5;0;12;0;0;0;6;0
2014;88,00;43;0;0;0;0;43;0;0;0;0;0;0;0;0;0;0;0;0
2014;907,00;39;0;0;0;0;39;0;0;0;0;0;0;0;0;0;0;0;0
2014;970,00;50;0;0;0;0;50;0;0;0;0;0;0;0;50;0;0;0;0
2014;1019,00;32;0;0;2;0;17;0;0;2;0;2;0;0;0;0;0;0;0
2014;1016,00;68;2;2;5;1;68;2;2;5;1;1;0;0;0;0;0;0;0
2014;1047,00;252;10;3;7;0;180;10;3;6;0;3;0;10;0;0;0;10;0
2014;635,00;168;12;2;4;0;165;12;2;4;0;5;0;4;2;0;0;0;0
