"año";"NCODI";"biopsias_hosp";"biopsias_CEP";"necropsias_hosp";"angio_hosp";"angio_CEP";"densiometrias_hosp";"densiometrias_CEP";"gamma_hosp";"gamma_CEP";"mamo_hosp";"mamo_CEP";"pet_hosp";"pet_CEP";"resonancia_hosp";"resonancia_CEP";"rx_hosp";"rx_CEP";"spect_hosp";"spect_CEP";"tac_hosp";"tac_CEP";"Colonosopia";"Broncoscopia";"ERCP"
2014;113,00;0;0;0;0;0;0;0;0;0;0;0;0;0;0;0;0;0;0;0;0;0;0;0;0
2014;619,00;0;0;0;0;0;0;0;0;0;1204;0;0;0;4050;0;10872;0;0;0;1260;0;0;0;0
2014;163,00;1;0;0;0;0;759;0;0;0;997;0;0;0;5431;0;7286;0;0;0;1709;0;;;
2014;131,00;0;0;0;0;0;0;0;0;0;0;0;0;0;0;0;0;0;0;0;0;0;;;
2014;375,00;0;0;0;0;0;0;0;0;0;0;0;0;0;0;0;2212;0;0;0;0;0;0;0;0
2014;1090,00;34136;0;178;52;0;0;0;0;0;4193;0;0;0;0;0;135921;0;0;0;24384;0;0;0;0
2014;764,00;20744;0;35;451;0;2681;0;0;0;5420;0;0;0;6512;0;188507;0;0;0;24687;0;3047;586;446
2014;14,00;0;0;0;0;0;0;0;0;0;0;0;0;0;0;0;0;0;0;0;0;0;406;0;0
2014;657,00;4807;0;0;0;0;0;0;0;0;1429;0;0;0;0;0;41419;0;0;0;5024;0;1280;56;0
2014;362,00;2500;0;0;0;0;0;0;1167;0;23216;0;0;0;6864;0;8991;0;0;0;1788;0;487;0;0
2014;989,00;0;0;0;0;0;0;0;0;0;1060;0;0;0;0;0;29832;0;0;0;4471;0;819;55;0
2014;990,00;0;0;0;0;0;0;0;0;0;1241;0;0;0;0;0;45538;0;0;0;4935;0;903;266;0
2014;680,00;26316;0;32;3878;0;4592;0;0;0;6284;0;0;0;9701;0;163248;25484;0;0;23204;0;3871;1003;219
2014;411,00;5928;0;0;298;0;5238;0;0;0;3346;0;0;0;6451;0;30481;0;0;0;4559;0;987;25;18
2014;241,00;2676;0;0;0;0;0;0;0;0;297;0;0;0;0;0;20855;0;0;0;0;0;0;0;0
2014;558,00;9073;0;5;0;0;2741;0;0;0;4309;0;0;0;8220;0;73400;0;0;0;10720;0;1607;196;100
2014;167,00;0;0;0;0;0;136;0;0;0;0;0;0;0;0;0;1208;0;0;0;20;0;0;0;0
2014;248,00;1815;0;0;202;0;606;0;1334;0;923;0;1007;0;16104;0;23664;0;0;0;10178;0;536;33;0
2014;224,00;893;0;0;0;0;534;0;0;0;1015;0;0;0;1812;0;9516;0;0;0;1489;0;337;0;0
2014;591,00;16483;0;14;0;0;2564;0;0;0;2525;0;0;0;8515;0;79939;0;0;0;12775;0;3030;306;121
2014;586,00;18462;0;26;0;0;2122;0;0;0;5090;0;0;0;6216;0;149621;0;0;0;21130;0;3019;205;130
2014;453,00;0;0;0;0;0;0;0;0;0;0;0;0;0;0;0;19394;0;0;0;3510;0;588;11;0
2014;145,00;0;0;0;0;0;0;0;0;0;0;0;0;0;0;0;0;0;0;0;0;0;0;0;0
2014;511,00;12958;0;8;0;0;0;0;0;0;4243;0;0;0;0;0;74887;16958;0;0;11849;0;3510;247;75
2014;530,00;17711;0;18;0;0;0;0;0;0;2073;0;0;0;7003;0;67787;29661;0;0;13581;0;5494;309;91
2014;6,00;742;0;0;164;0;1931;0;984;0;3302;0;453;0;8358;0;18609;0;0;0;5119;0;0;10;0
2014;161,00;0;0;0;0;0;0;0;0;0;0;0;0;0;0;0;0;0;0;0;0;0;0;0;0
2014;623,00;17624;0;4;0;0;0;4819;9941;0;9679;0;0;0;5442;0;108897;18676;0;0;18654;0;2239;1554;55
2014;489,00;130;0;0;0;0;0;0;0;0;121;0;0;0;250;0;1548;0;0;0;140;0;10;0;0
2014;875,00;3570;0;0;8;0;1295;0;395;0;2615;0;290;0;4720;0;37878;0;47;0;6119;0;945;81;13
2014;940,00;0;0;0;0;0;0;0;0;0;0;0;0;0;0;0;0;0;0;0;0;0;0;0;0
2014;946,00;4533;0;0;156;0;992;0;282;0;1877;0;0;0;5471;0;24758;0;0;0;3995;0;647;44;12
2014;1023,00;14450;0;11;784;0;6006;0;0;0;4394;0;0;0;6338;0;132705;0;0;0;15872;0;3869;341;112
2014;1054,00;9642;0;0;1548;0;4241;0;0;0;3263;0;0;0;6931;0;79504;0;0;0;12473;0;1590;146;0
2014;1057,00;0;0;0;0;0;0;0;0;0;0;0;0;0;0;0;1679;0;0;0;341;0;0;0;0
2014;1031,00;0;0;0;0;0;0;0;0;0;0;0;0;0;0;0;0;0;0;0;0;0;0;0;0
2014;1032,00;13196;0;3;478;0;4131;0;0;0;3691;0;2982;0;5497;0;130903;0;1630;0;13571;0;2952;572;144
2014;1064,00;3451;0;0;138;0;949;0;0;0;2051;0;0;0;7430;0;23248;0;0;0;3325;0;542;21;27
2014;226,00;2361;0;0;180;0;1808;0;349;0;1975;0;0;0;7946;0;8458;0;0;0;2258;0;2001;0;0
2014;687,00;11428;0;2;0;0;0;0;0;0;4475;0;0;0;8497;0;90556;0;0;0;6639;0;1742;149;0
2014;745,00;11452;0;29;913;0;228;0;3131;0;8270;15385;0;0;4092;0;165074;81271;1274;0;15463;4322;3964;624;325
2014;109,00;5129;0;0;0;0;1345;0;0;0;1766;0;0;0;5188;0;29107;0;0;0;3681;0;1230;0;0
2014;808,00;14956;0;3;0;0;0;0;0;0;9862;0;0;0;7598;0;92424;0;0;0;9658;0;3082;304;120
2014;971,00;2388;0;0;0;0;0;0;0;0;443;0;0;0;0;0;30479;0;0;0;1287;0;661;0;0
2014;128,00;0;0;0;0;0;443;0;0;0;1052;0;0;0;0;0;14655;0;0;0;0;0;168;0;0
2014;919,00;11841;0;13;0;0;971;0;0;0;7864;0;0;0;9289;0;88013;15147;0;0;17531;0;2692;199;92
2014;725,00;23597;0;19;280;0;3320;0;0;0;5230;0;2384;0;8622;0;133520;0;7772;0;19973;0;3183;594;328
2014;3,00;0;0;0;0;0;0;0;0;0;0;0;0;0;0;0;0;0;0;0;0;0;0;0;0
2014;306,00;25;0;0;0;0;0;0;0;0;0;0;0;0;0;0;0;0;0;0;0;0;12;20;0
2014;15,00;585;0;0;0;0;0;0;0;0;117;0;0;0;0;0;2452;0;0;0;0;0;51;0;0
2014;264,00;0;0;0;0;0;0;0;0;0;819;0;0;0;10;0;20274;0;0;0;3752;0;488;38;0
2014;867,00;0;0;0;0;0;0;0;0;0;828;0;0;0;0;0;7338;0;0;0;0;0;361;0;0
2014;910,00;7877;0;4;0;0;0;0;0;0;4205;0;0;0;3942;0;70455;0;0;0;9094;0;1342;105;0
2014;1053,00;11419;0;6;0;0;0;0;0;0;6250;0;0;0;3971;0;76060;7355;0;0;11283;0;3316;184;0
2014;1055,00;13093;0;6;0;0;3300;0;0;0;7520;0;0;0;4325;0;115231;0;0;0;15326;0;1977;270;0
2014;1081,00;0;0;0;0;0;0;0;0;0;0;0;0;0;0;0;0;0;0;0;0;0;0;0;0
2014;1099,00;0;0;0;0;0;78;0;0;0;136;0;0;0;561;0;1405;0;0;0;449;0;7;0;0
2014;529,00;0;0;0;0;0;0;0;0;0;0;0;0;0;0;0;1370;0;0;0;0;0;0;0;0
2014;345,00;0;0;0;0;0;0;0;0;0;0;0;0;0;0;0;0;0;0;0;0;0;0;0;0
2014;515,00;0;0;0;0;0;0;0;0;0;0;0;0;0;2716;0;21217;0;0;0;539;0;0;0;0
2014;174,00;0;0;0;0;0;0;0;0;0;0;0;0;0;0;0;0;0;0;0;0;0;1752;0;0
2014;523,00;0;0;0;0;0;0;0;0;0;0;0;0;0;0;0;12136;0;0;0;0;0;0;0;0
2014;697,00;0;0;0;80;0;3500;0;1067;0;7683;0;492;0;11398;0;75081;0;183;0;8413;0;1380;52;30
2014;239,00;6654;0;0;0;0;997;0;0;0;3033;0;0;0;7831;0;32644;0;0;0;7252;0;1269;45;24
2014;287,00;3803;0;0;61;0;2964;0;749;0;4508;0;0;0;9577;0;55487;0;119;0;7027;0;2444;81;0
2014;377,00;0;0;0;0;0;0;0;0;0;0;0;0;0;0;0;3803;0;0;0;0;0;0;0;0
2014;692,00;8580;0;9;0;0;491;0;0;0;5240;0;0;0;2938;0;68723;0;0;0;7421;0;1472;141;0
2014;335,00;0;0;0;0;0;0;0;0;0;0;0;0;0;0;0;0;0;0;0;0;0;0;0;0
2014;435,00;1925;0;11;0;0;505;0;0;0;0;0;0;0;4979;0;25581;0;0;0;2877;0;355;9;1
2014;423,00;0;0;0;0;0;223;0;0;0;485;0;0;0;2125;0;11166;0;0;0;1578;0;0;0;0
2014;351,00;0;0;0;0;0;0;0;0;0;799;0;0;0;1637;0;18424;0;0;0;1394;0;124;27;0
2014;810,00;0;0;0;0;0;54;0;0;0;833;0;0;0;0;0;10725;0;0;0;996;0;0;0;0
2014;830,00;9283;0;6;0;0;0;0;0;0;1702;0;0;0;0;0;67352;0;0;0;7476;0;1127;208;25
2014;892,00;17487;0;102;70;0;1261;0;0;0;4782;0;0;0;5843;0;106534;0;0;0;15435;0;1389;366;74
2014;921,00;5141;0;3;0;0;2960;0;0;0;6554;0;0;0;14544;0;57254;0;264;0;10287;0;1585;28;11
2014;991,00;0;0;0;0;0;0;0;0;0;363;0;0;0;0;0;5784;0;0;0;0;0;0;0;0
2014;992,00;7190;0;8;0;0;0;0;0;0;1336;0;0;0;4509;0;54978;0;0;0;6270;0;1163;84;34
2014;993,00;5061;0;2;0;0;907;0;0;0;1101;0;0;0;3819;0;29769;17585;0;0;5158;0;854;68;0
2014;1070,00;25168;0;139;1085;0;607;0;6544;0;6377;0;1880;0;22723;0;171680;0;1062;0;28548;0;2897;925;195
2014;1095,00;79;0;0;0;0;0;0;0;0;184;0;0;0;630;0;5336;0;0;0;848;0;68;3;0
2014;1094,00;0;0;0;0;0;0;0;0;0;105;0;0;0;1640;0;1815;0;0;0;255;0;144;0;0
2014;473,00;0;0;0;0;0;0;0;0;0;0;0;0;0;0;0;14643;0;0;0;0;0;0;0;0
2014;663,00;21721;0;0;1837;0;2683;0;2246;0;17246;0;326;0;13461;0;101995;6822;766;0;26234;0;0;0;0
2014;552,00;0;0;0;1014;0;1406;0;0;0;8433;0;0;0;0;0;28339;0;0;0;5716;0;0;0;0
2014;772,00;42057;0;342;3633;0;4554;0;7323;0;8569;0;2279;0;20764;0;230085;0;0;0;37431;0;0;0;0
2014;568,00;0;0;0;0;0;0;0;0;0;0;0;0;0;6476;0;17051;0;0;0;1607;0;0;0;0
2014;398,00;193;0;0;0;0;0;0;0;0;0;0;0;0;7355;0;11084;0;0;0;4347;0;0;0;0
2014;394,00;0;0;0;0;0;0;0;0;0;0;0;0;0;1075;0;7043;0;0;0;0;0;0;0;0
2014;614,00;0;0;0;0;0;0;0;0;0;0;0;0;0;0;0;0;0;0;0;0;0;0;0;0
2014;235,00;0;0;0;0;0;0;0;0;0;0;0;0;0;0;0;9901;0;0;0;0;0;0;0;0
2014;616,00;3776;0;0;0;0;0;0;0;0;0;0;0;0;0;0;0;0;0;0;0;0;0;0;0
2014;267,00;0;0;0;0;0;0;0;0;0;0;0;0;0;0;0;0;0;0;0;0;0;0;0;0
2014;565,00;2339;0;0;0;0;0;0;0;0;512;0;0;0;0;0;16992;0;0;0;2911;0;0;0;0
2014;220,00;0;0;0;259;0;221;0;0;0;560;0;0;0;0;0;12546;0;0;0;1963;0;0;0;0
2014;278,00;0;0;0;0;0;0;0;0;0;0;0;0;0;0;0;0;0;0;0;0;0;0;0;0
2014;107,00;0;0;0;0;0;0;0;0;0;0;0;0;0;0;0;0;0;0;0;0;0;0;0;0
2014;711,00;21558;0;67;671;0;4036;0;0;0;21763;0;2659;0;10047;0;103151;0;5514;0;29186;0;0;0;0
2014;204,00;0;0;0;0;0;0;0;0;0;103;0;0;0;0;0;805;0;0;0;0;0;0;0;0
2014;579,00;695;0;0;0;0;0;0;0;0;0;0;0;0;0;0;46922;0;0;0;2;0;0;0;0
2014;348,00;30;0;0;0;0;0;0;0;0;0;0;0;0;0;0;2628;0;0;0;0;0;0;0;0
2014;766,00;3240;0;0;197;0;0;0;438;0;0;0;0;0;361;0;24699;0;0;0;3698;0;0;0;0
2014;761,00;0;0;0;0;0;0;0;0;0;0;0;0;0;0;0;0;0;0;0;0;0;0;0;0
2014;728,00;9152;0;2;0;0;0;0;1392;0;5759;0;0;0;6861;0;109896;0;0;0;12400;0;0;0;0
2014;280,00;0;0;0;0;0;2628;0;5309;0;8239;0;0;0;19410;0;56250;0;0;0;11543;0;0;0;0
2014;222,00;0;0;0;0;0;226;0;0;0;1385;0;0;0;0;0;9035;0;0;0;1503;0;0;0;0
2014;276,00;13739;0;25;0;0;3251;0;3909;0;6971;0;1340;0;15261;0;108192;0;0;0;26470;0;0;0;0
2014;11,00;3040;0;0;0;0;2104;0;4310;0;6252;0;387;0;7345;0;15210;0;2593;0;12024;0;0;0;0
2014;302,00;0;0;0;0;0;0;0;0;0;3110;0;0;0;0;0;0;0;0;0;0;0;0;0;0
2014;682,00;4313;0;0;0;0;413;0;0;0;267;0;0;0;3123;0;27337;0;0;0;5312;0;0;0;0
2014;279,00;12319;0;28;0;0;0;0;0;0;0;0;0;0;21614;0;84025;0;0;0;20493;0;0;0;0
2014;282,00;23126;0;0;808;0;2019;0;0;0;8869;0;1687;0;24229;0;88780;0;2051;0;19570;0;0;0;0
2014;281,00;5048;0;3;312;0;0;0;0;0;0;0;0;0;1399;0;43115;0;0;0;7180;0;0;0;0
2014;183,00;0;0;0;0;0;768;0;0;0;397;0;0;0;1685;0;8061;0;0;0;483;0;0;0;0
2014;610,00;0;0;0;1282;0;0;0;0;0;0;0;0;0;0;0;3840;0;0;0;0;0;0;0;0
2014;116,00;0;0;0;0;0;0;0;0;0;0;0;0;0;0;0;0;0;0;0;0;0;0;0;0
2014;115,00;0;0;0;0;0;0;0;0;0;0;0;0;0;0;0;191;0;0;0;0;0;0;0;0
2014;114,00;0;0;0;0;0;0;0;0;0;0;0;0;0;0;0;0;0;0;0;0;0;0;0;0
2014;119,00;0;0;0;0;0;9;0;0;0;494;0;0;0;0;0;730;0;0;0;0;0;0;0;0
2014;770,00;25770;0;65;3341;0;7014;0;0;0;19231;0;0;0;14339;0;364097;0;8367;0;26501;0;0;0;0
2014;583,00;4523;0;0;0;0;1453;0;0;0;5197;0;0;0;3680;0;66414;0;0;0;6526;0;0;0;0
2014;136,00;0;0;0;0;0;0;0;0;0;0;0;0;0;0;0;86;0;0;0;0;0;0;0;0
2014;469,00;2610;0;0;0;0;0;0;0;0;2566;0;0;0;0;0;29350;0;0;0;2636;0;0;0;0
2014;642,00;9443;0;0;0;0;0;0;0;0;7542;0;0;0;0;0;72342;0;0;0;10329;0;0;0;0
2014;674,00;4534;0;72;306;0;813;0;0;0;4559;0;0;0;5881;0;50434;2046;0;0;4902;0;0;0;0
2014;193,00;0;0;0;0;0;0;0;0;0;0;0;0;0;0;0;1502;0;0;0;0;0;0;0;0
2014;526,00;15936;0;24;0;0;0;0;0;0;12647;0;0;0;5014;0;106059;0;0;0;12110;0;0;0;0
2014;698,00;36492;0;93;1205;0;7129;0;11850;0;5903;0;0;0;0;0;140887;0;0;0;31963;0;0;0;0
2014;630,00;4684;0;6;0;0;0;0;0;0;4773;0;0;0;6424;0;10600;0;0;0;4881;0;0;0;0
2014;124,00;0;0;0;0;0;0;0;0;0;0;0;0;0;0;0;0;0;0;0;0;0;0;0;0
2014;364,00;0;0;0;0;0;0;0;0;0;0;0;0;0;0;0;0;0;0;0;0;0;0;0;0
2014;439,00;0;0;0;0;0;0;0;0;0;897;0;0;0;0;0;30503;0;0;0;2319;0;0;0;0
2014;570,00;14123;0;14;0;0;0;0;0;0;3440;0;0;0;812;0;122888;0;0;0;14931;0;0;0;0
2014;123,00;0;0;0;0;0;0;0;0;0;0;0;0;0;0;0;0;0;0;0;0;0;0;0;0
2014;310,00;0;0;0;0;0;0;0;0;0;0;0;0;0;0;0;0;0;0;0;0;0;0;0;0
2014;571,00;0;0;0;258;0;0;0;0;0;6584;0;0;0;0;0;61012;0;0;0;5058;0;0;0;0
2014;296,00;0;0;0;0;0;0;0;0;0;724;0;0;0;0;0;6940;0;0;0;0;0;0;0;0
2014;566,00;0;0;0;0;0;0;0;0;0;8133;0;0;0;6046;0;55071;0;0;0;8374;0;0;0;0
2014;784,00;17163;0;115;0;0;0;0;11417;0;28735;0;750;0;20894;0;156516;0;0;0;27455;0;0;0;0
2014;102,00;0;0;0;0;0;0;0;0;0;0;0;0;0;0;0;1114;0;0;0;0;0;0;0;0
2014;379,00;0;0;0;0;0;0;0;0;0;0;0;0;0;0;0;0;0;0;0;0;0;0;0;0
2014;639,00;16328;0;0;0;0;509;0;0;0;6320;0;0;0;3903;0;70838;0;0;0;8288;0;0;0;0
2014;457,00;1591;0;1;0;0;0;0;0;0;884;0;0;0;0;0;27307;0;0;0;3338;0;0;0;0
2014;609,00;15567;0;30;989;0;2184;0;0;0;6365;0;0;0;9890;0;70054;0;144;0;13159;0;0;0;0
2014;101,00;0;0;0;0;0;0;0;0;0;0;0;0;0;0;0;0;0;0;0;0;0;0;0;0
2014;454,00;5696;0;9;0;0;0;0;0;0;2375;0;0;0;5914;0;44451;0;0;0;8453;0;0;0;0
2014;318,00;0;0;0;0;0;0;0;0;0;0;0;0;0;0;0;0;0;0;0;0;0;0;0;0
2014;600,00;0;0;0;0;0;1070;0;0;0;5363;0;0;0;0;0;56151;0;0;0;7344;0;0;0;0
2014;545,00;9556;0;27;841;0;442;0;0;0;7687;0;0;0;4114;0;70755;0;0;0;9431;0;0;0;0
2014;100,00;0;0;0;0;0;0;0;0;0;0;0;0;0;0;0;0;0;0;0;0;0;0;0;0
2014;702,00;14010;0;54;0;0;0;0;0;0;14073;0;0;0;9112;0;165059;0;0;0;17722;0;0;0;0
2014;778,00;8968;0;23;0;0;0;0;0;0;10377;0;0;0;3856;0;47008;0;0;0;10879;0;0;0;0
2014;341,00;0;0;0;0;0;0;0;0;0;790;0;0;0;0;0;11150;0;0;0;0;0;0;0;0
2014;99,00;0;0;0;0;0;0;0;0;0;0;0;0;0;0;0;0;0;0;0;0;0;0;0;0
2014;767,00;0;0;0;0;0;0;0;0;0;2089;0;0;0;5040;0;58020;0;0;0;7579;0;0;0;0
2014;359,00;0;0;0;0;0;1910;0;0;0;4897;0;0;0;0;0;25944;0;0;0;0;0;0;0;0
2014;98,00;0;0;0;0;0;0;0;0;0;0;0;0;0;0;0;0;0;0;0;0;0;0;0;0
2014;132,00;0;0;0;0;0;0;0;0;0;0;0;0;0;0;0;0;0;0;0;0;0;0;0;0
2014;97,00;0;0;0;0;0;0;0;0;0;0;0;0;0;0;0;0;0;0;0;0;0;0;0;0
2014;103,00;0;0;0;0;0;0;0;0;0;0;0;0;0;0;0;0;0;0;0;0;0;0;0;0
2014;110,00;0;0;0;0;0;0;0;0;0;0;0;0;0;0;0;0;0;0;0;0;0;0;0;0
2014;94,00;0;0;0;0;0;0;0;0;0;0;0;0;0;0;0;0;0;0;0;0;0;0;0;0
2014;91,00;0;0;0;0;0;0;0;0;0;0;0;0;0;0;0;0;0;0;0;0;0;0;0;0
2014;664,00;9012;0;46;138;0;0;0;0;0;1869;0;0;0;8094;0;89662;0;0;0;15035;0;0;0;0
2014;918,00;34335;0;311;2493;0;5617;0;7399;0;16577;0;2737;0;27134;0;205603;0;3702;0;69391;0;0;0;0
2014;92,00;0;0;0;0;0;0;0;0;0;0;0;0;0;0;0;0;0;0;0;0;0;0;0;0
2014;95,00;0;0;0;0;0;0;0;0;0;0;0;0;0;0;0;0;0;0;0;0;0;0;0;0
2014;96,00;0;0;0;0;0;0;0;0;0;0;0;0;0;0;0;0;0;0;0;0;0;0;0;0
2014;301,00;0;0;0;0;0;0;0;0;0;0;0;0;0;0;0;10594;0;0;0;0;0;0;0;0
2014;492,00;0;0;0;0;0;0;0;0;0;7987;0;0;0;0;0;46331;0;0;0;8760;0;0;0;0
2014;811,00;0;0;0;0;0;0;0;0;0;0;0;0;0;0;0;1;0;0;0;0;0;0;0;0
2014;812,00;0;0;0;0;0;0;0;0;0;0;0;0;0;0;0;0;0;0;0;0;0;0;0;0
2014;832,00;0;0;0;0;0;0;0;0;0;0;0;0;0;0;0;0;0;0;0;0;0;0;0;0
2014;841,00;0;0;0;0;0;0;0;0;0;0;0;0;0;0;0;0;0;0;0;0;0;0;0;0
2014;856,00;0;0;0;0;0;0;0;0;0;0;0;0;0;0;0;0;0;0;0;0;0;0;0;0
2014;859,00;0;0;0;0;0;0;0;0;0;0;0;0;0;0;0;0;0;0;0;0;0;0;0;0
2014;861,00;0;0;0;0;0;0;0;0;0;0;0;0;0;0;0;0;0;0;0;0;0;0;0;0
2014;880,00;0;0;0;0;0;0;0;0;0;0;0;0;0;0;0;0;0;0;0;0;0;0;0;0
2014;883,00;0;0;0;0;0;0;0;0;0;0;0;0;0;0;0;0;0;0;0;0;0;0;0;0
2014;884,00;0;0;0;0;0;0;0;0;0;0;0;0;0;0;0;0;0;0;0;0;0;0;0;0
2014;877,00;0;0;0;0;0;0;0;0;0;0;0;0;0;0;0;0;0;0;0;0;0;0;0;0
2014;911,00;0;0;0;0;0;0;0;0;0;0;0;0;0;0;0;0;0;0;0;0;0;0;0;0
2014;913,00;0;0;0;0;0;0;0;0;0;0;0;0;0;0;0;0;0;0;0;0;0;0;0;0
2014;922,00;6498;0;0;0;0;1523;0;0;0;2443;0;0;0;8474;0;22141;0;0;0;6225;0;0;0;0
2014;923,00;0;0;0;0;0;0;0;0;0;0;0;0;0;0;0;0;0;0;0;0;0;0;0;0
2014;924,00;0;0;0;0;0;0;0;0;0;0;0;0;0;0;0;0;0;0;0;0;0;0;0;0
2014;947,00;0;0;0;0;0;0;0;0;0;0;0;0;0;0;0;0;0;0;0;0;0;0;0;0
2014;951,00;0;0;0;0;0;0;0;0;0;0;0;0;0;0;0;0;0;0;0;0;0;0;0;0
2014;1103,00;0;0;0;0;0;0;0;0;0;0;0;0;0;0;0;0;0;0;0;0;0;;;
2014;972,00;0;0;0;0;0;0;0;0;0;0;0;0;0;0;0;0;0;0;0;0;0;0;0;0
2014;973,00;1109;0;0;46;0;472;0;0;0;680;0;0;0;11903;0;10207;0;0;0;3206;0;0;0;0
2014;974,00;0;0;0;0;0;0;0;0;0;0;0;0;0;0;0;0;0;0;0;0;0;0;0;0
2014;975,00;0;0;0;0;0;0;0;0;0;0;0;0;0;0;0;0;0;0;0;0;0;0;0;0
2014;960,00;0;0;0;0;0;0;0;0;0;0;0;0;0;0;0;0;0;0;0;0;0;0;0;0
2014;1028,00;0;0;0;0;0;0;0;0;0;0;0;0;0;0;0;0;0;0;0;0;0;0;0;0
2014;976,00;0;0;0;0;0;0;0;0;0;0;0;0;0;0;0;0;0;0;0;0;0;0;0;0
2014;977,00;0;0;0;0;0;0;0;0;0;0;0;0;0;0;0;0;0;0;0;0;0;0;0;0
2014;1020,00;0;0;0;0;0;0;0;0;0;0;0;0;0;0;0;0;0;0;0;0;0;0;0;0
2014;994,00;0;0;0;0;0;0;0;0;0;6338;0;0;0;4224;0;55101;0;0;0;7403;0;0;0;0
2014;995,00;0;0;0;0;0;0;0;0;0;0;0;0;0;0;0;0;0;0;0;0;0;0;0;0
2014;1060,00;0;0;0;0;0;0;0;0;0;0;0;0;0;0;0;0;0;0;0;0;0;0;0;0
2014;1005,00;0;0;0;0;0;0;0;0;0;0;0;0;0;0;0;0;0;0;0;0;0;0;0;0
2014;1061,00;0;0;0;0;0;0;0;0;0;0;0;0;0;0;0;0;0;0;0;0;0;0;0;0
2014;1006,00;0;0;0;0;0;0;0;0;0;0;0;0;0;0;0;0;0;0;0;0;0;0;0;0
2014;1088,00;0;0;0;0;0;0;0;0;0;0;0;0;0;0;0;0;0;0;0;0;0;0;0;0
2014;1089,00;2066;0;0;0;0;1271;0;0;0;1136;0;0;0;3917;0;14798;0;0;0;2007;0;0;0;0
2014;1076,00;0;0;0;0;0;0;0;0;0;0;0;0;0;0;0;0;0;0;0;0;0;0;0;0
2014;1078,00;0;0;0;0;0;0;0;0;0;0;0;0;0;0;0;0;0;0;0;0;0;0;0;0
2014;1033,00;10202;0;19;0;0;0;0;0;0;272;0;0;0;6473;0;14349;0;0;0;11337;0;0;0;0
2014;1037,00;0;0;0;0;0;0;0;0;0;0;0;0;0;0;0;0;0;0;0;0;0;0;0;0
2014;1039,00;0;0;0;0;0;0;0;0;0;0;0;0;0;0;0;0;0;0;0;0;0;0;0;0
2014;1067,00;0;0;0;0;0;0;0;0;0;0;0;0;0;0;0;0;0;0;0;0;0;0;0;0
2014;1065,00;0;0;0;0;0;0;0;0;0;0;0;0;0;0;0;1282;0;0;0;0;0;0;0;0
2014;1066,00;0;0;0;0;0;1594;0;0;0;1631;0;0;0;8553;0;13581;0;0;0;4827;0;0;0;0
2014;1100,00;0;0;0;0;0;0;0;0;0;0;0;0;0;0;0;0;0;0;0;0;0;0;0;0
2014;1105,00;0;0;0;0;0;0;0;0;0;0;0;0;0;0;0;0;0;0;0;0;0;0;0;0
2014;1107,00;0;0;0;0;0;0;0;0;0;0;0;0;0;0;0;0;0;0;0;0;0;0;0;0
2014;207,00;0;0;0;0;0;0;0;0;0;0;0;0;0;0;0;0;0;0;0;0;0;652;4;0
2014;431,00;0;0;0;0;0;0;0;0;0;0;0;0;0;0;0;2882;0;0;0;0;0;0;0;0
2014;387,00;6182;0;1;0;0;0;0;0;0;3820;0;0;0;0;0;35519;0;0;0;4207;0;987;0;0
2014;179,00;0;0;0;0;0;0;0;0;0;0;0;0;0;0;0;326;0;0;0;0;0;0;0;0
2014;606,00;4616;0;8;0;0;0;0;0;0;4751;272;0;0;0;0;31637;2999;0;0;4359;0;843;0;0
2014;925,00;18785;0;18;2603;0;2057;0;5652;0;4918;0;0;0;8737;0;155988;0;0;0;18091;0;4885;542;297
2014;541,00;5597;0;0;0;0;0;0;0;0;1711;0;0;0;0;0;27706;0;0;0;3924;0;516;0;0
2014;797,00;2048;0;0;0;0;0;0;0;0;1728;0;0;0;0;0;31918;0;0;0;4837;0;531;0;0
2014;627,00;9060;0;0;0;0;0;0;0;0;2583;0;0;0;2550;0;49154;19236;0;0;8256;0;1647;196;0
2014;173,00;0;0;0;0;0;0;0;0;0;0;0;0;0;0;0;0;0;0;0;0;0;0;0;0
2014;636,00;16678;0;16;0;0;0;0;0;0;9645;0;0;0;6380;0;111734;0;724;0;13382;0;3279;635;266
2014;205,00;0;0;0;0;0;0;0;0;0;115;0;0;0;0;0;4932;0;0;0;0;0;308;0;0
2014;814,00;330;0;0;0;0;0;0;0;0;0;0;0;0;0;0;684;0;0;0;0;0;57;0;0
2014;881,00;0;0;0;0;0;0;0;0;0;1115;0;0;0;0;0;17470;0;0;0;0;0;0;0;0
2014;771,00;12351;0;14;682;0;0;2091;12808;0;4155;0;0;0;7608;0;203261;18027;2138;0;16897;3249;2371;445;439
2014;533,00;0;0;0;0;0;315;0;0;0;337;0;0;0;0;0;2679;0;0;0;0;0;267;0;0
2014;447,00;5972;0;4;0;0;0;0;0;0;76;0;0;0;2325;0;22030;0;0;0;1781;0;813;24;26
2014;815,00;366;0;0;11;0;147;0;0;0;982;0;0;0;11263;0;3852;0;0;0;6429;0;154;0;0
2014;801,00;13336;1221;58;0;0;4798;0;0;0;1822;11498;0;0;6067;0;139284;28740;0;0;13004;0;8889;306;0
2014;800,00;457;0;0;0;0;0;0;0;0;420;0;0;0;1303;0;10689;0;0;0;158;0;260;37;0
2014;389,00;8464;0;2;0;0;0;0;0;0;878;0;0;0;0;0;75488;0;0;0;4242;0;864;13;13
2014;695,00;10538;0;11;521;0;732;0;0;0;6850;0;0;0;14725;0;163650;47030;0;0;14478;0;2675;68;39
2014;816,00;2281;0;0;0;0;0;0;0;0;2791;0;0;0;0;0;59970;0;0;0;4279;0;911;48;82
2014;833,00;3649;0;3;0;0;0;0;0;0;3121;0;0;0;0;0;77915;0;0;0;4462;0;1038;37;20
2014;870,00;1690;0;0;0;0;453;0;0;0;593;0;0;0;6095;0;16972;0;0;0;4291;0;568;0;17
2014;927,00;2569;0;0;0;0;0;0;0;0;614;0;0;0;5757;0;10711;0;0;0;0;0;276;0;0
2014;961,00;12679;0;11;0;0;0;0;2634;0;2624;0;0;0;0;0;186030;25410;0;0;13248;0;2442;287;0
2014;962,00;0;0;0;0;0;0;0;0;0;143;0;0;0;885;0;3165;0;0;0;404;0;0;0;0
2014;1079,00;0;0;0;0;0;697;0;0;0;1166;0;0;0;1829;0;2813;0;0;0;0;0;0;0;0
2014;1101,00;2641;0;1;0;0;0;0;0;0;468;0;0;0;1356;0;3496;0;0;0;894;0;402;57;7
2014;666,00;18411;0;46;4830;0;0;3525;0;0;4639;0;0;0;12758;0;99745;40794;0;0;19012;0;1131;374;150
2014;392,00;0;0;0;0;0;0;0;0;0;0;0;0;0;0;0;0;0;0;0;0;0;0;0;0
2014;790,00;5776;0;0;0;0;4314;0;3409;0;3297;0;582;0;3044;0;20933;0;544;0;9121;0;1480;37;9
2014;650,00;7283;0;7;0;0;0;0;0;0;478;0;0;0;0;0;60106;0;0;0;7180;0;1016;65;0
2014;876,00;14419;0;37;0;0;0;0;0;0;1937;0;0;0;6192;0;50517;0;0;0;10229;0;2549;157;96
2014;944,00;0;0;0;0;0;0;0;0;0;0;0;0;0;1436;0;4427;0;0;0;311;0;0;0;0
2014;952,00;87610;0;0;0;0;1067;0;0;0;3362;0;0;0;5782;0;27261;0;0;0;2834;0;1298;22;16
2014;54,00;0;0;0;0;0;0;0;0;0;0;0;0;0;0;0;0;0;0;0;0;0;0;0;0
2014;367,00;2940;0;0;0;0;1771;0;0;0;27989;0;0;0;4631;0;20116;0;0;0;3102;0;834;10;0
2014;538,00;12346;0;13;0;0;0;0;0;0;2714;0;0;0;5282;0;89281;3814;0;0;8834;0;2271;139;363
2014;557,00;4681;0;3;0;0;0;0;0;0;1850;0;0;0;0;0;36492;0;0;0;4026;0;912;39;0
2014;653,00;6119;0;3;0;0;0;0;0;0;2960;0;0;0;4926;0;63146;4141;0;0;6476;133;1333;113;0
2014;647,00;4474;0;0;0;0;0;0;0;0;1665;0;0;0;0;0;50711;0;0;0;4658;0;258;46;0
2014;978,00;21574;0;8;417;0;3065;0;9384;0;2306;0;4209;0;5932;0;167643;12560;0;0;15287;339;3225;286;326
2014;996,00;0;0;0;0;0;0;0;0;0;3752;0;0;0;6621;0;13754;0;0;0;3752;0;728;78;0
2014;729,00;24216;0;52;2610;0;12120;0;5600;0;13787;9872;3589;0;19906;0;408801;39116;1157;0;43437;0;5654;1043;697
2014;182,00;5568;0;3;0;0;0;0;0;0;1638;0;0;0;4871;0;21429;0;0;0;6314;0;0;0;0
2014;633,00;1215;0;1;10;0;0;0;0;0;99;0;0;0;164;0;46030;0;0;0;69;0;0;0;0
2014;685,00;5159;0;0;0;0;0;0;0;0;8222;0;0;0;0;0;99033;0;0;0;9301;0;2839;211;0
2014;683,00;4121;0;0;0;0;0;0;0;0;4191;0;0;0;0;0;73130;0;0;0;3976;0;790;50;0
2014;945,00;6206;0;0;0;0;0;0;0;0;5718;0;0;0;2325;0;48822;0;0;0;3678;0;935;29;0
2014;953,00;0;0;0;260;0;0;0;0;0;0;0;0;0;0;0;0;0;0;0;0;0;0;0;0
2014;1022,00;1179;0;0;0;0;0;0;0;0;1252;0;0;0;1170;0;35309;0;0;0;1518;0;294;7;0
2014;1049,00;769;0;0;0;0;0;0;0;0;2004;0;0;0;0;0;22779;0;0;0;1290;0;191;0;0
2014;794,00;49274;0;120;752;0;0;1455;0;0;8386;0;0;0;13757;0;162532;73925;0;0;42036;0;7895;958;386
2014;415,00;185;0;0;0;0;0;0;0;0;1347;0;0;0;0;0;2757;0;8961;0;5311;0;85;0;0
2014;592,00;4136;0;0;62;0;639;0;0;0;2269;0;0;0;2483;0;32905;0;0;0;2910;0;0;0;0
2014;497,00;2008;0;0;27;0;240;0;0;0;1415;0;0;0;3059;0;22736;0;0;0;1980;0;662;8;0
2014;458,00;8537;0;2;93;0;2849;0;1108;0;7564;0;1159;0;6409;0;83570;0;765;0;7611;0;2126;98;14
2014;726,00;19789;0;21;0;0;2565;0;0;0;3222;0;0;0;6541;0;113167;21474;0;0;21410;0;2489;307;141
2014;272,00;2108;0;0;0;0;0;0;0;0;1148;0;0;0;5956;0;28350;0;0;0;2608;0;62;23;0
2014;805,00;32603;0;112;2071;0;3456;0;3432;0;8715;0;1854;0;12245;0;190080;43135;966;0;34323;0;6413;1409;565
2014;5,00;578;0;0;0;0;520;0;0;0;638;0;0;0;2575;0;4194;0;0;0;427;0;398;0;0
2014;234,00;14603;0;0;0;0;475;0;0;0;3011;0;0;0;5423;0;18762;0;0;0;2927;0;1244;19;3
2014;64,00;0;0;0;0;0;0;0;0;0;0;0;0;0;0;0;0;0;0;0;0;0;0;0;0
2014;842,00;3803;0;0;0;0;0;0;0;0;577;0;0;0;0;0;31812;0;0;0;5193;0;960;0;0
2014;843,00;0;0;0;0;0;0;0;0;0;436;0;0;0;0;0;23893;0;0;0;3981;0;922;0;0
2014;803,00;9298;0;0;0;0;0;0;0;0;3771;0;0;0;7902;0;81459;9004;2623;0;15514;638;2604;155;130
2014;211,00;284;0;0;0;0;0;0;0;0;0;0;0;0;0;0;0;0;0;0;0;0;383;0;0
2014;773,00;15475;0;125;981;0;4584;0;5039;0;2217;0;0;0;11703;0;80721;0;0;0;26338;0;0;0;0
2014;424,00;0;0;0;0;0;0;0;0;0;0;0;0;0;0;0;238657;0;0;0;0;0;0;0;0
2014;298,00;16535;0;0;261;0;2820;0;5102;0;5110;0;0;0;17889;0;29423;0;154;0;7005;0;0;0;0
2014;594,00;0;0;0;0;0;0;0;0;0;716;0;0;0;1777;0;7143;0;0;0;589;0;0;0;0
2014;237,00;390;0;0;0;0;0;0;0;0;0;0;0;0;0;0;0;0;0;0;0;0;0;0;0
2014;16,00;0;0;0;0;0;0;0;0;0;0;0;0;0;0;0;0;0;0;0;0;0;0;0;0
2014;768,00;1992;0;0;0;0;0;0;0;0;1613;0;0;0;0;0;10569;0;0;0;0;0;0;0;0
2014;617,00;8092;0;18;0;0;0;0;0;0;6917;0;0;0;2783;0;58946;0;0;0;7199;0;0;0;0
2014;297,00;20194;0;0;0;0;807;0;0;0;4254;0;0;0;6364;0;19294;0;0;0;0;0;0;0;0
2014;105,00;0;0;0;0;0;0;0;0;0;0;0;0;0;0;0;0;0;0;0;0;0;0;0;0
2014;544,00;2233;0;0;0;0;0;0;0;0;3151;0;0;0;0;0;30282;0;0;0;89;0;0;0;0
2014;804,00;9686;0;13;0;0;1791;0;0;0;6972;0;0;0;5358;0;33716;0;0;0;5678;0;0;0;0
2014;470,00;385;0;0;0;0;0;0;0;0;628;0;0;0;0;0;8376;0;0;0;1142;0;0;0;0
2014;104,00;0;0;0;0;0;0;0;0;0;0;0;0;0;0;0;0;0;0;0;0;0;0;0;0
2014;20,00;0;0;0;0;0;0;0;0;0;0;0;0;0;0;0;0;0;0;0;0;0;0;0;0
2014;550,00;0;0;0;0;0;0;0;0;0;5977;0;0;0;0;0;54512;0;0;0;0;0;0;0;0
2014;112,00;0;0;0;0;0;0;0;0;0;0;0;0;0;0;0;0;0;0;0;0;0;0;0;0
2014;818,00;0;0;0;0;0;0;0;0;0;0;0;0;0;0;0;0;0;0;0;0;0;0;0;0
2014;914,00;0;0;0;0;0;0;0;0;0;0;0;0;0;0;0;0;0;0;0;0;0;0;0;0
2014;928,00;0;0;0;0;0;0;0;0;0;0;0;0;0;0;0;0;0;0;0;0;0;0;0;0
2014;964,00;3901;0;23;0;0;0;0;0;0;2681;0;0;0;3677;0;39993;0;0;0;5346;0;0;0;0
2014;1026,00;0;0;0;0;0;0;0;0;0;0;0;0;0;0;0;0;0;0;0;0;0;0;0;0
2014;1068,00;0;0;0;0;0;0;0;0;0;0;0;0;0;0;0;0;0;0;0;0;0;0;0;0
2014;1108,00;103;0;0;0;0;0;0;0;0;220;0;0;0;305;0;3854;0;0;0;485;0;0;0;0
2014;738,00;14682;0;25;1447;0;4007;0;2852;0;18096;0;0;0;5549;0;169710;53593;1169;0;22266;0;2680;585;235
2014;404,00;0;0;0;0;0;0;0;0;0;0;0;0;0;0;0;1514;0;0;0;0;0;930;0;0
2014;274,00;0;0;0;0;0;0;0;1186;0;3508;0;0;0;6247;0;63756;0;907;0;5339;0;987;0;0
2014;270,00;2936;0;0;0;0;0;0;730;0;349;0;0;0;3256;0;20786;0;0;0;3493;0;1155;40;18
2014;676,00;3481;0;0;0;0;0;0;0;0;5556;0;0;0;0;0;78124;0;0;0;5762;0;937;86;87
2014;709,00;8326;0;1;0;0;0;0;0;0;6774;0;0;0;0;0;144297;0;0;0;8149;0;1923;71;0
2014;754,00;21457;0;40;2391;0;3144;0;3918;0;7710;0;5257;0;23030;0;348763;0;455;0;41383;0;5275;786;435
2014;997,00;0;0;0;0;0;0;0;0;0;2439;0;0;0;0;0;31709;0;0;0;2856;0;698;0;0
2014;734,00;22141;0;6;771;0;0;0;0;0;3498;0;0;0;6425;0;119407;18309;0;0;14826;1585;3882;615;191
2014;299,00;2308;0;0;0;0;532;0;0;0;1282;0;0;0;4320;0;18447;0;0;0;0;0;428;0;0
2014;645,00;0;0;0;0;0;675;0;0;0;1000;0;0;0;0;0;11273;0;0;0;0;0;0;0;0
2014;17,00;0;0;0;0;0;0;0;0;0;0;0;0;0;0;0;0;0;0;0;0;0;0;0;0
2014;1046,00;0;0;0;0;0;0;0;0;0;0;0;0;0;0;0;0;0;0;0;0;0;0;0;0
2014;420,00;0;0;0;0;0;0;0;0;0;0;0;0;0;1042;0;5654;0;0;0;0;0;;;
2014;802,00;0;0;0;0;0;0;0;0;0;0;0;0;0;0;0;2286;0;0;0;0;0;0;0;0
2014;19,00;107;0;1;0;0;0;0;0;0;0;0;0;0;0;0;0;0;0;0;0;0;0;0;0
2014;25,00;0;0;0;0;0;0;0;0;0;0;0;0;0;0;0;0;0;0;0;0;0;0;0;0
2014;26,00;0;0;0;0;0;0;0;0;0;0;0;0;0;0;0;0;0;0;0;0;0;0;0;0
2014;890,00;23420;0;34;1036;0;0;0;0;0;4896;0;0;0;6486;0;96248;35296;0;0;19954;0;4907;255;272
2014;904,00;0;0;0;0;0;0;0;0;0;1810;0;0;0;1343;0;46824;0;0;0;6089;0;720;0;0
2014;957,00;30302;0;113;250;0;2998;0;0;0;10105;0;3599;0;25031;0;171055;53576;11152;0;43460;0;3468;1325;289
2014;939,00;22474;0;22;473;0;9416;0;9993;0;7117;0;585;0;9157;0;169694;5294;1417;0;22658;0;7261;603;453
2014;236,00;0;0;0;0;0;0;0;1874;0;2836;0;0;0;3603;0;0;0;0;0;3698;0;1931;58;0
2014;735,00;16455;0;15;3837;0;6839;0;6557;0;9421;1287;1929;0;8843;0;124719;75858;1530;0;34158;0;5930;908;338
2014;146,00;0;0;0;0;0;0;0;0;0;0;0;0;0;0;0;0;0;0;0;0;0;0;0;0
2014;363,00;3425;0;0;0;0;0;0;0;0;0;0;0;0;3406;0;9712;0;0;0;1235;0;2365;0;0
2014;187,00;1208;0;0;0;0;0;0;0;0;698;0;0;0;6491;0;15781;0;0;0;1554;0;683;7;27
2014;265,00;0;0;0;0;0;0;0;0;0;1919;0;0;0;962;0;18233;0;0;0;1005;0;1003;0;0
2014;295,00;648;0;0;0;0;1000;0;0;0;1745;0;0;0;5153;0;27743;0;0;0;2149;0;850;15;0
2014;496,00;2569;0;0;838;0;848;0;0;0;1483;0;0;0;9642;0;61727;0;0;0;10530;0;690;45;0
2014;77,00;0;0;0;0;0;0;0;0;0;0;0;0;0;0;0;0;0;0;0;0;0;0;0;0
2014;391,00;412;0;0;0;0;0;0;0;0;0;0;0;0;0;0;2534;0;0;0;803;0;90;0;0
2014;240,00;1481;0;0;0;0;349;0;0;0;1142;0;0;0;5850;0;46320;0;0;0;3465;0;543;3;0
2014;448,00;0;0;0;0;0;0;0;0;0;496;0;0;0;0;0;5595;0;0;0;1144;0;335;0;0
2014;151,00;0;0;0;0;0;0;0;0;0;0;0;0;0;0;0;240;0;0;0;0;0;0;0;0
2014;425,00;0;0;0;0;0;0;0;0;0;202;0;0;0;0;0;4325;0;0;0;554;0;122;0;0
2014;300,00;0;0;0;0;0;0;0;0;0;703;0;0;0;0;0;8691;0;0;0;1294;0;198;0;0
2014;339,00;4344;0;0;1120;0;554;0;1325;0;1981;0;0;0;7040;0;24599;0;0;0;4028;0;1048;53;0
2014;826,00;0;0;0;0;0;0;0;0;0;0;0;0;0;0;0;0;0;0;0;0;0;0;0;0
2014;874,00;5629;0;5;0;0;0;0;0;0;532;0;0;0;0;0;28282;11516;0;0;4635;0;1128;91;0
2014;905,00;37604;0;57;2790;0;5746;0;4572;0;4275;3750;0;0;20148;0;156949;97079;948;0;46946;0;5331;1383;493
2014;736,00;33410;0;205;2105;0;0;0;5188;0;8293;0;2602;0;16454;0;203703;0;21;0;31886;0;5972;941;378
2014;1030,00;9279;0;5;0;0;1219;0;0;0;2858;0;0;0;5170;0;23252;0;0;0;2898;0;715;17;0
2014;1003,00;5690;0;0;0;0;0;0;0;0;3031;0;0;0;0;0;17377;0;0;0;1455;0;722;20;0
2014;1050,00;0;0;0;0;0;0;0;0;0;928;0;0;0;0;0;9053;0;0;0;651;0;418;9;0
2014;1043,00;4438;0;2;0;0;1149;0;0;0;6374;0;0;0;5038;0;25906;0;0;0;5151;0;546;10;9
2014;934,00;9877;0;8;0;0;2215;0;0;0;6139;0;0;0;4304;0;56436;0;0;0;8341;0;1971;132;89
2014;629,00;14065;0;64;525;0;2910;0;3193;0;8733;0;0;0;10366;0;105452;0;923;0;16203;0;0;0;0
2014;21,00;0;0;0;0;0;0;0;0;0;0;0;0;0;0;0;0;0;0;0;0;0;0;0;0
2014;615,00;316;0;26;0;0;2196;0;0;0;5095;0;0;0;6775;0;0;0;0;0;7863;0;0;0;0
2014;626,00;1947;0;0;0;0;573;0;0;0;859;0;0;0;0;0;8632;0;0;0;0;0;0;0;0
2014;417,00;0;0;0;0;0;0;0;0;0;0;0;0;0;0;0;9430;0;0;0;0;0;0;0;0
2014;597,00;0;0;0;0;0;458;0;0;0;2576;0;0;0;0;0;15378;0;0;0;1841;0;0;0;0
2014;539,00;20590;0;0;0;0;1656;0;0;0;11074;0;431;0;0;0;51649;0;0;0;16523;0;0;0;0
2014;343,00;0;0;0;0;0;0;0;0;0;1864;0;0;0;0;0;31831;0;0;0;1650;0;0;0;0
2014;135,00;0;0;0;0;0;0;0;0;0;0;0;0;0;0;0;0;0;0;0;0;0;0;0;0
2014;158,00;0;0;0;0;0;0;0;0;0;0;0;0;0;0;0;1551;0;0;0;0;0;0;0;0
2014;775,00;13491;0;39;0;0;1285;0;0;0;6432;0;0;0;4259;0;61192;0;0;0;11520;0;0;0;0
2014;177,00;0;0;0;0;0;0;0;0;0;0;0;0;0;0;0;1742;0;0;0;0;0;0;0;0
2014;578,00;0;0;0;0;0;0;0;0;0;1098;0;0;0;0;0;23885;0;0;0;0;0;0;0;0
2014;416,00;738;0;0;0;0;517;0;0;0;1210;0;0;0;3023;0;18996;0;0;0;0;0;0;0;0
2014;561,00;3967;0;0;0;0;0;0;0;0;3995;0;0;0;0;0;40797;0;0;0;4464;0;0;0;0
2014;62,00;0;0;0;0;0;0;0;0;0;0;0;0;0;0;0;0;0;0;0;0;0;0;0;0
2014;828,00;0;0;0;0;0;0;0;0;0;0;0;0;0;0;0;0;0;0;0;0;0;0;0;0
2014;860,00;0;0;0;0;0;0;0;0;0;3389;0;0;0;0;0;33421;0;0;0;1643;0;0;0;0
2014;935,00;0;0;0;0;0;0;0;0;0;0;0;0;0;0;0;0;0;0;0;0;0;0;0;0
2014;936,00;0;0;0;0;0;0;0;0;0;0;0;0;0;0;0;0;0;0;0;0;0;0;0;0
2014;986,00;0;0;0;0;0;0;0;0;0;0;0;0;0;0;0;0;0;0;0;0;0;0;0;0
2014;987,00;183;0;7;0;0;0;0;0;0;5300;0;0;0;0;0;59899;0;0;0;6368;0;0;0;0
2014;266,00;2852;0;0;0;0;423;0;0;0;514;0;0;0;10426;0;25035;0;0;0;4672;0;0;0;0
2014;137,00;1497;0;0;0;0;6672;0;0;0;1481;0;0;0;3601;0;7157;0;0;0;946;0;0;0;0
2014;769,00;5421;0;3;0;0;109;0;3716;0;46485;0;1681;0;1610;0;6275;0;2941;0;8376;0;0;0;0
2014;776,00;4471;0;2;0;0;0;0;0;0;0;0;0;0;0;0;32848;19024;0;0;6308;0;0;0;0
2014;640,00;4570;0;0;0;0;0;0;0;0;0;0;0;0;0;0;47782;0;0;0;4040;0;0;0;0
2014;315,00;0;0;0;0;0;0;0;0;0;0;0;0;0;0;0;0;0;0;0;0;0;0;0;0
2014;40,00;0;0;0;0;0;0;0;0;0;0;0;0;0;0;0;0;0;0;0;0;0;0;0;0
2014;508,00;3365;1;0;0;0;0;0;0;0;1;0;0;0;4656;0;15236;8137;0;0;5086;0;;;
2014;46,00;0;0;0;0;0;0;0;0;0;0;0;0;0;0;0;0;0;0;0;0;0;;;
2014;590,00;9785;0;1;0;0;0;0;0;0;0;0;0;0;5567;0;37800;0;0;0;5497;0;0;0;0
2014;777,00;10538;0;9;0;0;0;0;0;0;0;0;0;0;0;0;49997;20143;0;0;4285;0;;;
2014;897,00;30164;0;41;1156;0;0;0;0;0;6756;0;0;0;18472;0;141674;104824;0;0;34635;0;0;0;0
2014;965,00;0;0;0;0;0;0;0;0;0;0;0;0;0;0;0;0;0;0;0;0;0;0;0;0
2014;671,00;7314;0;6;0;0;0;0;0;0;6459;0;0;0;5088;0;118649;0;0;0;6889;0;1195;150;1
2014;461,00;2378;0;0;0;0;0;0;0;0;17;0;0;0;0;0;13679;0;0;0;0;0;803;0;0
2014;376,00;580;0;0;0;0;242;0;0;0;149;0;0;0;0;0;8270;0;0;0;1126;0;89;0;0
2014;621,00;3112;0;1;0;0;0;0;0;0;4376;0;0;0;2564;0;69639;0;0;0;4151;0;721;73;0
2014;793,00;9687;0;31;1104;0;0;3378;3119;0;13317;1276;0;0;6901;0;179271;75460;2671;0;17727;0;2496;819;161
2014;1102,00;2327;0;2;0;0;0;0;0;0;896;0;0;0;0;0;11827;0;0;0;1534;0;1107;5;0
2014;712,00;16565;0;10;0;0;0;0;0;0;1788;0;0;0;0;0;61226;0;0;0;7152;0;2097;108;202
2014;32,00;0;0;0;0;0;0;0;0;0;0;0;0;0;0;0;0;0;0;0;0;0;0;0;0
2014;361,00;0;0;0;0;0;0;0;0;0;8911;0;0;0;0;0;1961;0;0;0;1344;0;0;0;0
2014;486,00;0;0;0;0;0;0;0;1059;0;649;0;0;0;0;0;4498;0;0;0;1169;0;478;0;0
2014;595,00;2392;0;2;0;0;0;0;0;0;2788;0;0;0;0;0;52916;7143;0;0;7879;0;1428;56;0
2014;433,00;0;0;0;0;0;0;0;0;0;525;0;0;0;0;0;14264;0;0;0;0;0;0;0;0
2014;1058,00;0;0;0;0;0;0;0;0;0;0;0;0;0;0;0;8699;0;0;0;0;0;165;0;0
2014;261,00;1849;0;0;0;0;0;0;0;0;0;0;0;0;0;0;6293;0;0;0;0;0;811;0;0
2014;730,00;9132;0;4;0;0;0;0;0;0;9003;0;0;0;0;0;77851;0;0;0;13689;0;1235;73;0
2014;577,00;5857;0;3;0;0;0;0;0;0;5601;0;0;0;0;0;77426;0;0;0;8727;0;1975;31;0
2014;788,00;15355;0;8;1480;0;0;0;4166;0;4741;0;0;0;13450;0;252608;0;0;0;24119;0;4090;64;115
2014;865,00;2822;0;0;0;0;0;0;0;0;5268;0;0;0;1984;0;58246;0;0;0;4373;0;830;30;0
2014;979,00;685;0;0;0;0;0;0;0;0;1454;0;0;0;768;0;20925;0;0;0;1899;0;178;1;0
2014;998,00;978;0;0;0;0;0;0;0;0;2375;0;0;0;0;0;29610;0;0;0;898;0;287;11;0
2014;221,00;0;0;0;0;0;320;0;0;0;710;0;0;0;260;0;890;0;0;0;523;0;260;23;0
2014;506,00;0;0;0;0;0;643;0;295;0;260;0;0;0;3454;0;30882;0;0;0;2722;0;600;0;0
2014;727,00;12741;0;6;0;0;0;0;0;0;2786;0;0;0;5723;0;98912;0;0;0;14931;0;3777;297;0
2014;355,00;544;0;0;0;0;0;0;0;0;4;0;0;0;1194;0;8512;0;0;0;1245;0;102;0;0
2014;487,00;350;0;0;0;0;3;0;0;0;49;0;0;0;743;0;8054;0;0;0;1592;0;188;8;0
2014;938,00;21355;0;37;1867;0;3841;0;6567;0;3942;7307;0;0;12573;0;161771;77090;0;0;27880;0;7306;628;307
2014;886,00;340;0;0;0;0;29;0;0;0;75;0;0;0;1128;0;8058;0;0;0;731;0;132;2;0
2014;835,00;1192;0;0;0;0;531;0;0;0;0;0;0;0;2136;0;0;0;0;0;1251;0;734;0;0
2014;999,00;0;0;0;0;0;0;0;0;0;0;0;0;0;0;0;70;0;0;0;0;0;0;0;0
2014;798,00;22073;0;58;568;0;0;0;0;0;6508;0;0;0;0;0;119482;0;0;0;21273;0;0;0;0
2014;504,00;0;0;0;272;0;0;0;0;0;999;0;0;0;7437;0;35312;0;0;0;10882;0;;;
2014;247,00;893;0;0;0;0;1154;0;0;0;3565;0;0;0;0;0;10571;0;0;0;3040;0;0;0;0
2014;216,00;1224;0;0;0;0;3032;0;0;0;1562;0;0;0;3693;0;15488;0;0;0;2289;0;0;0;0
2014;654,00;2734;0;0;0;0;0;0;0;0;1982;0;0;0;2778;0;9782;0;0;0;4431;0;0;0;0
2014;65,00;0;0;0;0;0;0;0;0;0;0;0;0;0;0;0;0;0;0;0;0;0;0;0;0
2014;472,00;604;0;0;0;0;0;0;0;0;1402;0;0;0;0;0;15167;0;0;0;1952;0;0;0;0
2014;427,00;0;0;0;0;0;0;0;0;0;0;0;0;0;0;0;4134;0;0;0;0;0;0;0;0
2014;491,00;548;0;0;0;0;0;0;0;0;1337;0;0;0;0;0;13082;0;0;0;1932;0;0;0;0
2014;551,00;313;0;0;0;0;0;0;0;0;415;0;0;0;0;0;7469;0;0;0;1052;0;0;0;0
2014;106,00;0;0;0;0;0;0;0;0;0;0;0;0;0;0;0;0;0;0;0;0;0;0;0;0
2014;819,00;0;0;0;0;0;0;0;0;0;0;0;0;0;0;0;0;0;0;0;0;0;0;0;0
2014;836,00;0;0;0;0;0;0;0;0;0;0;0;0;0;0;0;0;0;0;0;0;0;0;0;0
2014;915,00;0;0;0;0;0;0;0;0;0;0;0;0;0;0;0;0;0;0;0;0;0;0;0;0
2014;942,00;0;0;0;0;0;0;0;0;0;0;0;0;0;0;0;0;0;0;0;0;0;0;0;0
2014;748,00;16596;1711;13;435;0;0;2442;0;2710;8009;18628;0;1399;11725;3626;127340;47634;0;709;22515;4387;4997;398;241
2014;198,00;0;0;0;0;0;0;0;0;0;0;0;0;0;0;0;0;0;0;0;0;0;0;0;0
2014;871,00;3638;0;5;0;0;848;0;0;0;590;0;0;0;4813;0;30611;0;0;0;4223;0;1094;62;29
2014;948,00;0;0;0;0;0;83;0;0;0;0;0;0;0;2621;0;29818;0;0;0;1613;0;184;4;0
2014;1051,00;0;0;0;0;0;0;0;0;0;0;0;0;0;0;0;0;0;0;0;0;0;0;0;0
2014;1083,00;0;0;0;0;0;0;0;0;0;0;0;0;0;0;0;0;0;0;0;0;0;0;0;0
2014;1096,00;0;0;0;0;0;0;0;0;0;0;0;0;0;0;0;0;0;0;0;0;0;0;0;0
2014;679,00;18635;0;12;1199;0;3140;0;0;0;4773;0;0;0;9727;0;214942;0;0;0;22416;0;3997;426;523
2014;176,00;0;0;0;0;0;0;0;0;0;717;0;0;0;5249;0;9916;0;0;0;4113;0;368;0;0
2014;537,00;306;0;0;0;0;0;0;0;0;664;0;0;0;7152;0;9289;0;0;0;2983;0;573;0;0
2014;608,00;7428;0;1;0;0;0;0;0;0;1654;0;0;0;3599;0;64054;0;0;0;5524;0;1392;122;0
2014;596,00;2314;0;0;0;0;0;0;0;0;587;0;0;0;0;0;44969;0;0;0;4096;0;931;0;0
2014;749,00;42288;0;20;1423;0;3196;0;9890;0;8850;0;0;0;21153;0;206041;84905;0;0;48016;0;10335;939;564
2014;758,00;31392;1403;141;630;0;9649;0;10159;0;11503;5491;3613;0;24029;0;186206;88415;903;0;42131;0;7414;1481;462
2014;1104,00;22870;0;73;1423;0;11898;0;3570;0;4638;7415;4163;0;31955;0;170799;67530;860;0;43777;0;6906;802;240
2014;436,00;0;0;0;0;0;0;0;0;0;0;3712;0;0;0;0;12211;31353;0;0;0;1984;0;0;0
2014;567,00;7783;0;0;0;0;15459;0;0;0;4937;0;0;0;0;0;10506;0;0;0;3230;0;2247;0;0
2014;677,00;11905;0;12;530;0;2757;0;0;0;5170;0;0;0;12324;0;96147;19144;2787;0;22756;0;3613;770;365
2014;670,00;4222;0;2;0;0;0;0;0;0;0;0;0;0;5751;0;34114;0;0;0;1913;0;90;132;0
2014;588,00;5586;0;0;0;0;0;0;1990;0;1773;0;0;0;0;0;18032;0;0;0;5208;0;691;0;0
2014;753,00;31200;0;49;905;0;5945;0;6747;0;6429;5309;2012;0;19222;0;224959;42752;981;0;45036;0;8901;663;590
2014;887,00;0;0;0;0;0;0;0;0;0;0;0;0;0;0;0;713;0;0;0;0;0;0;0;0
2014;245,00;0;0;0;0;0;8789;0;0;0;25066;0;0;0;22228;0;58668;0;0;0;10218;0;863;58;16
2014;603,00;5248;0;0;0;0;0;0;0;0;1219;0;0;0;10136;0;70819;0;0;0;7027;0;2010;5;0
2014;426,00;0;0;0;0;0;0;0;0;0;0;0;0;0;0;0;0;0;0;0;0;0;1250;0;0
2014;232,00;4374;0;0;0;0;1053;0;0;0;6859;0;0;0;3857;0;12254;0;0;0;1208;0;2239;0;0
2014;288,00;3766;0;0;0;0;0;0;0;0;4681;0;0;0;14474;0;57346;0;0;0;9770;0;9137;0;0
2014;246,00;4384;0;0;0;0;0;0;0;0;4024;0;0;0;1773;0;10079;0;0;0;1302;0;1337;0;0
2014;284,00;0;0;0;0;0;2926;0;0;0;10896;0;0;0;0;0;56114;0;0;0;5230;0;2259;0;0
2014;18,00;0;0;0;0;0;0;0;0;0;0;0;0;0;0;0;0;0;0;0;0;0;0;0;0
2014;356,00;0;0;0;0;0;0;0;0;0;0;0;0;0;0;0;0;0;0;0;0;0;0;0;0
2014;401,00;0;0;0;0;0;0;0;0;0;0;0;0;0;0;0;0;0;0;0;0;0;0;0;0
2014;733,00;50727;0;19;3863;0;3502;3937;2482;0;6257;10475;0;0;24707;10051;140461;67152;0;0;29340;6385;10734;993;161
2014;243,00;0;0;0;0;0;0;0;0;0;405;0;0;0;6819;0;20556;0;0;0;2475;0;1380;0;0
2014;380,00;0;0;0;0;0;0;0;0;0;0;0;0;0;0;0;1067;0;0;0;0;0;0;0;0
2014;716,00;9070;0;0;0;0;511;0;0;0;1027;0;0;0;7643;0;69218;0;0;0;5599;0;3078;0;0
2014;534,00;4915;0;0;218;0;1695;0;6211;0;1926;0;0;0;14073;0;39322;0;0;0;6214;0;2357;15;0
2014;185,00;0;0;0;0;0;1014;0;0;0;2423;0;0;0;2682;0;9033;0;0;0;1741;0;1029;1017;0
2014;258,00;3256;0;0;50;0;1064;0;0;0;2760;0;1080;0;5776;0;16487;0;0;0;3701;0;2187;13;18
2014;505,00;987;0;0;0;0;695;0;0;0;8423;0;0;0;3303;0;20526;0;0;0;1259;0;1284;0;0
2014;268,00;3141;0;0;0;0;811;0;0;0;1066;0;0;0;13630;0;39037;0;0;0;4735;0;1113;34;0
2014;602,00;6041;0;2;454;0;706;0;828;0;6138;0;663;0;8766;0;38600;0;0;0;4112;0;875;58;16
2014;254,00;0;0;0;97;0;6984;0;2814;0;7046;0;569;0;18648;0;68325;0;0;0;6422;0;1413;36;3
2014;705,00;15949;0;0;464;0;0;0;0;0;4016;0;0;0;13767;0;47266;0;0;0;11916;0;2959;88;103
2014;133,00;3172;0;1;0;0;0;0;0;0;8391;0;0;0;0;0;1114;0;0;0;207;0;0;0;0
2014;33,00;0;0;0;0;0;0;0;0;0;0;0;0;0;0;0;0;0;0;0;0;0;0;0;0
2014;143,00;0;0;0;0;0;0;0;0;0;0;0;0;0;0;0;0;0;0;0;0;0;0;0;0
2014;36,00;0;0;0;0;0;0;0;0;0;0;0;0;0;0;0;0;0;0;0;0;0;0;0;0
2014;756,00;2014;0;9;30;0;2221;0;1756;0;2742;0;0;0;7084;0;90274;0;946;0;13277;0;1968;237;105
2014;662,00;30998;0;5;0;0;3141;0;0;0;3746;3125;0;0;8092;5358;112634;52824;0;0;16011;3992;4402;583;138
2014;192,00;0;0;0;0;0;0;0;0;0;0;0;0;0;0;0;4841;0;0;0;0;0;0;0;0
2014;382,00;0;0;0;0;0;0;0;0;0;0;0;0;0;0;0;894;0;0;0;0;0;0;0;0
2014;322,00;0;0;0;0;0;0;0;0;0;0;0;0;0;0;0;1296;0;0;0;0;0;0;0;0
2014;478,00;0;0;0;0;0;0;0;0;0;0;0;0;0;6445;0;18577;0;0;0;1766;0;0;0;0
2014;352,00;0;0;0;0;0;0;0;0;0;0;0;0;0;0;0;4840;0;0;0;0;0;0;0;0
2014;628,00;18936;0;7;333;0;0;0;0;0;7981;0;0;0;5873;0;73893;41574;0;0;15713;0;3367;391;133
2014;291,00;0;0;0;0;0;0;0;0;0;0;0;0;0;0;0;0;0;0;0;0;0;0;0;0
2014;495,00;0;0;0;0;0;0;0;0;0;0;0;0;0;5633;0;20564;0;0;0;3379;0;0;0;0
2014;845,00;12541;0;18;0;0;0;0;0;0;6067;0;0;0;9904;0;102227;25499;0;0;11286;0;3417;310;116
2014;498,00;4773;0;0;0;0;0;0;0;0;2722;0;0;0;3447;0;48462;0;0;0;5219;0;1229;13;0
2014;314,00;0;0;0;0;0;0;0;0;0;0;0;0;0;0;0;3743;0;0;0;0;0;0;0;0
2014;720,00;5163;0;0;0;0;0;0;0;0;3889;0;0;0;15626;0;71042;0;0;0;6101;0;2209;112;24
2014;721,00;19888;0;56;1172;0;0;0;0;0;5270;0;1847;0;15022;0;89289;29505;8258;0;16465;0;2016;404;97
2014;485,00;3;0;2;0;0;0;0;0;0;0;0;0;0;0;0;0;0;0;0;0;0;0;0;0
2014;273,00;7426;0;0;670;0;0;0;0;0;3177;0;0;0;7464;0;43936;0;0;0;11721;0;4066;61;76
2014;846,00;24776;0;117;284;0;1331;0;3532;0;6099;0;0;0;10461;0;113011;0;0;0;16153;0;3384;362;84
2014;847,00;0;0;0;0;0;0;0;2868;0;0;0;0;0;30247;0;63893;0;0;0;5105;0;1438;0;0
2014;848,00;13997;0;8;251;0;1800;0;0;0;7288;0;0;0;15658;0;66498;0;0;0;8687;0;3388;27;50
2014;864,00;0;0;0;0;0;0;0;0;0;0;0;0;0;0;0;0;0;0;0;0;0;0;0;0
2014;916,00;18204;0;0;0;0;0;0;1074;0;3634;0;1036;0;3699;0;6046;0;0;0;6553;0;1922;123;7
2014;930,00;0;0;0;179;0;1954;0;0;0;2867;0;0;0;15471;0;45050;0;0;0;5388;0;3169;55;53
2014;954,00;17772;0;46;79;0;0;0;2688;0;5910;0;1026;0;9146;0;91463;33452;336;0;15585;0;2336;319;81
2014;943,00;6922;0;0;0;0;0;0;0;0;5527;0;0;0;12648;0;76789;0;0;0;4805;0;2156;25;0
2014;949,00;48357;0;163;49;0;8900;0;8365;0;15887;0;2754;0;16983;0;222308;44782;2484;0;43210;0;7730;1861;365
2014;980,00;15523;0;0;346;0;2849;0;0;0;7024;0;505;0;16409;0;31846;0;2217;0;15747;0;0;0;0
2014;981,00;712;0;0;0;0;0;0;0;0;709;0;0;0;5515;0;2143;0;0;0;654;0;82;56;0
2014;1024,00;30043;0;0;358;0;3064;0;3375;0;6178;0;2430;0;22246;0;52601;0;436;0;14768;0;4925;628;151
2014;1017,00;0;0;0;0;0;0;0;0;0;0;0;0;0;0;0;0;0;0;0;0;0;0;0;0
2014;1000,00;33006;0;0;450;0;2778;0;3386;0;7076;0;1933;0;19205;0;75739;0;488;0;15134;0;4492;308;143
2014;1018,00;14628;0;1;175;0;2050;0;0;0;2713;0;0;0;11131;0;82356;0;0;0;10300;0;7009;136;0
2014;1001,00;14198;0;0;61;0;959;0;0;0;2830;0;0;0;5882;0;14200;0;0;0;1983;0;865;0;0
2014;1007,00;12911;0;23;2408;0;4270;0;0;0;5739;0;0;0;12614;0;142828;0;0;0;15479;0;4996;330;97
2014;1008,00;15507;0;5;0;0;0;0;0;0;3138;0;0;0;7091;0;103435;0;0;0;10102;0;3592;272;89
2014;1009,00;22371;0;14;0;0;1970;0;0;0;2851;0;0;0;8755;0;100263;0;0;0;14088;0;3964;256;0
2014;1010,00;10391;0;3;0;0;0;0;0;0;2674;0;0;0;7328;0;78061;0;0;0;8238;0;2263;13;112
2014;1011,00;7711;0;6;42;0;0;0;0;0;2007;0;0;0;4573;0;57903;0;0;0;5977;0;1371;10;31
2014;1012,00;9564;0;2;0;0;0;0;0;0;3208;0;0;0;6818;0;78866;0;0;0;10238;0;2432;158;63
2014;1013,00;37044;0;61;2485;0;3128;0;0;0;13516;0;3250;0;22960;0;203217;0;6096;0;32849;0;5020;979;0
2014;1041,00;0;0;0;0;0;0;0;0;0;0;0;0;0;0;0;0;0;0;0;0;0;0;0;0
2014;1073,00;19584;0;18;6;0;1647;0;0;0;8837;0;0;0;11638;0;69147;13528;0;0;12474;0;3767;388;128
2014;1087,00;16860;0;6;2079;0;2045;0;0;0;3349;0;1390;0;18559;0;126997;0;616;0;16415;0;3667;445;104
2014;789,00;0;0;0;0;0;0;0;0;0;0;0;0;0;0;0;0;0;0;0;0;0;0;0;0
2014;326,00;0;0;0;0;0;0;0;0;0;0;0;0;0;0;0;0;0;0;0;0;0;0;0;0
2014;442,00;1090;0;0;0;0;2245;0;618;0;2776;0;0;0;7218;0;9369;0;0;0;3245;0;1087;6;7
2014;294,00;0;0;0;0;0;1238;0;0;0;2282;0;0;0;4119;0;55932;0;0;0;4488;0;1061;39;0
2014;378,00;0;0;0;0;0;0;0;0;0;0;0;0;0;0;0;3567;0;0;0;947;0;406;0;0
2014;402,00;0;0;0;0;0;0;0;0;0;551;0;0;0;1488;0;9198;0;0;0;635;0;129;1;0
2014;29,00;0;0;0;0;0;0;0;0;0;0;0;0;0;0;0;0;0;0;0;0;0;0;0;0
2014;450,00;112;0;0;0;0;0;0;0;0;0;0;0;0;0;0;2799;0;0;0;0;0;46;0;0
2014;656,00;5857;0;7;0;0;0;0;0;0;6037;0;0;0;0;0;116352;0;0;0;6894;0;2117;85;0
2014;333,00;7301;0;0;0;0;713;0;0;0;1185;0;0;0;5611;0;37105;0;0;0;5562;0;1370;101;21
2014;668,00;6560;0;0;0;0;0;0;0;0;3667;0;0;0;0;0;72139;0;0;0;4627;0;1213;64;0
2014;684,00;4634;0;0;0;0;0;0;0;0;9831;0;0;0;0;0;137808;0;0;0;9159;0;1601;138;0
2014;422,00;158;0;0;49;0;0;0;0;0;564;0;0;0;2566;0;11600;0;0;0;2122;0;254;24;0
2014;763,00;20787;0;31;741;0;3998;0;4461;0;6304;0;0;0;27752;0;378695;33956;2665;0;50634;0;4757;2703;1187
2014;741,00;21847;0;27;940;0;3679;0;6794;0;6228;3087;0;0;10035;0;279803;81874;0;0;30932;0;3144;489;196
2014;553,00;20857;0;28;241;0;0;0;0;0;8208;0;0;0;8037;0;122417;10141;0;0;22915;0;3195;445;214
2014;357,00;4642;0;0;0;0;0;0;0;0;1546;0;0;0;0;0;10044;0;0;0;0;0;4409;0;45
2014;899,00;0;0;0;0;0;0;0;0;0;0;0;0;0;0;0;0;0;0;0;0;0;0;0;0
2014;900,00;97;0;0;0;0;0;0;0;0;117;0;99;0;0;0;665;0;0;0;546;0;45;0;0
2014;932,00;113;0;0;0;0;0;0;0;0;0;0;0;0;0;0;0;0;0;0;0;0;75;0;1
2014;950,00;758;0;0;0;0;336;0;0;0;1032;0;0;0;1344;0;6582;0;0;0;600;0;209;3;0
2014;966,00;2143;0;0;228;0;355;0;0;0;1109;0;0;0;1454;0;8908;0;0;0;810;0;314;7;7
2014;967,00;0;0;0;0;0;0;0;0;0;0;0;0;0;0;0;0;0;0;0;0;0;0;0;0
2014;982,00;5713;0;0;4;0;644;0;1396;0;2875;0;0;0;8370;0;45494;0;0;0;9793;0;344;32;48
2014;1014,00;0;0;0;0;0;0;0;0;0;1691;0;0;0;0;0;31613;0;0;0;4761;0;1958;107;0
2014;1048,00;0;0;0;0;0;0;0;0;0;0;0;0;0;0;0;0;0;0;0;0;0;0;0;0
2014;1080,00;6677;0;0;0;0;1504;0;0;0;3755;0;0;0;6569;0;34263;0;0;0;5283;0;1565;68;55
2014;1074,00;0;0;0;0;0;148;0;0;0;530;0;0;0;2028;0;9687;0;0;0;852;0;12;0;0
2014;1084,00;1384;0;0;0;0;33;0;0;0;1065;0;0;0;294;0;13639;0;0;0;141;0;1033;0;0
2014;722,00;19349;0;92;705;0;0;0;7237;0;3707;0;3388;0;6622;0;158596;22849;1113;0;24592;0;4893;558;365
2014;660,00;18406;0;44;651;0;0;0;0;0;3518;0;0;0;3881;0;128901;0;0;0;19239;0;2045;568;65
2014;75,00;0;0;0;0;0;0;0;0;0;0;0;0;0;0;0;0;0;0;0;0;0;0;0;0
2014;249,00;1195;0;0;13;0;369;0;0;0;515;0;0;0;1322;0;33022;0;0;0;2364;0;399;0;0
2014;275,00;0;0;0;0;0;0;0;0;0;0;0;0;0;0;0;526;0;0;0;0;0;0;0;0
2014;227,00;0;0;0;0;0;3731;0;0;0;3238;0;0;0;7442;0;40104;0;0;0;5679;0;1318;52;13
2014;150,00;327;0;0;0;0;0;0;0;0;204;0;0;0;0;0;2451;0;0;0;0;0;365;0;3
2014;47,00;0;0;0;0;0;0;0;0;0;0;0;0;0;0;0;0;0;0;0;0;0;0;0;0
2014;172,00;2;0;0;0;0;0;0;0;0;0;0;0;0;4571;0;10855;0;0;0;759;0;131;0;0
2014;581,00;3192;0;2;0;0;0;0;0;0;946;0;0;0;0;0;64255;0;0;0;7406;0;890;37;0
2014;120,00;0;0;0;0;0;0;0;0;0;0;0;0;0;0;0;5418;0;0;0;0;0;0;0;0
2014;445,00;0;0;0;0;0;0;0;0;0;0;0;0;0;0;0;0;0;0;0;0;0;99;0;0
2014;471,00;0;0;0;0;0;0;0;0;0;0;0;0;0;0;0;18398;0;0;0;0;0;186;11;0
2014;53,00;0;0;0;0;0;0;0;0;0;0;0;0;0;0;0;0;0;0;0;0;0;0;0;0
2014;199,00;223;0;0;0;0;0;0;0;0;189;0;0;0;0;0;7169;0;0;0;0;0;209;0;0
2014;575,00;236;0;0;0;0;0;0;0;0;861;0;0;0;775;0;67383;0;0;0;5891;0;1186;213;0
2014;528,00;4363;0;1;0;0;0;0;0;0;1015;0;0;0;0;0;30709;7665;0;0;3380;0;859;6;0
2014;631,00;11581;0;15;0;0;0;0;0;0;2906;0;0;0;0;0;111845;39102;0;0;7997;0;2629;256;0
2014;699,00;17027;0;0;0;0;0;0;0;0;4244;0;0;0;3399;0;79346;11309;0;0;15023;0;4397;272;101
2014;823,00;0;0;0;0;0;0;0;0;0;0;0;0;0;0;0;15753;0;0;0;0;0;0;0;0
2014;849,00;3367;0;0;0;0;0;0;0;0;3019;0;0;0;0;0;45835;0;0;0;2906;0;761;187;0
2014;869,00;699;0;0;0;0;4;0;0;0;590;0;0;0;0;0;104728;0;0;0;1462;0;550;0;0
2014;955,00;0;0;0;0;0;0;0;0;0;0;0;0;0;0;0;0;0;0;0;0;0;0;0;0
2014;983,00;0;0;0;0;0;0;0;0;0;0;0;0;0;0;0;0;0;0;0;0;0;0;0;0
2014;1002,00;0;0;0;0;0;0;0;0;0;0;0;0;0;0;0;0;0;0;0;0;0;0;0;0
2014;1015,00;24537;0;57;637;0;0;0;1690;0;3398;0;1722;0;12487;0;190919;0;180;0;17899;0;5336;537;307
2014;51,00;0;0;0;0;0;0;0;0;0;0;0;0;0;0;0;0;0;0;0;0;0;0;0;0
2014;441,00;835;0;0;0;0;0;0;0;0;0;0;0;0;0;0;4693;0;0;0;0;0;0;0;0
2014;327,00;0;0;0;0;0;0;0;0;0;0;0;0;0;0;0;0;0;0;0;0;0;0;0;0
2014;690,00;9672;0;8;747;0;4070;0;0;0;4596;0;2946;0;8473;0;37913;0;2380;0;14793;0;3288;269;39
2014;262,00;2296;0;1;0;0;1308;0;0;0;995;0;0;0;4948;0;15162;0;0;0;2860;0;2631;17;16
2014;403,00;0;0;0;0;0;0;0;0;0;0;0;0;0;0;0;0;0;0;0;0;0;0;0;0
2014;312,00;0;0;0;0;0;0;0;0;0;0;0;0;0;0;0;0;0;0;0;0;0;0;0;0
2014;589,00;0;0;0;0;0;0;0;0;0;336;0;0;0;0;0;41479;0;0;0;3269;0;1312;29;0
2014;665,00;6576;0;6;0;0;0;0;0;0;971;0;0;0;0;0;67085;0;0;0;8504;0;1432;82;0
2014;334,00;0;0;0;0;0;0;0;0;0;0;0;0;0;0;0;0;0;0;0;0;0;0;0;0
2014;1075,00;71940;0;174;1612;0;0;0;5957;0;16233;0;0;0;14925;0;193123;0;0;0;32831;0;4116;570;609
2014;751,00;22850;0;48;319;0;2468;0;3804;0;6772;0;0;0;9159;0;147452;17196;1089;0;22904;0;3236;712;432
2014;186,00;500;0;0;0;0;221;0;0;0;855;0;0;0;7823;0;10074;0;0;0;1180;0;220;0;0
2014;646,00;2170;0;0;0;0;0;0;0;0;476;0;0;0;0;0;27301;0;0;0;2669;0;939;0;0
2014;536,00;0;0;0;0;0;0;0;0;0;688;0;0;0;0;0;55571;0;0;0;2763;0;953;0;0
2014;242,00;181;0;0;0;0;0;0;0;0;0;0;0;0;0;0;0;0;0;0;0;0;270;0;0
2014;490,00;0;0;0;0;0;0;0;0;0;17052;0;0;0;0;0;11232;0;0;0;0;0;729;0;0
2014;500,00;4994;0;0;0;0;1709;0;646;0;3300;0;640;0;12969;0;30058;0;48;0;5442;0;1840;35;32
2014;206,00;1240;0;0;0;0;1077;0;0;0;1239;0;0;0;10840;0;11820;0;0;0;1882;0;312;5;0
2014;58,00;0;0;0;0;0;0;0;0;0;0;0;0;0;0;0;0;0;0;0;0;0;0;0;0
2014;572,00;8733;0;14;0;0;0;0;0;0;3587;0;0;0;5694;0;108936;0;0;0;9558;0;2675;388;130
2014;180,00;678;0;0;0;0;712;0;0;0;7629;0;0;0;0;0;1735;0;0;0;0;0;0;0;0
2014;549,00;2284;0;6;0;0;0;0;0;0;2355;0;0;0;0;0;29489;0;0;0;2002;0;478;30;0
2014;582,00;2265;0;7;0;0;0;0;0;0;3815;0;0;0;0;0;34145;0;0;0;3140;0;259;226;16
2014;743,00;13283;0;69;0;0;0;0;0;0;4326;0;0;0;6595;0;124857;42362;0;0;15542;0;3725;209;183
2014;795,00;7091;0;0;0;0;0;0;0;0;16535;0;0;0;0;0;9085;0;0;0;0;0;0;0;0
2014;269,00;256;0;0;0;0;0;0;0;0;0;0;0;0;3246;0;28125;0;0;0;0;0;625;0;0
2014;634,00;4370;0;4;0;0;0;0;0;0;3151;0;0;0;6931;0;45033;0;0;0;6013;0;1416;44;193
2014;1,00;0;0;0;0;0;0;0;0;0;2389;0;0;0;0;0;156897;0;0;0;0;0;91;63;0
2014;717,00;4593;0;8;0;0;0;0;0;0;1163;0;0;0;3475;0;57132;0;0;0;7814;0;1507;92;0
2014;373,00;0;0;0;0;0;0;0;0;0;4878;0;0;0;0;0;3685;0;0;0;0;0;0;0;0
2014;535,00;6725;0;3;0;0;0;0;0;0;5323;0;0;0;3736;0;49374;0;0;0;5918;0;1768;47;55
2014;824,00;23120;0;130;585;0;6224;0;5298;0;13412;0;550;0;17056;0;211745;53829;361;0;41064;0;4050;557;252
2014;888,00;2525;0;4;0;0;0;0;0;0;3295;0;0;0;0;0;35573;0;0;0;3778;0;721;33;0
2014;902,00;0;0;0;0;0;0;0;0;0;0;0;0;0;0;0;210;0;0;0;0;0;0;0;0
2014;968,00;0;0;0;0;0;0;0;0;0;0;0;0;0;0;0;0;0;0;0;0;0;0;0;0
2014;346,00;0;0;0;0;0;0;0;0;0;0;0;0;0;0;0;0;0;0;0;0;0;0;0;0
2014;27,00;0;0;0;0;0;0;0;0;0;0;0;0;0;0;0;0;0;0;0;0;0;0;0;0
2014;165,00;759;0;0;0;0;0;0;0;0;634;0;0;0;0;0;5995;0;0;0;1140;0;439;0;0
2014;956,00;14957;0;3;0;0;865;0;0;0;4446;0;0;0;5132;0;127008;0;0;0;12492;0;3451;309;661
2014;413,00;0;0;0;0;0;0;0;0;0;0;0;0;0;0;0;0;0;0;0;0;0;0;0;0
2014;149,00;0;0;0;0;0;0;0;0;0;891;0;0;0;0;0;1814;0;0;0;0;0;0;0;0
2014;612,00;0;0;0;0;0;1519;0;0;0;4819;0;0;0;8840;0;27052;0;0;0;2256;0;1425;0;0
2014;559,00;568;0;0;0;0;0;0;0;0;783;0;0;0;1688;0;5977;0;0;0;567;0;541;0;0
2014;7,00;0;0;0;0;0;0;0;0;0;793;0;0;0;0;0;3664;0;0;0;295;0;0;0;0
2014;283,00;3395;0;0;74;0;1348;0;3917;0;4640;0;1765;0;12811;0;46558;0;47;0;7348;0;865;25;25
2014;37,00;0;0;0;0;0;0;0;0;0;0;0;0;0;0;0;0;0;0;0;0;0;0;0;0
2014;153,00;3108;0;0;0;0;1220;0;0;0;4300;0;0;0;10161;0;57633;0;0;0;5802;0;970;41;0
2014;547,00;11797;0;9;99;0;0;0;0;0;1743;0;0;0;0;0;70574;0;0;0;5870;0;2034;140;70
2014;397,00;0;0;0;0;0;0;0;0;0;0;0;0;0;0;0;612;0;0;0;0;0;0;0;0
2014;556,00;4323;0;1;0;0;0;0;0;0;1150;0;0;0;0;0;41548;0;0;0;3490;0;1116;0;0
2014;42,00;0;0;0;0;0;0;0;0;0;0;0;0;0;0;0;0;0;0;0;0;0;0;0;0
2014;31,00;0;0;0;0;0;0;0;0;0;0;0;0;0;0;0;0;0;0;0;0;0;0;0;0
2014;740,00;20328;0;48;1558;0;1726;0;4083;0;6561;9997;0;0;3275;0;134866;73537;1368;0;20127;0;6635;726;204
2014;217,00;1869;0;0;0;0;250;0;0;0;1427;0;0;0;2411;0;25902;0;0;0;1711;0;559;25;0
2014;863,00;556;0;0;0;0;3;0;0;0;329;0;0;0;5622;0;9893;0;0;0;1090;0;184;0;0
2014;889,00;21257;0;38;2712;0;3019;0;4651;0;3536;0;1735;0;4202;0;132009;100034;820;0;23068;0;4431;709;256
2014;984,00;1300;0;0;0;0;366;0;0;0;1572;0;0;0;3446;0;25805;0;0;0;3010;0;615;44;0
2014;1106,00;0;0;0;0;0;0;0;0;0;129;0;0;0;872;0;2416;0;0;0;445;0;83;0;0
2014;34,00;0;0;0;0;0;0;0;0;0;0;0;0;0;0;0;0;0;0;0;0;0;0;0;0
2014;791,00;6540;0;0;0;0;1381;0;0;0;1452;0;0;0;8055;0;64606;0;0;0;9493;0;1074;0;126
2014;181,00;0;0;0;0;0;0;0;0;0;0;0;0;0;0;0;117;0;0;0;0;0;0;0;0
2014;430,00;0;0;0;0;0;0;0;0;0;0;0;0;0;0;0;7452;0;0;0;0;0;0;0;0
2014;715,00;15855;0;3;152;0;0;0;4186;0;4220;0;0;0;18435;0;122087;0;677;0;28045;0;2765;327;83
2014;521,00;259;0;0;0;0;0;0;0;0;0;0;0;0;1413;0;22158;0;0;0;550;0;73;29;0
2014;524,00;0;0;0;47;0;0;0;664;0;3194;0;0;0;4507;0;10880;0;0;0;2878;0;479;61;30
2014;432,00;0;0;0;0;0;0;0;0;0;0;0;0;0;0;0;4875;0;0;0;0;0;52;0;0
2014;459,00;0;0;0;0;0;0;0;0;0;0;0;0;0;0;0;5987;0;0;0;0;0;0;0;0
2014;320,00;393;0;0;0;0;0;0;0;0;0;0;0;0;0;0;4831;0;0;0;0;0;0;0;0
2014;45,00;0;0;0;0;0;0;0;0;0;0;0;0;0;0;0;0;0;0;0;0;0;0;0;0
2014;618,00;4310;0;1;0;0;0;0;0;0;2677;0;0;0;0;0;50442;3880;0;0;4149;0;1380;118;0
2014;463,00;9067;0;4;0;0;0;0;0;0;3986;0;0;0;4325;0;78698;17251;0;0;9589;0;2969;160;87
2014;891,00;3597;0;4;0;0;0;0;0;0;0;0;0;0;139;0;16627;0;0;0;674;0;792;94;0
2014;958,00;14675;0;4;0;0;777;0;0;0;3098;0;0;0;6258;0;72396;0;0;0;18725;0;2621;217;98
2014;244,00;974;0;0;0;0;0;0;0;0;0;0;0;0;0;0;1895;0;0;0;123;0;298;0;0
2014;28,00;0;0;0;0;0;0;0;0;0;0;0;0;0;0;0;0;0;0;0;0;0;0;0;0
2014;444,00;4308;0;0;0;0;0;0;0;0;431;0;0;0;0;0;13235;0;0;0;0;0;2338;0;0
2014;479,00;589;0;0;0;0;0;0;0;0;0;0;0;0;0;0;2471;0;0;0;0;0;532;0;0
2014;285,00;0;0;0;0;0;3075;0;0;0;4426;0;0;0;5899;0;31511;0;0;0;5384;0;1423;96;29
2014;253,00;10766;0;1;122;0;3345;0;0;0;8378;0;0;0;15210;0;68612;0;0;0;9940;0;2728;46;0
2014;481,00;2215;0;2;0;0;1284;0;0;0;2020;0;0;0;5325;0;20028;0;0;0;2877;0;555;10;8
2014;540,00;9850;0;0;84;0;0;0;924;0;3226;0;301;0;7297;0;32322;0;0;0;5848;0;0;0;0
2014;332,00;0;0;0;0;0;0;0;0;0;0;0;0;0;0;0;0;0;0;0;0;0;0;0;0
2014;41,00;0;0;0;0;0;0;0;0;0;0;0;0;0;0;0;0;0;0;0;0;0;0;0;0
2014;510,00;1547;0;0;0;0;464;0;0;0;1040;0;0;0;2852;0;26828;0;0;0;1289;0;566;3;4
2014;305,00;0;0;0;0;0;0;0;0;0;1722;0;0;0;0;0;17159;0;0;0;0;0;0;0;0
2014;708,00;4588;0;7;0;0;0;0;0;0;9216;0;0;0;0;0;105178;0;0;0;10119;0;1274;145;109
2014;755,00;33110;0;137;2762;0;9573;0;7997;0;14069;1960;5577;0;20592;0;362400;98285;5320;0;63683;0;6122;1196;520
2014;750,00;20871;0;75;2522;0;3569;0;3969;0;8281;5746;0;0;8111;0;299486;51631;2475;0;42312;0;7876;1360;425
2014;696,00;12865;0;19;281;0;0;0;0;0;10784;0;0;0;8431;0;193058;83112;0;0;28754;0;5390;2061;226
2014;434,00;0;0;0;0;0;0;0;0;0;3335;0;0;0;0;0;19588;0;0;0;2108;0;1160;9;0
2014;421,00;0;0;0;0;0;0;0;0;0;0;0;0;0;5283;0;21853;0;0;0;1781;0;0;0;0
2014;827,00;0;0;0;0;0;0;0;0;0;0;0;0;0;0;0;0;0;0;0;0;0;0;0;0
2014;933,00;10833;0;1;0;0;0;0;0;0;6317;0;0;0;5250;0;155915;0;0;0;14697;0;3495;374;177
2014;1021,00;0;0;0;0;0;0;0;0;0;0;0;0;0;0;0;0;0;0;0;0;0;0;0;0
2014;1085,00;0;0;0;0;0;0;0;0;0;0;0;0;0;0;0;0;0;0;0;0;0;0;0;0
2014;658,00;5848;0;2;0;0;0;0;0;0;1918;0;0;0;2997;0;55668;0;0;0;5713;0;1162;57;0
2014;353,00;0;0;0;0;0;0;0;0;0;24453;0;0;0;0;0;16423;0;0;0;0;0;0;0;0
2014;323,00;0;0;0;0;0;0;0;0;0;0;0;0;0;0;0;0;0;0;0;0;0;0;0;0
2014;620,00;3190;0;4;0;0;0;0;0;0;1879;0;0;0;0;0;39064;0;0;0;3861;0;952;68;0
2014;384,00;0;0;0;0;0;0;0;0;0;0;0;0;0;3727;0;11878;0;0;0;0;0;0;31;0
2014;554,00;10110;0;2;0;0;2463;0;0;0;3055;0;0;0;5786;0;117079;0;0;0;14951;0;2735;366;185
2014;209,00;946;0;0;0;0;236;0;0;0;917;0;0;0;2289;0;23392;0;0;0;1336;0;635;0;0
2014;707,00;36355;0;34;104;0;0;0;0;0;23887;0;0;0;17420;0;141010;53002;0;0;29009;634;5542;572;237
2014;395,00;11;0;0;0;0;0;0;0;0;0;0;0;0;0;0;7963;0;0;0;0;0;0;0;0
2014;969,00;3471;0;0;0;0;1769;0;0;0;1079;0;0;0;3767;0;22003;0;166;0;2411;0;933;0;0
2014;1052,00;0;0;0;0;0;0;0;0;0;0;0;0;0;0;0;0;0;0;0;0;0;0;0;0
2014;739,00;32020;0;89;6925;0;6654;0;7579;0;10693;0;3214;0;32991;0;199952;51861;722;0;35891;0;3581;1270;249
2014;613,00;23988;0;57;1307;0;0;4668;4635;0;9617;0;0;0;6291;0;11483;42884;0;0;23257;0;3189;462;136
2014;593,00;17267;0;4;0;0;0;4737;0;0;3104;0;0;0;7982;0;94771;49467;0;0;14648;0;3742;358;116
2014;704,00;31623;0;59;1430;0;0;0;4464;0;8230;0;0;0;18938;0;147432;29661;0;0;29360;0;3870;1915;311
2014;493,00;0;0;0;0;0;14700;0;0;0;0;0;0;0;0;0;8821;0;0;0;1614;0;0;0;0
2014;686,00;25331;0;40;1769;0;5927;0;2240;0;5195;0;1813;0;23320;0;190719;0;290;0;22653;0;3901;523;242
2014;257,00;7891;0;0;33;0;2956;0;1500;0;5474;0;800;0;10717;0;82295;0;0;0;4520;0;1015;29;25
2014;494,00;263;0;5;0;0;0;0;0;0;46;0;0;0;0;0;1104;0;0;0;31;0;382;0;0
2014;681,00;25036;0;4;0;0;2574;0;2565;0;10158;0;599;0;3976;0;10224;0;0;0;25594;0;2064;81;0
2014;286,00;14746;0;0;0;0;1681;0;0;0;14437;0;0;0;6283;0;32885;0;0;0;3832;0;2056;10;23
2014;255,00;6390;0;0;0;0;2748;0;0;0;4538;0;0;0;16337;0;79722;0;0;0;8091;0;1558;182;19
2014;79,00;0;0;0;0;0;0;0;0;0;0;0;0;0;0;0;0;0;0;0;0;0;0;0;0
2014;81,00;0;0;0;0;0;0;0;0;0;0;0;0;0;0;0;0;0;0;0;0;0;0;0;0
2014;688,00;12767;0;6;0;0;0;0;0;0;5020;0;0;0;6086;0;96318;0;0;0;10785;0;2021;121;132
2014;531,00;14669;0;10;0;0;0;4236;0;0;3979;0;0;0;10897;0;71033;31074;0;0;9691;0;2176;1791;109
2014;514,00;0;0;0;0;0;0;0;0;0;902;0;0;0;0;0;30433;0;0;0;2314;0;0;0;0
2014;499,00;96;0;0;0;0;0;0;0;0;0;0;0;0;8018;0;24093;0;0;0;4621;0;0;0;0
2014;532,00;9365;3490;8;0;0;1705;237;0;0;1961;176;0;0;8056;0;49138;30079;0;0;9197;0;2564;224;91
2014;190,00;0;0;0;0;0;0;0;0;0;0;0;0;0;0;0;5387;0;0;0;0;0;0;0;0
2014;598,00;3500;0;4;0;0;0;0;0;0;2118;0;0;0;0;0;45907;0;0;0;4879;0;1075;33;0
2014;260,00;16831;0;0;800;0;3979;0;243;0;12132;0;2080;0;17020;0;142796;0;67;0;9996;0;1011;0;0
2014;838,00;1232;0;0;0;0;0;0;0;0;1114;0;0;0;893;0;19350;0;0;0;1014;0;215;0;0
2014;839,00;335;0;0;0;0;305;0;0;0;1532;0;0;0;1083;0;13359;0;0;0;471;0;219;0;0
2014;851,00;0;0;0;0;0;0;0;0;0;0;0;0;0;0;0;0;0;0;0;0;0;0;0;0
2014;852,00;19815;0;16;0;0;3746;0;0;0;3265;0;530;0;13142;0;77994;73979;877;0;22608;0;3370;227;19
2014;988,00;0;0;0;0;0;0;0;0;0;0;0;0;0;0;0;1558;0;0;0;0;0;0;0;0
2014;1056,00;17561;0;3;34;0;6599;0;0;0;5807;0;0;0;10721;0;131503;25803;0;0;15768;0;3150;146;141
2014;1044,00;0;0;0;0;0;0;0;0;0;0;0;0;0;0;0;0;0;0;0;0;0;0;0;0
2014;644,00;16944;0;6;2052;0;4242;0;0;0;4280;0;0;0;10347;0;114810;45175;0;0;16928;0;4625;355;1043
2014;752,00;16156;0;19;0;0;0;0;7112;0;4841;0;0;0;17689;0;145426;39507;641;0;21449;0;4047;1089;0
2014;238,00;0;0;0;0;0;0;0;0;0;0;0;0;0;0;0;0;0;0;0;0;0;0;0;0
2014;325,00;0;0;0;0;0;0;0;0;0;0;0;0;0;0;0;0;0;0;0;0;0;0;0;0
2014;622,00;4275;0;1;0;0;0;0;0;0;811;0;0;0;0;0;39137;0;0;0;6320;0;1276;0;0
2014;879,00;482;0;0;0;0;0;0;0;0;0;0;0;0;8;0;2316;0;0;0;280;0;0;0;0
2014;906,00;1361;0;0;0;0;0;0;0;0;4;0;0;0;280;0;21284;0;0;0;1334;0;557;0;74
2014;370,00;0;0;0;0;0;0;0;0;0;0;0;0;0;0;0;9695;0;0;0;0;0;;;
2014;418,00;0;0;0;0;0;0;0;0;0;0;0;0;0;3502;0;16896;0;0;0;0;0;;;
2014;574,00;0;0;0;0;0;0;0;0;0;0;0;0;0;3396;0;10938;0;0;0;0;0;;;
2014;399,00;0;0;0;0;0;0;0;0;0;0;0;0;0;0;0;3604;0;0;0;0;0;0;0;0
2014;195,00;0;0;0;0;0;0;0;0;0;0;0;0;0;0;0;6258;0;0;0;0;0;;;
2014;783,00;32203;0;25;610;0;0;0;0;0;11009;0;0;0;7943;0;38511;121980;0;0;21915;6779;0;0;0
2014;263,00;0;0;0;0;0;0;0;0;0;0;0;0;0;0;0;23327;0;0;0;0;0;0;0;0
2014;194,00;0;0;0;0;0;0;0;0;0;2917;0;0;0;0;0;19032;0;0;0;0;0;0;0;0
2014;785,00;37364;0;73;1341;0;0;0;0;0;7685;889;0;0;11017;0;162585;101928;0;0;45623;0;0;0;0
2014;780,00;7228;0;4;0;0;0;0;0;0;1382;8487;0;0;0;0;38117;50808;0;0;7959;0;0;0;0
2014;782,00;23510;0;12;232;0;0;0;0;0;4004;0;0;0;0;0;94174;90082;0;0;19195;0;0;0;0
2014;369,00;0;0;0;0;0;0;0;0;0;0;0;0;0;0;0;4548;0;0;0;0;0;0;0;0
2014;84,00;0;0;0;0;0;0;0;0;0;0;0;0;0;0;0;0;0;0;0;0;0;;;
2014;713,00;0;0;0;0;0;0;0;0;0;315;0;0;0;9417;0;43674;0;0;0;11812;0;0;0;0
2014;941,00;0;0;0;0;0;0;0;0;0;0;0;0;0;0;0;0;0;0;0;0;0;;;
2014;1091,00;0;0;0;0;0;0;0;0;0;0;0;0;0;0;0;0;0;0;0;0;0;0;0;0
2014;1045,00;4550;0;0;0;0;398;0;286;0;1523;0;53;0;4699;0;14380;0;0;0;2100;0;0;0;0
2014;1086,00;0;0;0;0;0;1071;0;1472;0;2243;0;1845;0;11748;0;65201;0;0;0;15203;0;0;0;0
2014;937,00;17476;0;10;0;0;3159;0;0;0;3844;0;0;0;5911;0;99682;0;0;0;16996;0;8039;199;0
2014;1004,00;0;0;0;0;0;0;0;0;0;0;0;0;0;0;0;0;0;0;0;0;0;348;0;0
2014;737,00;20281;0;50;277;0;0;0;5304;0;6299;3739;0;0;5853;0;123545;34449;866;0;18142;0;4685;579;425
2014;765,00;37840;0;97;296;0;6049;0;7796;0;10420;2984;0;0;18244;0;274863;44494;680;0;42202;0;5956;916;487
2014;329,00;7555;0;0;0;0;0;0;0;0;0;0;0;0;0;0;59671;35996;0;0;7269;0;2828;254;0
2014;87,00;0;0;0;0;0;0;0;0;0;0;0;0;0;0;0;0;0;0;0;0;0;0;0;0
2014;527,00;4205;0;0;0;0;0;0;0;0;5169;0;0;0;6699;0;13629;0;0;0;3010;0;0;0;0
2014;562,00;152;0;0;3;0;0;0;0;0;0;0;0;0;4989;0;47111;0;0;0;1991;0;0;0;0
2014;251,00;0;0;0;0;0;2514;0;0;0;752;0;0;0;5141;0;23761;0;0;0;3345;0;0;0;0
2014;129,00;0;0;0;0;0;0;0;0;0;0;0;0;0;0;0;0;0;0;0;0;0;0;0;0
2014;154,00;0;0;0;0;0;0;0;0;0;0;0;0;0;0;0;1175;0;0;0;0;0;0;0;0
2014;516,00;0;0;0;0;0;884;0;0;0;660;0;2126;0;8789;0;75844;0;0;0;4476;0;290;17;0
2014;184,00;0;0;0;0;0;0;0;0;0;0;0;0;0;2710;0;5240;0;0;0;0;0;455;0;0
2014;652,00;1735;0;0;0;0;1195;0;0;0;3658;0;0;0;0;0;45129;0;0;0;4239;0;635;40;27
2014;637,00;4732;0;1;0;0;0;0;0;0;1257;0;0;0;0;0;36852;0;0;0;3612;0;777;54;0
2014;88,00;0;0;0;0;0;0;0;0;0;0;0;0;0;0;0;0;0;0;0;0;0;0;0;0
2014;907,00;0;0;0;0;0;0;0;0;0;0;0;0;0;0;0;0;0;0;0;0;0;0;0;0
2014;970,00;0;0;0;0;0;0;0;0;0;0;0;0;0;0;0;0;0;0;0;0;0;0;0;0
2014;1019,00;0;0;0;0;0;0;0;0;0;0;0;0;0;0;0;8474;0;0;0;0;0;232;0;0
2014;1016,00;0;0;0;17;0;0;0;0;0;345;0;0;0;5693;0;25848;0;0;0;1152;0;114;0;0
2014;1047,00;3922;0;0;0;0;995;0;0;0;721;0;0;0;2911;0;44525;0;0;0;4708;0;396;129;0
2014;635,00;3148;0;1;0;0;241;0;0;0;319;0;0;0;0;0;44418;0;0;0;6768;0;352;81;0
