"año";"NCODI";"totHemodina_Paciente";"totPaciente_radioInterv";"totLitofrag_Paciente";"totLitofrag_Sesion";"totAceleLineal_Paciente";"totAceleLineal_Sesion";"totBomCobal_Paciente";"totBomCobal_Sesion";"totOtraRadio_Paciente";"totOtraRadio_Sesion";"totFisiot_Paciente";"totFisiot_Sesion";"totLogop_Paciente";"totLogop_Sesion";"totTerapOcupa_Paciente";"totTerapOcupa_Sesion";"totHemodial_Paciente";"totHemodial_Sesion";"totHemodialDom_Paciente";"totHemodialDom_Sesion";"totDialPerito_Paciente";"totDialPerito_Sesion"
2014;113,00;0;0;0;0;0;0;0;0;0;0;0;0;0;0;192;3416;0;0;0;0;0;0
2014;619,00;0;0;0;0;0;0;0;0;0;0;0;0;0;0;0;0;0;0;0;0;0;0
2014;163,00;0;0;0;0;0;0;0;0;0;0;0;0;0;0;0;0;0;0;0;0;0;0
2014;131,00;0;0;0;0;0;0;0;0;0;0;52;440;0;0;0;0;0;0;0;0;0;0
2014;375,00;0;0;0;0;0;0;0;0;0;0;1161;14854;0;0;0;0;0;0;0;0;0;0
2014;1090,00;1409;1635;467;697;752;14098;0;0;0;0;15820;332205;0;0;0;0;177;15441;0;0;0;0
2014;764,00;1798;1965;368;476;824;17318;0;0;46;169;12319;101549;2534;4294;2136;23446;83;12560;1;158;59;19879
2014;14,00;0;0;0;0;0;0;0;0;0;0;0;0;0;0;0;0;0;0;0;0;0;0
2014;657,00;0;404;0;0;0;0;0;0;0;0;2710;19651;0;0;0;0;0;0;0;0;0;0
2014;362,00;126;69;0;0;0;0;0;0;0;0;1562;16293;0;0;0;0;0;0;0;0;0;0
2014;989,00;0;0;0;0;0;0;0;0;0;0;1232;20007;161;2861;95;1833;0;0;0;0;0;0
2014;990,00;0;0;0;0;0;0;0;0;0;0;2305;16605;464;1276;270;2971;0;0;0;0;0;0
2014;680,00;2435;1634;185;276;0;0;0;0;0;0;5894;255458;0;0;0;0;729;13879;0;0;26;9490
2014;411,00;8511;454;0;0;0;0;0;0;0;0;572;924;0;0;0;0;84;12994;0;0;0;0
2014;241,00;193;141;0;0;0;0;0;0;0;0;0;0;0;0;0;0;270;30757;0;0;3;1436
2014;558,00;0;903;0;0;0;0;0;0;0;0;2256;203012;0;0;0;0;115;14367;10;1988;13;4609
2014;167,00;0;0;0;0;0;0;0;0;0;0;0;0;0;0;0;0;0;0;0;0;0;0
2014;248,00;264;187;0;0;610;675;0;0;108;213;1294;16111;0;0;0;0;359;13338;0;0;0;0
2014;224,00;0;0;0;0;0;0;0;0;0;0;0;0;0;0;0;0;0;0;0;0;0;0
2014;591,00;293;0;111;111;0;0;0;0;0;0;17328;388027;0;0;0;0;182;8827;0;0;32;35040
2014;586,00;0;943;0;0;0;0;0;0;0;0;13020;434919;0;0;0;0;1254;13318;0;0;153;18620
2014;453,00;0;0;0;0;0;0;0;0;0;0;1227;100429;138;2640;645;12817;0;0;0;0;0;0
2014;145,00;0;0;0;0;0;0;0;0;0;0;26;4461;0;0;0;0;0;0;0;0;0;0
2014;511,00;0;667;0;0;0;0;0;0;0;0;5728;103104;0;0;0;0;429;4573;0;0;104;104
2014;530,00;0;0;0;0;0;0;0;0;0;0;6967;286489;0;0;0;0;0;0;0;0;0;0
2014;6,00;0;2;70;70;0;0;0;0;0;0;1245;4235;38;96;0;0;0;0;0;0;0;0
2014;161,00;0;0;0;0;0;0;0;0;0;0;0;0;0;0;115;1450;0;0;0;0;0;0
2014;623,00;1758;1310;0;0;958;19838;0;0;0;0;10437;211823;0;0;0;0;0;0;0;0;0;0
2014;489,00;0;0;0;0;0;0;0;0;0;0;78;312;0;0;0;0;0;0;0;0;0;0
2014;875,00;167;608;0;0;525;10856;0;0;0;0;3732;32270;18;21;0;0;0;0;0;0;0;0
2014;940,00;0;0;0;0;0;0;0;0;0;0;0;0;0;0;113;928;0;0;0;0;0;0
2014;946,00;118;392;0;0;0;0;0;0;0;0;2710;28528;0;0;0;0;135;1492;0;0;0;0
2014;1023,00;656;462;0;0;0;0;0;0;0;0;4882;80743;532;4016;0;0;275;17778;0;0;16;4973
2014;1054,00;595;1548;0;0;0;0;0;0;0;0;2807;30296;230;1911;0;0;200;14641;0;0;0;0
2014;1057,00;0;0;0;0;0;0;0;0;0;0;294;36336;141;13383;186;12637;0;0;0;0;0;0
2014;1031,00;0;0;0;0;0;0;0;0;0;0;34;1693;35;1046;36;3586;0;0;0;0;0;0
2014;1032,00;476;236;86;86;0;0;0;0;0;0;6271;108519;484;3097;0;0;129;13898;0;0;9;3433
2014;1064,00;0;182;0;0;431;9930;0;0;0;0;1800;28349;0;0;0;0;0;0;0;0;0;0
2014;226,00;80;43;46;46;0;0;0;0;0;0;1260;19894;0;0;0;0;6;921;0;0;0;0
2014;687,00;0;0;0;0;0;0;0;0;0;0;1180;24858;0;0;58;4361;0;0;0;0;0;0
2014;745,00;1070;2313;0;0;893;20861;0;0;0;0;7306;41428;0;0;580;2045;384;15509;0;0;61;11651
2014;109,00;60;0;0;0;0;0;0;0;0;0;5595;42240;193;3470;0;0;0;0;0;0;0;0
2014;808,00;0;786;0;0;0;0;0;0;0;0;47921;105207;0;0;0;0;60;9191;0;0;0;0
2014;971,00;0;0;0;0;0;0;0;0;0;0;669;35093;0;0;0;0;0;0;0;0;0;0
2014;128,00;0;0;0;0;0;0;0;0;0;0;733;13183;328;5879;0;0;0;0;0;0;0;0
2014;919,00;0;1466;0;0;0;0;0;0;0;0;51303;134436;0;0;2760;7938;46;7222;1;258;13;4367
2014;725,00;2309;909;0;0;1734;24164;0;0;0;0;5237;82871;265;6749;383;12797;74;13652;6;1560;26;9490
2014;3,00;0;0;0;0;0;0;0;0;0;0;46;10431;0;0;0;0;0;0;0;0;0;0
2014;306,00;0;129;0;0;0;0;0;0;0;0;0;0;0;0;10;60;0;0;0;0;0;0
2014;15,00;0;0;0;0;0;0;0;0;0;0;837;7056;0;0;0;0;0;0;0;0;0;0
2014;264,00;0;0;0;0;0;0;0;0;0;0;0;0;0;0;0;0;0;0;0;0;0;0
2014;867,00;0;0;0;0;0;0;0;0;0;0;721;12976;26;292;0;0;0;0;0;0;0;0
2014;910,00;0;0;0;0;0;0;0;0;0;0;760;25451;0;0;0;0;65;8596;0;0;0;0
2014;1053,00;0;984;0;0;0;0;0;0;0;0;18875;62641;0;0;0;0;0;0;0;0;0;0
2014;1055,00;703;810;489;991;312;321;0;0;0;0;0;0;0;0;0;0;0;0;0;0;0;0
2014;1081,00;0;0;0;0;0;0;0;0;0;0;231;36556;161;16549;231;31863;0;0;0;0;0;0
2014;1099,00;0;0;0;0;0;0;0;0;0;0;0;0;0;0;0;0;0;0;0;0;0;0
2014;529,00;0;0;0;0;0;0;0;0;0;0;1372;32490;342;7542;528;12286;0;0;0;0;0;0
2014;345,00;0;0;0;0;0;0;0;0;0;0;79;720;0;0;70;3250;0;0;0;0;0;0
2014;515,00;0;0;0;0;0;0;0;0;0;0;1783;48215;0;0;0;0;0;0;0;0;0;0
2014;174,00;0;0;0;0;0;0;0;0;0;0;0;0;0;0;0;0;0;0;0;0;0;0
2014;523,00;0;0;0;0;0;0;0;0;0;0;4676;152077;252;9292;438;14616;0;0;0;0;0;0
2014;697,00;363;455;42;42;0;0;0;0;0;0;217;3917;0;0;98303;98303;0;0;0;0;0;0
2014;239,00;209;204;0;0;0;0;0;0;0;0;4664;89079;21;130;0;0;0;0;0;0;0;0
2014;287,00;304;19;154;422;318;6643;0;0;0;0;3298;208323;40;783;13;2642;204;13667;0;0;0;0
2014;377,00;0;0;0;0;0;0;0;0;0;0;699;54497;0;0;73;2030;0;0;0;0;0;0
2014;692,00;0;7;0;0;0;0;0;0;0;0;4802;84840;243;2979;0;0;59;7717;25;8666;0;0
2014;335,00;0;0;0;0;0;0;0;0;0;0;280;5156;0;0;97;11104;0;0;0;0;0;0
2014;435,00;309;0;0;0;0;0;0;0;0;0;2946;53044;0;0;0;0;0;0;0;0;0;0
2014;423,00;0;0;0;0;0;0;0;0;0;0;949;9990;112;868;0;0;0;0;0;0;0;0
2014;351,00;0;0;0;0;0;0;0;0;0;0;1528;27504;0;0;0;0;0;0;0;0;0;0
2014;810,00;0;0;0;0;0;0;0;0;0;0;2549;172620;127;851;0;0;0;0;0;0;0;0
2014;830,00;0;0;0;0;0;0;0;0;0;0;7212;85477;0;0;0;0;63;9495;0;0;5;3152
2014;892,00;0;758;0;0;0;0;0;0;0;0;4911;214151;135;1493;221;9615;65;11192;0;0;14;5511
2014;921,00;123;96;148;162;0;0;0;0;0;0;4337;78080;0;0;0;0;0;0;0;0;0;0
2014;991,00;0;0;0;0;0;0;0;0;0;0;0;4724;0;0;0;0;0;0;0;0;0;0
2014;992,00;0;0;0;0;0;0;0;0;0;0;2039;55686;0;0;189;3193;70;5345;0;0;0;0
2014;993,00;0;56;0;0;0;0;0;0;0;0;59693;191289;242;1581;1377;3096;83;5694;0;0;2;380
2014;1070,00;3438;3957;646;646;1448;28772;0;0;52;119;10195;183558;162;1783;346;6243;61;9455;0;0;0;0
2014;1095,00;0;0;0;0;0;0;0;0;0;0;425;6901;0;0;0;0;0;0;0;0;0;0
2014;1094,00;0;0;0;0;0;0;0;0;0;0;739;5906;0;0;0;0;0;0;0;0;0;0
2014;473,00;0;0;0;0;0;0;0;0;0;0;0;0;0;0;0;0;0;0;0;0;0;0
2014;663,00;1096;0;0;0;0;0;0;0;0;0;2632;23920;0;0;0;0;233;7680;0;0;0;0
2014;552,00;0;0;0;0;1111;18620;0;0;91;1531;3054;40880;66;801;228;5262;0;0;0;0;0;0
2014;772,00;3895;3627;0;0;1208;20358;0;0;0;0;2022;36198;0;0;0;0;750;23867;4;728;71;13359
2014;568,00;0;0;0;0;0;0;0;0;0;0;27040;62129;360;404;3184;10767;0;0;0;0;0;0
2014;398,00;0;86;0;0;0;0;0;0;0;0;2316;16926;0;0;155;770;0;0;0;0;0;0
2014;394,00;0;461;0;0;0;0;0;0;0;0;244;11327;0;0;0;0;0;0;0;0;0;0
2014;614,00;0;272;0;0;0;0;0;0;0;0;347;10784;0;0;168;4147;0;0;0;0;0;0
2014;235,00;0;0;0;0;0;0;0;0;0;0;331;7726;0;0;0;0;0;0;0;0;0;0
2014;616,00;0;203;0;0;0;0;0;0;0;0;2595;25402;0;0;0;0;0;0;0;0;0;0
2014;267,00;460;0;0;0;0;0;0;0;0;0;0;0;0;0;0;0;0;0;0;0;0;0
2014;565,00;0;0;0;0;0;0;0;0;0;0;4404;40224;261;3174;0;0;0;0;0;0;0;0
2014;220,00;0;0;0;0;0;0;0;0;0;0;145;3723;0;0;0;0;0;0;0;0;0;0
2014;278,00;0;0;0;0;0;0;0;0;0;0;0;0;0;0;0;0;0;0;0;0;0;0
2014;107,00;0;0;0;0;0;0;0;0;0;0;0;0;0;0;0;0;0;0;0;0;0;0
2014;711,00;1860;450;0;0;1043;22265;0;0;244;1098;3950;51205;629;3422;231;3080;0;0;0;0;0;0
2014;204,00;0;0;0;0;0;0;0;0;0;0;476;12501;0;0;220;798;0;0;0;0;0;0
2014;579,00;0;0;0;0;0;0;0;0;0;0;1722;12055;0;0;0;0;0;0;0;0;0;0
2014;348,00;0;0;0;0;0;0;0;0;0;0;471;16023;0;0;0;0;0;0;0;0;0;0
2014;766,00;0;2505;1834;2501;0;0;0;0;1;1;0;0;0;0;0;0;546;19531;1;121;25;7985
2014;761,00;0;0;0;0;0;0;0;0;0;0;2234;22696;0;0;251;3490;0;0;0;0;0;0
2014;728,00;0;0;215;254;0;0;0;0;0;0;5147;48375;265;2652;0;0;0;0;0;0;0;0
2014;280,00;538;0;0;0;440;440;0;0;0;0;0;0;0;0;0;0;0;0;0;0;0;0
2014;222,00;0;0;0;0;0;0;0;0;0;0;0;0;0;0;0;0;0;0;0;0;0;0
2014;276,00;324;296;181;224;649;14153;0;0;0;0;2188;37340;0;0;0;0;0;0;0;0;0;0
2014;11,00;48;48;214;234;0;0;0;0;0;0;0;0;0;0;0;0;0;0;0;0;0;0
2014;302,00;0;0;0;0;0;0;0;0;0;0;551;9019;46;402;0;0;0;0;0;0;0;0
2014;682,00;0;0;0;0;1084;24327;0;0;0;0;431;17621;0;0;0;0;0;0;0;0;0;0
2014;279,00;0;0;0;0;0;0;0;0;0;0;1292;6809;0;0;0;0;0;0;0;0;0;0
2014;282,00;527;446;0;0;579;5761;0;0;0;0;2225;15300;0;0;0;0;0;0;0;0;0;0
2014;281,00;483;638;0;0;0;0;0;0;0;0;0;0;0;0;0;0;0;0;0;0;0;0
2014;183,00;0;0;0;0;0;0;0;0;0;0;0;0;0;0;0;0;0;0;0;0;0;0
2014;610,00;0;0;0;0;0;0;0;0;0;0;0;0;0;0;0;0;0;0;0;0;0;0
2014;116,00;0;0;0;0;0;0;0;0;0;0;1468;42255;46;467;402;1616;0;0;0;0;0;0
2014;115,00;0;0;0;0;0;0;0;0;0;0;31;2331;0;0;0;0;0;0;0;0;0;0
2014;114,00;0;0;0;0;0;0;0;0;0;0;142;4888;0;0;118;4748;0;0;0;0;0;0
2014;119,00;0;0;0;0;0;0;0;0;0;0;0;0;0;0;0;0;0;0;0;0;0;0
2014;770,00;1829;3276;399;523;0;0;0;0;0;0;1163;17577;234;2649;738;5754;736;8799;0;0;54;13727
2014;583,00;0;0;0;0;0;0;0;0;0;0;45;576;0;0;0;0;0;0;0;0;0;0
2014;136,00;0;0;0;0;0;0;0;0;0;0;1653;30982;63;1411;460;5516;0;0;0;0;0;0
2014;469,00;0;92;0;0;0;0;0;0;0;0;1468;12836;120;710;70;80;0;0;0;0;0;0
2014;642,00;0;0;0;0;0;0;0;0;0;0;3003;51084;104;1242;132;5297;0;0;0;0;0;0
2014;674,00;554;50;0;0;0;0;0;0;0;0;2667;19245;398;1557;132;1605;4;5;0;0;3;612
2014;193,00;0;0;0;0;0;0;0;0;0;0;745;13169;0;0;0;0;0;0;0;0;0;0
2014;526,00;0;0;0;0;0;0;0;0;0;0;1062;14625;63;284;0;0;0;0;0;0;0;0
2014;698,00;2947;6623;544;736;0;0;0;0;0;0;2179;33318;84;1522;271;4260;188;7977;0;0;0;0
2014;630,00;0;258;0;0;0;0;0;0;0;0;3559;43664;782;9777;0;0;0;0;0;0;0;0
2014;124,00;0;0;0;0;0;0;0;0;0;0;0;0;370;5780;0;0;0;0;0;0;0;0
2014;364,00;0;0;0;0;0;0;0;0;0;0;2501;7998;0;0;0;0;0;0;0;0;0;0
2014;439,00;0;96;0;0;0;0;0;0;0;0;2607;31093;0;0;258;3075;0;0;0;0;0;0
2014;570,00;0;1462;0;0;0;0;0;0;0;0;3708;44219;0;0;367;4373;199;23342;0;0;46;5365
2014;123,00;0;0;0;0;0;0;0;0;0;0;763;21808;0;0;0;0;0;0;0;0;0;0
2014;310,00;0;0;0;0;0;0;0;0;0;0;0;0;0;0;0;0;0;0;0;0;0;0
2014;571,00;0;370;0;0;0;0;0;0;0;0;1133;4539;0;0;0;0;0;0;0;0;0;0
2014;296,00;0;0;0;0;0;0;0;0;0;0;1404;37152;136;733;502;7358;0;0;0;0;0;0
2014;566,00;0;0;0;0;0;0;0;0;0;0;1924;16856;0;0;0;0;196;10141;0;0;22;4499
2014;784,00;0;5848;0;0;0;0;0;0;0;0;7051;111460;83;1019;149;12966;219;23311;0;0;21;7238
2014;102,00;0;0;0;0;0;0;0;0;0;0;462;19202;0;0;0;0;0;0;0;0;0;0
2014;379,00;0;0;0;0;0;0;0;0;0;0;0;0;0;0;116;20664;0;0;0;0;0;0
2014;639,00;0;707;0;0;0;0;0;0;0;0;3670;66742;0;0;0;0;0;0;0;0;0;0
2014;457,00;0;0;0;0;0;0;0;0;0;0;1476;18817;49;374;10;102;0;0;0;0;0;0
2014;609,00;1308;445;0;0;1022;21713;0;0;0;0;6880;56731;0;0;0;0;9;50;0;0;0;0
2014;101,00;0;0;0;0;0;0;0;0;0;0;250;19088;0;0;173;4901;0;0;0;0;0;0
2014;454,00;0;656;0;0;0;0;0;0;0;0;1294;4919;0;0;208;4354;0;0;0;0;0;0
2014;318,00;0;0;0;0;0;0;0;0;0;0;55;1396;0;0;230;3285;0;0;0;0;0;0
2014;600,00;0;0;0;0;0;0;0;0;0;0;2528;2528;0;0;0;0;0;0;0;0;0;0
2014;545,00;0;0;0;0;857;21602;0;0;0;0;4157;65102;444;1997;3;12;28;9834;172;13614;0;0
2014;100,00;0;0;0;0;0;0;0;0;0;0;1;1;0;0;1;1;0;0;0;0;0;0
2014;702,00;1015;1173;0;0;0;0;0;0;0;0;2687;18795;300;1198;137;2444;0;0;0;0;0;0
2014;778,00;0;0;0;0;0;0;0;0;0;0;2744;90322;0;0;0;0;132;13437;0;0;10;1655
2014;341,00;0;0;0;0;0;0;0;0;0;0;1198;11523;0;0;46;10120;0;0;0;0;0;0
2014;99,00;0;0;0;0;0;0;0;0;0;0;894;12285;0;0;342;4432;0;0;0;0;0;0
2014;767,00;0;632;0;0;0;0;0;0;0;0;672;1320;0;0;0;0;0;0;0;0;0;0
2014;359,00;0;0;0;0;0;0;0;0;0;0;1074;15246;187;1299;107;3234;237;21973;0;0;0;0
2014;98,00;0;0;0;0;0;0;0;0;0;0;394;15760;0;0;170;5100;0;0;0;0;0;0
2014;132,00;0;0;0;0;0;0;0;0;0;0;270;6457;0;0;229;7134;0;0;0;0;0;0
2014;97,00;0;0;0;0;0;0;0;0;0;0;243;8822;7;59;182;860;0;0;0;0;0;0
2014;103,00;0;0;0;0;0;0;0;0;0;0;0;0;0;0;0;0;0;0;0;0;0;0
2014;110,00;0;0;0;0;0;0;0;0;0;0;185;5826;0;0;0;0;0;0;0;0;0;0
2014;94,00;0;0;0;0;0;0;0;0;0;0;32;1711;0;0;23;1366;0;0;0;0;0;0
2014;91,00;0;0;0;0;0;0;0;0;0;0;356;8405;20;144;176;2803;0;0;0;0;0;0
2014;664,00;0;0;0;0;0;0;0;0;0;0;4005;49722;48;120;756;4692;0;0;0;0;0;0
2014;918,00;2707;4249;0;0;1473;28485;57;512;7;7;9488;150797;984;5019;1825;25629;195;7094;0;0;68;13693
2014;92,00;0;0;0;0;0;0;0;0;0;0;131;5679;0;0;112;2123;0;0;0;0;0;0
2014;95,00;0;0;0;0;0;0;0;0;0;0;678;13560;0;0;200;1600;0;0;0;0;0;0
2014;96,00;0;0;0;0;0;0;0;0;0;0;0;0;0;0;85;648;0;0;0;0;0;0
2014;301,00;0;0;0;0;0;0;0;0;0;0;4793;38628;0;0;0;0;0;0;0;0;0;0
2014;492,00;0;425;0;0;0;0;0;0;0;0;2404;32064;0;0;0;0;0;0;0;0;0;0
2014;811,00;0;0;0;0;0;0;0;0;0;0;0;0;0;0;0;0;0;0;0;0;0;0
2014;812,00;0;0;0;0;2539;55529;0;0;0;0;663;4486;0;0;0;0;0;0;0;0;0;0
2014;832,00;0;0;0;0;0;0;0;0;0;0;30;4006;0;0;30;4324;0;0;0;0;0;0
2014;841,00;0;0;0;0;0;0;0;0;0;0;111;3330;0;0;54;2157;0;0;0;0;0;0
2014;856,00;0;0;0;0;0;0;0;0;0;0;354;7819;161;1130;171;3131;0;0;0;0;0;0
2014;859,00;0;0;0;0;0;0;0;0;0;0;0;0;0;0;0;0;0;0;0;0;0;0
2014;861,00;0;0;0;0;0;0;0;0;0;0;0;0;0;0;0;0;0;0;0;0;0;0
2014;880,00;0;0;0;0;0;0;0;0;0;0;508;13812;67;2336;254;5325;0;0;0;0;0;0
2014;883,00;0;0;0;0;0;0;0;0;0;0;0;0;0;0;0;0;0;0;0;0;0;0
2014;884,00;0;0;0;0;0;0;0;0;0;0;383;10606;5;12;367;1253;0;0;0;0;0;0
2014;877,00;0;0;0;0;0;0;0;0;0;0;0;0;0;0;0;0;0;0;0;0;0;0
2014;911,00;0;0;0;0;0;0;0;0;0;0;0;0;0;0;0;0;0;0;0;0;0;0
2014;913,00;0;0;0;0;0;0;0;0;0;0;0;0;0;0;0;0;0;0;0;0;0;0
2014;922,00;0;10;0;0;0;0;0;0;0;0;2112;23663;0;0;0;0;0;0;0;0;0;0
2014;923,00;0;0;0;0;0;0;0;0;0;0;0;0;0;0;0;0;0;0;0;0;0;0
2014;924,00;0;0;0;0;1524;31523;0;0;0;0;0;0;0;0;0;0;0;0;0;0;0;0
2014;947,00;0;0;0;0;0;0;0;0;0;0;47;116;0;0;35;83;0;0;0;0;0;0
2014;951,00;0;0;0;0;0;0;0;0;0;0;923;1750;0;0;796;1703;0;0;0;0;0;0
2014;1103,00;0;0;0;0;0;0;0;0;0;0;388;9196;23;115;380;1164;0;0;0;0;0;0
2014;972,00;0;0;0;0;0;0;0;0;0;0;242;1085;49;236;242;942;0;0;0;0;0;0
2014;973,00;37;15;0;0;0;0;0;0;0;0;0;0;0;0;0;0;0;0;0;0;0;0
2014;974,00;0;0;0;0;0;0;0;0;0;0;288;6822;0;0;169;6766;0;0;0;0;0;0
2014;975,00;0;0;0;0;0;0;0;0;0;0;204;13956;0;0;154;12492;0;0;0;0;0;0
2014;960,00;0;0;0;0;0;0;0;0;0;0;944;39558;15;538;572;26671;0;0;0;0;0;0
2014;1028,00;0;0;0;0;0;0;0;0;0;0;69;1665;0;0;0;0;0;0;0;0;0;0
2014;976,00;0;0;0;0;0;0;0;0;0;0;677;1179;0;0;0;0;0;0;0;0;0;0
2014;977,00;0;0;0;0;0;0;0;0;0;0;795;28200;65;1030;615;12330;0;0;0;0;0;0
2014;1020,00;0;0;0;0;0;0;0;0;0;0;0;0;0;0;0;0;0;0;0;0;0;0
2014;994,00;0;497;0;0;0;0;0;0;0;0;3157;42362;0;0;0;0;88;12050;0;0;5;1723
2014;995,00;0;0;0;0;0;0;0;0;0;0;438;5515;34;342;252;895;0;0;0;0;0;0
2014;1060,00;0;0;0;0;0;0;0;0;0;0;0;0;0;0;0;0;0;0;0;0;0;0
2014;1005,00;0;0;0;0;0;0;0;0;0;0;130;3942;0;0;105;2554;0;0;0;0;0;0
2014;1061,00;0;0;0;0;0;0;0;0;0;0;7;547;0;0;0;0;0;0;0;0;0;0
2014;1006,00;0;0;0;0;0;0;0;0;0;0;0;0;0;0;0;0;0;0;0;0;0;0
2014;1088,00;0;0;0;0;0;0;0;0;0;0;0;0;0;0;0;0;0;0;0;0;0;0
2014;1089,00;0;0;0;0;0;0;0;0;0;0;300;4537;0;0;0;0;0;0;0;0;0;0
2014;1076,00;0;0;0;0;0;0;0;0;0;0;0;0;0;0;0;0;0;0;0;0;0;0
2014;1078,00;0;0;0;0;0;0;0;0;0;0;43;4777;0;0;32;5411;0;0;0;0;0;0
2014;1033,00;0;929;0;0;0;0;0;0;0;0;5251;50306;0;0;0;0;0;0;0;0;0;0
2014;1037,00;0;0;0;0;0;0;0;0;0;0;0;0;0;0;108;9880;0;0;0;0;0;0
2014;1039,00;0;0;0;0;0;0;0;0;0;0;0;0;0;0;0;0;0;0;0;0;0;0
2014;1067,00;0;0;0;0;0;0;0;0;0;0;622;19219;0;0;0;0;0;0;0;0;0;0
2014;1065,00;0;0;0;0;0;0;0;0;0;0;430;25800;0;0;324;6480;0;0;0;0;0;0
2014;1066,00;0;0;0;0;0;0;0;0;0;0;4014;48171;0;0;0;0;0;0;0;0;0;0
2014;1100,00;0;0;0;0;0;0;0;0;0;0;0;0;0;0;0;0;0;0;0;0;0;0
2014;1105,00;0;0;0;0;0;0;0;0;0;0;328;1481;0;0;273;816;0;0;0;0;0;0
2014;1107,00;0;0;0;0;0;0;0;0;0;0;0;0;0;0;0;0;0;0;0;0;0;0
2014;207,00;0;0;0;0;0;0;0;0;0;0;2722;32413;0;0;0;0;0;0;0;0;0;0
2014;431,00;0;0;0;0;0;0;0;0;0;0;1832;22311;3;14;324;3880;0;0;0;0;0;0
2014;387,00;0;0;0;0;0;0;0;0;0;0;28117;48976;0;0;0;0;0;0;0;0;0;0
2014;179,00;0;0;0;0;0;0;0;0;0;0;76;9283;0;0;0;0;0;0;0;0;0;0
2014;606,00;0;0;0;0;0;0;0;0;0;0;2193;42394;0;0;0;0;30;2159;0;0;0;0
2014;925,00;1490;2481;0;0;795;17706;0;0;0;0;20891;376045;0;0;1158;20860;184;17019;2;69;27;4836
2014;541,00;0;0;0;0;0;0;0;0;0;0;2253;60673;0;0;0;0;0;0;0;0;0;0
2014;797,00;0;0;0;0;0;0;0;0;0;0;0;11678;0;0;0;0;0;0;0;0;0;0
2014;627,00;0;0;0;0;352;7919;0;0;0;0;3216;92400;0;0;0;0;0;0;0;0;0;0
2014;173,00;0;0;0;0;0;0;0;0;0;0;58;7062;0;0;408;2050;0;0;0;0;0;0
2014;636,00;1866;0;0;0;0;0;0;0;0;0;5361;75076;617;2166;0;0;853;7704;48;955;625;18692
2014;205,00;0;14;0;0;0;0;0;0;0;0;0;0;0;0;0;0;0;0;0;0;0;0
2014;814,00;0;0;0;0;0;0;0;0;0;0;0;0;0;0;0;0;0;0;0;0;0;0
2014;881,00;0;0;0;0;0;0;0;0;0;0;0;0;0;0;0;0;0;0;0;0;0;0
2014;771,00;539;606;346;473;1224;24967;0;0;0;0;2019;46655;256;3189;108;4427;80;8123;0;0;0;0
2014;533,00;0;0;0;0;0;0;0;0;0;0;600;13713;0;0;0;0;0;0;0;0;0;0
2014;447,00;0;0;0;0;0;0;0;0;0;0;1317;24120;0;0;0;0;0;0;0;0;0;0
2014;815,00;0;14;0;0;0;0;0;0;0;0;354;10620;0;0;0;0;0;0;0;0;0;0
2014;801,00;1177;959;0;0;0;0;0;0;0;0;4768;85824;207;1634;197;346;1256;11295;0;0;302;9192
2014;800,00;0;0;0;0;0;0;0;0;0;0;1800;4320;50;348;0;0;0;0;0;0;0;0
2014;389,00;0;0;0;0;0;0;0;0;0;0;2633;44369;0;0;0;0;0;0;0;0;0;0
2014;695,00;1814;690;0;0;0;0;0;0;0;0;715;24152;441;857;264;2916;114;13061;1;181;46;46
2014;816,00;0;0;0;0;0;0;0;0;0;0;1946;35907;37;699;137;4769;0;0;0;0;0;0
2014;833,00;0;0;0;0;0;0;0;0;0;0;3046;59648;0;0;0;0;0;0;0;0;0;0
2014;870,00;187;0;0;0;0;0;0;0;0;0;2907;39091;0;0;0;0;0;0;0;0;0;0
2014;927,00;0;0;57;57;0;0;0;0;0;0;3566;80515;0;0;0;0;0;0;0;0;0;0
2014;961,00;0;0;0;0;887;9257;0;0;0;0;5990;90953;0;0;71;1285;0;0;0;0;0;0
2014;962,00;0;0;0;0;0;0;0;0;0;0;2031;23525;0;0;0;0;0;0;0;0;0;0
2014;1079,00;0;0;0;0;0;0;0;0;0;0;2044;49162;0;0;0;0;0;0;0;0;0;0
2014;1101,00;0;0;0;0;0;0;0;0;0;0;1268;10573;0;0;0;0;0;0;0;0;0;0
2014;666,00;1086;1591;0;0;0;0;0;0;0;0;10646;613991;0;0;0;0;799;10408;13;1859;81;16755
2014;392,00;0;0;0;0;0;0;0;0;0;0;2824;31893;294;2220;357;3116;0;0;0;0;0;0
2014;790,00;0;338;612;612;1491;27541;0;0;0;0;3002;217365;661;5762;0;0;0;0;0;0;0;0
2014;650,00;0;552;0;0;0;0;0;0;0;0;26043;69172;0;0;0;0;0;0;0;0;0;0
2014;876,00;0;433;0;0;0;0;0;0;0;0;6148;69242;0;0;0;0;0;0;0;0;0;0
2014;944,00;0;0;0;0;0;0;0;0;0;0;0;0;0;0;0;0;0;0;0;0;0;0
2014;952,00;0;1;0;0;0;0;0;0;0;0;0;0;0;0;0;0;0;0;0;0;0;0
2014;54,00;0;0;0;0;0;0;0;0;0;0;0;0;0;0;0;0;0;0;0;0;0;0
2014;367,00;0;14;0;0;0;0;0;0;0;0;0;0;0;0;0;0;0;0;0;0;0;0
2014;538,00;0;465;0;0;0;0;0;0;0;0;3290;36927;0;0;532;3492;0;0;0;0;0;0
2014;557,00;0;0;0;0;0;0;0;0;0;0;4556;30693;0;0;562;5037;0;0;0;0;0;0
2014;653,00;0;459;0;0;0;0;0;0;0;0;4346;28552;0;0;0;0;0;0;0;0;0;0
2014;647,00;0;0;0;0;0;0;0;0;0;0;2706;24778;0;0;379;1867;0;0;0;0;0;0
2014;978,00;1493;1609;0;0;595;13185;0;0;1064;1134;6278;53501;0;0;345;1900;1140;13069;0;0;0;0
2014;996,00;0;0;0;0;0;0;0;0;0;0;2067;16754;0;0;256;1881;0;0;0;0;0;0
2014;729,00;3514;6136;505;833;1452;32398;0;0;84;223;3394;45309;405;2401;346;3781;182;17880;0;0;30;8359
2014;182,00;0;0;0;0;0;0;0;0;0;0;0;0;0;0;0;0;0;0;0;0;0;0
2014;633,00;10;15;0;0;0;0;0;0;0;0;466;15713;270;6959;0;0;0;0;0;0;0;0
2014;685,00;0;0;0;0;0;0;0;0;0;0;1371;13667;0;0;89;1925;0;0;0;0;0;0
2014;683,00;0;0;0;0;0;0;0;0;0;0;2188;15522;0;0;0;0;16;2219;0;0;0;0
2014;945,00;0;0;0;0;0;0;0;0;0;0;1839;14693;0;0;0;0;0;0;0;0;0;0
2014;953,00;0;0;0;0;0;0;0;0;0;0;0;0;0;0;0;0;0;0;0;0;0;0
2014;1022,00;0;0;0;0;0;0;0;0;0;0;1189;10302;0;0;0;0;0;0;0;0;0;0
2014;1049,00;0;0;0;0;0;0;0;0;0;0;1564;10286;0;0;0;0;0;0;0;0;0;0
2014;794,00;4122;3227;476;682;0;0;0;0;0;0;7094;159661;130;2755;1740;48310;1326;12192;936;208182;602;210600
2014;415,00;0;0;0;0;2241;46507;600;4928;310;664;0;0;0;0;0;0;0;0;0;0;0;0
2014;592,00;0;0;0;0;0;0;0;0;0;0;1781;37939;0;0;0;0;123;13306;0;0;0;0
2014;497,00;120;13571;0;0;0;0;0;0;0;0;2081;42290;0;0;0;0;134;20701;0;0;0;0
2014;458,00;619;165;0;0;0;0;0;0;0;0;0;0;0;0;0;0;0;0;0;0;0;0
2014;726,00;0;0;0;0;0;0;0;0;0;0;2992;178572;0;0;268;12573;87;2350;0;0;0;0
2014;272,00;0;0;0;0;0;0;0;0;0;0;2197;48459;48;433;0;0;149;17213;0;0;0;0
2014;805,00;3752;1428;430;671;1044;27977;0;0;50;139;1843;107867;3;32;58;5191;960;13679;41;10338;604;1175
2014;5,00;0;0;0;0;0;0;0;0;0;0;0;0;0;0;0;0;0;0;0;0;0;0
2014;234,00;0;0;0;0;0;0;0;0;0;0;853;16119;78;1029;0;0;119;13504;0;0;0;0
2014;64,00;0;0;0;0;0;0;0;0;0;0;0;0;0;0;0;0;0;0;0;0;0;0
2014;842,00;0;0;0;0;0;0;0;0;0;0;1014;51768;0;0;0;0;37;4556;0;0;0;0
2014;843,00;0;0;0;0;0;0;0;0;0;0;643;15035;0;0;0;0;9;1197;0;0;0;0
2014;803,00;0;908;0;0;0;0;0;0;0;0;3609;34993;0;0;253;2151;69;6235;0;0;18;4590
2014;211,00;0;0;0;0;0;0;0;0;0;0;985;13077;96;1057;0;0;0;0;0;0;0;0
2014;773,00;1987;2636;0;0;0;0;0;0;0;0;4843;85543;0;0;0;0;65;5237;0;0;86;1018
2014;424,00;0;0;0;0;0;0;0;0;0;0;0;0;0;0;0;0;0;0;0;0;0;0
2014;298,00;140;302;0;0;0;0;0;0;0;0;1769;38699;0;0;0;0;242;28192;0;0;0;0
2014;594,00;0;0;0;0;0;0;0;0;0;0;662;6695;0;0;0;0;0;0;0;0;0;0
2014;237,00;0;0;0;0;0;0;0;0;0;0;1167;26930;52;2564;0;0;0;0;0;0;0;0
2014;16,00;0;0;0;0;0;0;0;0;0;0;0;0;3;32;0;0;0;0;0;0;0;0
2014;768,00;0;0;0;0;0;0;0;0;0;0;313;12455;7;25;0;0;0;0;0;0;0;0
2014;617,00;0;0;0;0;0;0;0;0;0;0;3729;49410;132;1100;0;0;107;9714;0;0;13;3201
2014;297,00;0;0;0;0;0;0;0;0;0;0;489;38673;0;0;0;0;0;0;0;0;0;0
2014;105,00;0;0;0;0;0;0;0;0;0;0;210;5615;0;0;128;3553;0;0;0;0;0;0
2014;544,00;0;152;0;0;0;0;0;0;0;0;2089;32142;141;1402;19;77;0;0;0;0;0;0
2014;804,00;0;0;0;0;0;0;0;0;0;0;5749;72825;251;1833;1844;5801;118;8046;0;0;0;0
2014;470,00;0;0;0;0;0;0;0;0;0;0;645;11422;63;807;0;0;0;0;0;0;0;0
2014;104,00;0;0;0;0;0;0;0;0;0;0;0;0;0;0;183;644;0;0;0;0;0;0
2014;20,00;0;0;0;0;0;0;0;0;0;0;39;1803;0;0;29;981;0;0;0;0;0;0
2014;550,00;0;0;0;0;0;0;0;0;0;0;2270;30897;9;30;0;0;0;0;0;0;0;0
2014;112,00;0;0;0;0;0;0;0;0;0;0;0;0;0;0;0;0;0;0;0;0;0;0
2014;818,00;0;0;0;0;0;0;0;0;0;0;374;2533;0;0;0;0;0;0;0;0;0;0
2014;914,00;0;0;0;0;0;0;0;0;0;0;346;12845;0;0;0;0;0;0;0;0;0;0
2014;928,00;0;0;0;0;1343;30538;0;0;0;0;0;0;0;0;0;0;0;0;0;0;0;0
2014;964,00;0;0;0;0;0;0;0;0;183;1152;339;3859;0;0;0;0;0;0;0;0;0;0
2014;1026,00;0;0;0;0;0;0;0;0;0;0;340;48635;47;458;54;4920;0;0;0;0;0;0
2014;1068,00;0;0;0;0;0;0;0;0;0;0;0;0;0;0;234;1560;0;0;0;0;0;0
2014;1108,00;0;0;0;0;0;0;0;0;0;0;0;0;0;0;0;0;0;0;0;0;0;0
2014;738,00;0;326;685;1104;543;11653;0;0;0;0;8176;78400;1420;3300;640;1600;216;10213;0;0;0;0
2014;404,00;0;0;0;0;0;0;0;0;0;0;2805;50486;904;9942;65;1163;0;0;0;0;0;0
2014;274,00;145;50;49;59;0;0;0;0;0;0;3098;80106;0;0;0;0;0;0;0;0;0;0
2014;270,00;98;403;0;0;353;6893;0;0;0;0;2687;56399;0;0;0;0;0;0;0;0;0;0
2014;676,00;0;0;0;0;0;0;0;0;0;0;2695;23588;0;0;256;1378;0;0;0;0;0;0
2014;709,00;0;382;0;0;0;0;0;0;0;0;2458;26658;0;0;666;7500;0;0;0;0;0;0
2014;754,00;3483;2408;0;0;1926;18731;0;0;840;1405;27037;358836;923;7227;4622;112667;2454;23461;0;0;278;7849
2014;997,00;0;90;0;0;0;0;0;0;0;0;656;11777;0;0;0;0;0;0;0;0;0;0
2014;734,00;1100;1113;0;0;0;0;0;0;0;0;2497;60024;228;3788;410;12382;103;10566;0;0;25;5951
2014;299,00;0;0;0;0;0;0;0;0;0;0;1230;19338;0;0;0;0;0;0;0;0;0;0
2014;645,00;0;0;0;0;0;0;0;0;0;0;803;18470;0;0;0;0;0;0;0;0;0;0
2014;17,00;0;0;0;0;0;0;0;0;0;0;0;0;0;0;95;1460;0;0;0;0;0;0
2014;1046,00;0;0;0;0;0;0;0;0;0;0;52;3780;30;2268;96;8856;0;0;0;0;0;0
2014;420,00;0;0;0;0;0;0;0;0;0;0;817;12144;0;0;0;0;0;0;0;0;0;0
2014;802,00;0;0;0;0;0;0;0;0;0;0;7359;187728;162;11516;424;8480;0;0;0;0;0;0
2014;266,00;1299;0;0;0;0;0;0;0;0;0;1881;35351;0;0;0;0;146;13640;0;0;0;0
2014;137,00;0;0;0;0;0;0;0;0;0;0;450;860;0;0;0;0;0;0;0;0;0;0
2014;769,00;0;0;0;0;746;17917;0;0;391;1208;92;665;0;0;0;0;0;0;0;0;0;0
2014;776,00;0;0;0;0;0;0;0;0;0;0;36067;117314;0;0;0;0;0;0;0;0;0;0
2014;640,00;0;0;0;0;0;0;0;0;0;0;2088;46950;0;0;0;0;0;0;0;0;0;0
2014;315,00;0;0;0;0;0;0;0;0;0;0;307;14559;161;5499;175;5884;0;0;0;0;0;0
2014;40,00;0;0;0;0;0;0;0;0;0;0;0;0;0;0;242;914;0;0;0;0;0;0
2014;508,00;0;0;0;0;0;0;0;0;0;0;3146;67918;0;0;0;0;0;0;0;0;0;0
2014;46,00;0;0;0;0;0;0;0;0;0;0;0;0;0;0;270;1020;0;0;0;0;0;0
2014;590,00;0;0;0;0;0;0;0;0;0;0;4830;42099;0;0;0;0;41;5980;0;0;3;3
2014;777,00;0;0;0;0;0;0;0;0;0;0;1095;82821;0;0;0;0;0;0;0;0;0;0
2014;897,00;1195;1434;0;0;977;22747;0;0;0;0;190053;225349;2182;2419;478;496;345;19320;0;0;24;91
2014;965,00;0;0;0;0;0;0;0;0;0;0;0;0;0;0;73;1957;0;0;0;0;0;0
2014;671,00;0;0;0;0;0;0;0;0;0;0;1542;13284;382;1902;0;0;0;0;0;0;0;0
2014;461,00;0;0;0;0;0;0;0;0;0;0;734;20936;0;0;0;0;0;0;0;0;0;0
2014;376,00;0;0;0;0;0;0;0;0;0;0;0;0;0;0;0;0;0;0;0;0;0;0
2014;621,00;0;0;0;0;0;0;0;0;0;0;1232;16319;0;0;0;0;0;0;0;0;0;0
2014;793,00;1706;1639;0;0;1106;16777;0;0;49;64;1593;32331;202;2240;447;8645;132;11625;0;0;42;10838
2014;1102,00;0;0;0;0;0;0;0;0;0;0;2424;46508;0;0;0;0;0;0;0;0;0;0
2014;712,00;0;621;0;0;0;0;0;0;0;0;2046;92718;0;0;139;4545;58;6236;0;0;8;2278
2014;32,00;0;0;0;0;0;0;0;0;0;0;0;0;0;0;125;3935;0;0;0;0;0;0
2014;361,00;0;0;0;0;0;0;0;0;0;0;0;0;0;0;0;0;0;0;0;0;0;0
2014;486,00;0;0;0;0;0;0;0;0;0;0;1538;11316;0;0;0;0;0;0;0;0;0;0
2014;595,00;0;368;0;0;0;0;0;0;0;0;4010;114400;156;1467;0;0;102;8470;0;0;0;0
2014;433,00;0;0;0;0;0;0;0;0;0;0;1098;8792;0;0;0;0;143;1713;0;0;0;0
2014;1058,00;0;0;0;0;0;0;0;0;0;0;361;6696;0;0;0;0;0;0;0;0;0;0
2014;261,00;0;64;0;0;0;0;0;0;0;0;0;0;0;0;0;0;0;0;0;0;0;0
2014;730,00;0;0;0;0;0;0;0;0;0;0;5994;55969;0;0;124;1110;0;0;0;0;0;0
2014;577,00;0;0;0;0;0;0;0;0;0;0;2148;40109;0;0;0;0;0;0;0;0;0;0
2014;788,00;2656;0;0;0;482;10385;224;1922;143;617;4357;69517;0;0;104;1968;152;8971;0;0;69;17003
2014;865,00;0;0;0;0;0;0;0;0;0;0;1656;12178;0;0;0;0;0;0;0;0;0;0
2014;979,00;0;0;0;0;0;0;0;0;0;0;684;8248;0;0;0;0;0;0;0;0;0;0
2014;998,00;0;0;0;0;0;0;0;0;0;0;2133;15474;0;0;0;0;0;0;0;0;0;0
2014;221,00;0;0;41;62;0;0;0;0;0;0;620;31524;0;0;0;0;0;0;0;0;0;0
2014;506,00;0;0;0;0;0;0;0;0;0;0;2284;40528;0;0;0;0;0;0;0;0;0;0
2014;727,00;0;630;0;0;0;0;0;0;0;0;22299;203083;699;1575;248;2306;39;6010;0;0;0;0
2014;355,00;0;0;0;0;0;0;0;0;0;0;2171;29633;0;0;22;132;0;0;0;0;0;0
2014;487,00;0;0;0;0;0;0;0;0;0;0;4503;51698;33;330;41;943;0;0;0;0;0;0
2014;938,00;3815;2622;1099;1099;950;23634;0;0;0;0;10862;245581;2457;6352;394;7036;49;8322;0;0;46;15147
2014;886,00;0;0;0;0;0;0;0;0;0;0;1241;33783;56;875;0;0;0;0;0;0;0;0
2014;835,00;0;0;0;0;0;0;0;0;0;0;680;12891;38;331;0;0;0;0;0;0;0;0
2014;999,00;0;0;0;0;0;0;0;0;0;0;50;750;0;0;15;150;0;0;0;0;0;0
2014;798,00;1736;781;0;0;738;738;0;0;680;15568;326;690;0;0;0;0;69;5666;0;0;37;11907
2014;504,00;0;0;0;0;0;0;0;0;0;0;10309;170069;1013;11294;0;0;0;0;0;0;0;0
2014;247,00;0;0;394;394;0;0;0;0;0;0;1539;21931;0;0;0;0;0;0;0;0;0;0
2014;216,00;0;0;0;0;0;0;0;0;0;0;0;0;0;0;0;0;0;0;0;0;0;0
2014;654,00;0;0;0;0;0;0;0;0;0;0;0;0;0;0;0;0;0;0;0;0;0;0
2014;65,00;0;0;0;0;0;0;0;0;0;0;0;0;0;0;0;0;0;0;0;0;0;0
2014;472,00;0;0;0;0;0;0;0;0;0;0;1216;24267;56;576;0;0;0;0;0;0;0;0
2014;427,00;0;0;0;0;0;0;0;0;0;0;0;0;0;0;96;3036;0;0;0;0;0;0
2014;491,00;0;0;0;0;0;0;0;0;0;0;1418;28362;50;689;108;1281;11;1705;0;0;0;0
2014;551,00;0;40;0;0;0;0;0;0;0;0;814;12536;26;119;0;0;0;0;0;0;0;0
2014;106,00;0;0;0;0;0;0;0;0;0;0;176;2095;0;0;185;6941;0;0;0;0;0;0
2014;819,00;0;0;0;0;0;0;0;0;0;0;156;5875;0;0;124;5422;0;0;0;0;0;0
2014;836,00;0;0;0;0;0;0;0;0;0;0;21;2184;0;0;0;0;0;0;0;0;0;0
2014;915,00;0;0;0;0;0;0;0;0;0;0;204;10608;51;282;151;7420;0;0;0;0;0;0
2014;942,00;0;0;0;0;0;0;0;0;0;0;0;0;0;0;206;4120;0;0;0;0;0;0
2014;748,00;1139;3117;74;74;748;16493;0;0;88;279;78304;166869;1875;6274;0;0;47;7065;3;716;25;8488
2014;198,00;0;0;0;0;0;0;0;0;0;0;0;0;0;0;0;0;0;0;0;0;0;0
2014;871,00;0;0;0;0;0;0;0;0;0;0;1484;15307;95;1992;117;1851;36;5617;0;0;4;1235
2014;948,00;352;0;0;0;0;0;0;0;0;0;747;14944;0;0;0;0;0;0;0;0;0;0
2014;1051,00;0;0;0;0;0;0;0;0;0;0;0;0;0;0;0;0;0;0;0;0;0;0
2014;1083,00;0;0;0;0;0;0;0;0;0;0;0;0;0;0;0;0;0;0;0;0;0;0
2014;1096,00;0;0;0;0;0;0;0;0;0;0;0;0;0;0;0;0;0;0;0;0;0;0
2014;679,00;626;179;0;0;0;0;0;0;0;0;8740;134520;0;0;542;6002;891;8746;0;0;186;1248
2014;176,00;0;0;0;0;0;0;0;0;0;0;740;21365;0;0;0;0;0;0;0;0;0;0
2014;537,00;0;0;0;0;0;0;0;0;0;0;532;17366;0;0;0;0;0;0;0;0;0;0
2014;608,00;0;191;0;0;0;0;0;0;0;0;398;39339;0;0;0;0;56;6503;0;0;0;0
2014;596,00;0;0;0;0;0;0;0;0;0;0;904;47485;0;0;0;0;0;0;0;0;0;0
2014;749,00;4608;2638;447;447;895;19491;28;391;522;1087;9146;183034;0;0;920;8421;63;9194;0;0;39;14040
2014;758,00;1914;2208;263;339;1978;121168;0;0;77;604;9185;184328;751;6554;881;15203;679;8818;0;0;0;0
2014;1104,00;3437;7253;0;0;1073;13117;0;0;0;0;9466;154698;228;3359;424;8116;63;9961;0;0;37;12866
2014;436,00;0;0;0;0;0;0;0;0;0;0;2272;104167;0;0;173;2969;0;0;0;0;0;0
2014;567,00;0;531;0;0;0;0;0;0;0;0;1666;21161;0;0;121;141;0;0;0;0;0;0
2014;677,00;1348;3656;0;0;806;18856;0;0;0;0;2813;37234;0;0;0;0;71;11229;1;15;27;9170
2014;670,00;0;911;0;0;0;0;0;0;0;0;3708;12456;870;3670;151;1758;0;0;0;0;0;0
2014;588,00;0;164;0;0;0;0;0;0;0;0;13362;134102;94;1977;257;4997;0;0;0;0;0;0
2014;753,00;3344;3513;332;562;1966;36174;0;0;0;0;24291;236586;2955;10013;3129;20628;78;11042;5;1346;18;5569
2014;887,00;0;0;0;0;0;0;0;0;0;0;2003;45401;0;0;21212;33423;0;0;0;0;0;0
2014;245,00;48;0;0;0;0;0;0;0;0;0;0;0;0;0;0;0;0;0;0;0;0;0
2014;603,00;256;0;0;0;0;0;0;0;0;0;4227;244658;514;5523;0;0;0;0;0;0;0;0
2014;426,00;0;0;0;0;0;0;0;0;0;0;2335;30685;2;210;125;13000;0;0;0;0;0;0
2014;232,00;0;0;0;0;0;0;0;0;0;0;0;0;0;0;0;0;0;0;0;0;0;0
2014;288,00;0;0;0;0;204;3998;0;0;0;0;2091;50656;172;7181;203;8165;0;0;0;0;0;0
2014;246,00;0;0;0;0;0;0;0;0;0;0;0;0;0;0;0;0;737;8805;0;0;0;0
2014;284,00;311;67;0;0;0;0;0;0;0;0;3574;71976;0;0;0;0;325;3778;0;0;0;0
2014;18,00;0;0;0;0;0;0;0;0;0;0;0;0;0;0;161;3124;0;0;0;0;0;0
2014;356,00;0;0;0;0;0;0;0;0;0;0;0;0;0;0;550;6050;0;0;0;0;0;0
2014;401,00;0;0;0;0;0;0;0;0;0;0;1323;51931;306;10596;487;23558;0;0;0;0;0;0
2014;733,00;1991;7245;438;611;1126;24478;0;0;61;339;12753;114538;1204;9418;369;2434;2088;25000;36;979;240;5636
2014;243,00;0;0;0;0;0;0;0;0;0;0;137;750;0;0;0;0;0;0;0;0;0;0
2014;380,00;0;0;0;0;0;0;0;0;0;0;903;18191;84;1425;249;4029;0;0;0;0;0;0
2014;716,00;0;0;0;0;0;0;0;0;0;0;155;971;0;0;0;0;82;8260;0;0;0;0
2014;534,00;1603;50;0;0;0;0;0;0;0;0;735;10299;0;0;0;0;0;0;0;0;0;0
2014;185,00;213;5;488;783;0;0;0;0;0;0;0;0;0;0;0;0;0;0;0;0;0;0
2014;258,00;392;84;121;134;213;3210;0;0;0;0;1571;19509;0;0;0;0;0;0;0;0;0;0
2014;505,00;0;0;0;0;0;0;0;0;0;0;756;9450;0;0;0;0;174;16212;0;0;0;0
2014;268,00;0;0;0;0;0;0;0;0;0;0;540;7198;0;0;0;0;72;7380;0;0;0;0
2014;602,00;368;400;0;0;233;5126;0;0;0;0;737;9744;33;410;9;108;0;0;0;0;0;0
2014;254,00;247;0;695;1210;207;6415;0;0;0;0;0;0;0;0;0;0;0;0;0;0;0;0
2014;705,00;359;1794;0;0;0;0;0;0;0;0;498;2821;257;1751;0;0;0;0;0;0;0;0
2014;133,00;0;0;0;0;0;0;0;0;0;0;0;0;0;0;0;0;0;0;0;0;0;0
2014;33,00;0;0;0;0;0;0;0;0;0;0;0;0;0;0;130;1703;0;0;0;0;0;0
2014;143,00;0;0;0;0;0;0;0;0;0;0;12;17;0;0;0;0;0;0;0;0;0;0
2014;36,00;0;0;0;0;0;0;0;0;0;0;0;0;0;0;0;0;0;0;0;0;0;0
2014;756,00;474;477;57;114;688;17950;0;0;57;183;6919;344788;208;5007;212;5864;67;6603;0;0;0;0
2014;662,00;925;1966;0;0;0;0;0;0;0;0;13388;86004;425;1736;1255;6947;728;9461;10;147;168;5100
2014;192,00;0;0;0;0;0;0;0;0;0;0;598;18324;68;2148;158;5624;0;0;0;0;0;0
2014;382,00;0;0;0;0;0;0;0;0;0;0;0;0;0;0;0;0;0;0;0;0;0;0
2014;322,00;0;0;0;0;0;0;0;0;0;0;128;170021;0;0;96;148220;0;0;0;0;0;0
2014;478,00;0;0;0;0;0;0;0;0;0;0;2588;30542;0;0;670;8040;0;0;0;0;0;0
2014;352,00;0;0;0;0;0;0;0;0;0;0;696;25606;160;5246;192;7395;0;0;0;0;0;0
2014;628,00;745;629;0;0;0;0;0;0;0;0;6245;182765;0;0;0;0;105;15650;0;0;19;6943
2014;291,00;0;0;0;0;0;0;0;0;0;0;38;4891;0;0;54;3746;0;0;0;0;0;0
2014;495,00;0;0;0;0;0;0;0;0;0;0;909;64482;10;1013;306;19072;0;0;0;0;0;0
2014;845,00;0;1607;0;0;0;0;0;0;0;0;4026;95379;0;0;296;1606;0;0;0;0;0;0
2014;498,00;0;130;0;0;0;0;0;0;0;0;626;5890;0;0;0;0;0;0;0;0;0;0
2014;314,00;0;0;0;0;0;0;0;0;0;0;753;30117;155;3576;261;8096;0;0;0;0;0;0
2014;720,00;0;0;0;0;0;0;0;0;0;0;4200;56125;0;0;0;0;0;0;0;0;0;0
2014;721,00;428;1393;0;0;0;0;0;0;0;0;7989;125860;0;0;228;10307;161;7899;0;0;119;3298
2014;485,00;0;0;0;0;0;0;0;0;0;0;0;0;0;0;0;0;0;0;0;0;0;0
2014;273,00;478;1253;0;0;0;0;0;0;0;0;589;3325;0;0;0;0;0;0;0;0;0;0
2014;846,00;1277;3894;158;206;0;0;0;0;0;0;5888;80475;0;0;369;4374;65;10213;0;0;37;13557
2014;847,00;0;0;0;0;0;0;0;0;0;0;3527;81413;0;0;0;0;0;0;0;0;0;0
2014;848,00;725;109;182;202;0;0;0;0;0;0;2861;22860;0;0;150;883;17;83;0;0;0;0
2014;864,00;0;0;0;0;0;0;0;0;0;0;132;5470;1;27;68;2040;0;0;0;0;0;0
2014;916,00;0;0;0;0;493;10353;0;0;6;20;419;453;0;0;0;0;0;0;0;0;0;0
2014;930,00;147;11;0;0;0;0;0;0;0;0;4635;36196;0;0;0;0;0;0;0;0;0;0
2014;954,00;0;3553;0;0;1061;22807;0;0;0;0;5476;82948;339;6409;584;5009;0;0;0;0;0;0
2014;943,00;0;0;0;0;0;0;0;0;0;0;2249;49648;0;0;0;0;0;0;0;0;0;0
2014;949,00;2523;5131;0;0;2632;23710;0;0;143;286;16647;138535;1660;13260;1893;29492;948;10006;0;0;849;25482
2014;980,00;374;1166;151;160;0;0;0;0;0;0;0;0;0;0;0;0;0;0;0;0;0;0
2014;981,00;0;0;0;0;0;0;0;0;0;0;644;13214;132;6130;167;6891;0;0;0;0;0;0
2014;1024,00;480;574;0;0;1008;15292;0;0;177;234;4451;73202;108;971;0;0;0;0;0;0;0;0
2014;1017,00;0;0;0;0;0;0;0;0;0;0;112;1006;0;0;0;0;0;0;0;0;0;0
2014;1000,00;144;538;0;0;1064;22341;0;0;205;3489;1849;59170;0;0;0;0;30;123;0;0;0;0
2014;1018,00;0;132;0;0;0;0;0;0;0;0;2428;33869;280;3312;263;4594;47;4139;0;0;0;0
2014;1001,00;153;5;0;0;0;0;0;0;0;0;0;0;0;0;0;0;0;0;0;0;0;0
2014;1007,00;0;0;0;0;0;0;0;0;0;0;6682;133642;0;0;155;2438;72;10654;0;0;22;7936
2014;1008,00;0;0;0;0;0;0;0;0;0;0;4550;33654;0;0;209;1604;58;8650;1;243;13;4418
2014;1009,00;0;751;0;0;0;0;0;0;0;0;1938;44440;0;0;279;4210;80;11217;0;0;7;2409
2014;1010,00;0;35;0;0;0;0;0;0;0;0;1839;23336;0;0;507;3338;42;6468;0;0;9;2953
2014;1011,00;0;45;0;0;0;0;0;0;0;0;2443;26872;0;0;501;2506;31;4722;0;0;0;0
2014;1012,00;0;0;0;0;0;0;0;0;0;0;3202;57428;0;0;156;2300;62;9266;0;0;10;3961
2014;1013,00;2816;7554;204;249;1078;22897;0;0;0;0;6180;51547;0;0;0;0;83;12262;1;103;18;6579
2014;1041,00;0;0;0;0;0;0;0;0;0;0;45;1225;0;0;98;2250;0;0;0;0;0;0
2014;1073,00;1078;2137;0;0;0;0;0;0;0;0;3640;39947;328;6271;73;427;68;10473;0;0;12;3052
2014;1087,00;737;660;0;0;399;7199;0;0;0;0;7096;73931;565;3600;721;6586;44;7106;3;161;0;0
2014;789,00;0;0;0;0;0;0;0;0;0;0;72;6366;0;0;210;10420;0;0;0;0;0;0
2014;326,00;0;0;0;0;0;0;0;0;0;0;452;39632;0;0;452;29638;0;0;0;0;0;0
2014;442,00;513;82;166;175;0;0;0;0;0;0;1868;18620;3;17;0;0;0;0;0;0;0;0
2014;294,00;257;235;129;129;0;0;0;0;0;0;2239;23572;0;0;0;0;0;0;0;0;0;0
2014;378,00;0;0;0;0;0;0;0;0;0;0;1661;19932;0;0;0;0;0;0;0;0;0;0
2014;402,00;98;0;0;0;0;0;0;0;0;0;3528;52075;398;17910;0;0;0;0;0;0;0;0
2014;29,00;0;0;0;0;0;0;0;0;0;0;0;0;0;0;126;12852;0;0;0;0;0;0
2014;450,00;0;0;0;0;0;0;0;0;0;0;216;4326;0;0;0;0;0;0;0;0;0;0
2014;656,00;0;0;0;0;0;0;0;0;0;0;725;34575;0;0;0;0;0;0;0;0;0;0
2014;333,00;382;0;0;0;0;0;0;0;0;0;816;8832;0;0;0;0;184;11636;0;0;0;0
2014;668,00;0;164;0;0;0;0;0;0;0;0;1387;17368;0;0;0;0;20;2899;0;0;0;0
2014;684,00;0;0;0;0;0;0;0;0;0;0;6328;47252;0;0;0;0;0;0;0;0;0;0
2014;422,00;15;26;8;8;0;0;0;0;0;0;501;4233;0;0;0;0;131;1789;0;0;0;0
2014;763,00;2570;2793;815;1359;1328;24903;0;0;0;0;6194;231921;1014;36504;741;15317;2274;19694;0;0;1813;15703
2014;741,00;2734;636;0;0;2290;18798;0;0;0;0;4630;88847;0;0;216;4710;0;0;0;0;0;0
2014;553,00;974;1390;0;0;0;0;0;0;0;0;1289;25239;0;0;0;0;170;7484;0;0;0;0
2014;357,00;0;0;0;0;0;0;0;0;0;0;615;10685;0;0;0;0;0;0;0;0;0;0
2014;899,00;0;0;0;0;0;0;0;0;0;0;0;0;0;0;0;0;0;0;0;0;0;0
2014;900,00;0;0;0;0;0;0;0;0;0;0;149;1610;0;0;0;0;0;0;0;0;0;0
2014;932,00;0;0;0;0;0;0;0;0;0;0;33;112;0;0;0;0;0;0;0;0;0;0
2014;950,00;0;0;0;0;0;0;0;0;0;0;1654;38214;0;0;0;0;0;0;0;0;0;0
2014;966,00;228;1;0;0;0;0;0;0;0;0;0;0;0;0;0;0;0;0;0;0;0;0
2014;967,00;0;0;0;0;0;0;0;0;0;0;89;766;0;0;0;0;0;0;0;0;0;0
2014;982,00;665;153;0;0;122;2241;0;0;9;15;2577;38966;23;295;0;0;0;0;0;0;0;0
2014;1014,00;0;183;0;0;0;0;0;0;0;0;0;0;0;0;0;0;0;0;0;0;0;0
2014;1048,00;0;0;0;0;0;0;0;0;0;0;0;0;0;0;0;0;0;0;0;0;0;0
2014;1080,00;172;157;130;187;0;0;0;0;0;0;0;0;0;0;0;0;0;0;0;0;0;0
2014;1074,00;0;0;0;0;0;0;0;0;0;0;956;9838;0;0;0;0;0;0;0;0;0;0
2014;1084,00;0;0;0;0;0;0;0;0;0;0;1440;17595;39;574;0;0;0;0;0;0;0;0
2014;722,00;5089;4306;0;0;1134;22595;0;0;140;579;10009;205359;795;16436;553;11343;86;9485;0;0;0;0
2014;660,00;0;2671;0;0;0;0;0;0;0;0;1783;35396;0;0;0;0;64;7019;0;0;0;0
2014;75,00;0;0;0;0;0;0;0;0;0;0;0;0;0;0;197;6946;0;0;0;0;0;0
2014;249,00;0;57;0;0;0;0;0;0;0;0;166;3808;0;0;0;0;0;0;0;0;0;0
2014;275,00;0;0;558;626;0;0;0;0;0;0;2384;37773;0;0;0;0;0;0;0;0;0;0
2014;227,00;114;96;0;0;0;0;0;0;0;0;0;0;0;0;0;0;0;0;0;0;0;0
2014;150,00;0;0;0;0;0;0;0;0;0;0;109;798;0;0;0;0;0;0;0;0;0;0
2014;47,00;0;0;0;0;0;0;0;0;0;0;0;0;0;0;0;0;0;0;0;0;0;0
2014;172,00;0;0;0;0;0;0;0;0;0;0;236;3094;0;0;0;0;0;0;0;0;0;0
2014;581,00;0;454;0;0;0;0;0;0;0;0;1810;32170;0;0;0;0;0;0;0;0;0;0
2014;120,00;0;0;0;0;0;0;0;0;0;0;2748;46716;257;6672;0;0;0;0;0;0;0;0
2014;445,00;0;0;0;0;0;0;0;0;0;0;124;2031;0;0;119;6346;0;0;0;0;0;0
2014;471,00;0;0;0;0;0;0;0;0;0;0;4731;70789;0;0;0;0;0;0;0;0;0;0
2014;53,00;0;0;0;0;0;0;0;0;0;0;820;16400;0;0;0;0;0;0;0;0;0;0
2014;199,00;0;0;0;0;0;0;0;0;0;0;2081;62983;222;9572;0;0;0;0;0;0;0;0
2014;575,00;0;0;0;0;0;0;0;0;0;0;835;13166;0;0;0;0;0;0;0;0;0;0
2014;528,00;0;377;0;0;0;0;0;0;0;0;4760;35679;0;0;0;0;0;0;0;0;0;0
2014;631,00;0;0;0;0;0;0;0;0;0;0;3852;25575;0;0;0;0;40;6247;0;0;2;744
2014;699,00;0;2203;0;0;0;0;0;0;0;0;3045;60326;0;0;0;0;0;0;0;0;0;0
2014;823,00;0;0;0;0;0;0;0;0;0;0;1489;29182;0;0;0;0;0;0;0;0;0;0
2014;849,00;0;0;0;0;0;0;0;0;0;0;3675;20981;0;0;0;0;0;0;0;0;0;0
2014;869,00;0;0;0;0;0;0;0;0;0;0;1019;12470;0;0;0;0;0;0;0;0;0;0
2014;955,00;0;0;0;0;0;0;0;0;0;0;0;0;0;0;45;11340;0;0;0;0;0;0
2014;983,00;0;0;0;0;0;0;0;0;0;0;104;1927;0;0;89;19825;0;0;0;0;0;0
2014;1002,00;0;0;0;0;0;0;0;0;0;0;13;227;0;0;0;0;0;0;0;0;0;0
2014;1015,00;2432;4863;0;0;957;15922;0;0;1453;1453;8078;83178;0;0;0;0;51;5424;0;0;24;8242
2014;51,00;0;0;0;0;0;0;0;0;0;0;0;0;0;0;0;0;0;0;0;0;0;0
2014;441,00;0;0;0;0;0;0;0;0;0;0;0;0;0;0;0;0;0;0;0;0;0;0
2014;327,00;0;0;0;0;0;0;0;0;0;0;0;0;0;0;0;0;0;0;0;0;0;0
2014;690,00;567;1970;91;132;423;7532;0;0;100;389;1142;24746;110;900;9;340;111;6054;0;0;0;0
2014;262,00;0;0;0;0;0;0;0;0;0;0;1870;27321;0;0;0;0;0;0;0;0;0;0
2014;403,00;0;0;0;0;0;0;0;0;0;0;0;0;0;0;0;0;0;0;0;0;0;0
2014;312,00;0;0;0;0;0;0;0;0;0;0;0;0;0;0;0;0;0;0;0;0;0;0
2014;589,00;0;0;0;0;0;0;0;0;0;0;3884;81361;0;0;0;0;0;0;0;0;0;0
2014;665,00;0;553;0;0;0;0;0;0;0;0;5804;104477;0;0;0;0;78;6807;0;0;0;0
2014;334,00;0;0;0;0;0;0;0;0;0;0;20;328;0;0;25;365;0;0;0;0;0;0
2014;1075,00;1512;435;457;624;1584;31221;0;0;1767;3301;17387;339657;827;3495;0;0;226;27906;11;1424;32;4664
2014;751,00;1312;888;0;0;801;17878;0;0;0;0;2570;183786;0;0;78;6397;82;10452;0;0;0;0
2014;186,00;46;0;0;0;0;0;0;0;0;0;420;3793;0;0;0;0;0;0;0;0;0;0
2014;646,00;0;141;0;0;0;0;0;0;0;0;1650;32959;0;0;0;0;0;0;0;0;0;0
2014;536,00;0;0;0;0;0;0;0;0;0;0;833;41656;0;0;0;0;31;3003;0;0;0;0
2014;242,00;0;0;0;0;0;0;0;0;0;0;450;5400;0;0;0;0;0;0;0;0;0;0
2014;490,00;0;0;0;0;0;0;0;0;0;0;416;7495;287;3157;108;1948;0;0;0;0;0;0
2014;500,00;188;279;0;0;167;3597;0;0;0;0;1866;23031;0;0;0;0;0;0;0;0;0;0
2014;206,00;0;0;0;0;0;0;0;0;0;0;2098;41695;0;0;0;0;0;0;0;0;0;0
2014;58,00;0;0;0;0;0;0;0;0;0;0;0;0;0;0;0;0;0;0;0;0;0;0
2014;572,00;0;260;0;0;0;0;0;0;0;0;3384;109315;0;0;0;0;57;8536;0;0;0;0
2014;180,00;0;0;0;0;0;0;0;0;0;0;987;6243;0;0;0;0;0;0;0;0;0;0
2014;549,00;0;0;0;0;0;0;0;0;0;0;692;83285;0;0;0;0;18;2912;0;0;0;0
2014;582,00;0;0;0;0;0;0;0;0;0;0;303;21956;0;0;2;53;31;2398;0;0;0;0
2014;743,00;1464;942;0;0;0;0;0;0;0;0;0;45012;0;1797;0;27310;53;8343;0;0;0;0
2014;795,00;0;0;0;0;0;0;0;0;0;0;778;7514;0;0;0;0;81;9782;0;0;0;0
2014;269,00;0;0;0;0;0;0;0;0;0;0;647;6470;84;840;0;0;0;0;0;0;0;0
2014;634,00;0;36;0;0;769;15068;0;0;0;0;736;20020;0;0;0;0;0;0;0;0;0;0
2014;1,00;0;0;0;0;0;0;0;0;0;0;1456;196359;0;0;0;0;0;0;0;0;0;0
2014;717,00;0;215;0;0;0;0;0;0;0;0;2145;26946;0;0;0;0;424;4913;0;0;0;0
2014;373,00;0;0;0;0;0;0;0;0;0;0;640;11524;0;0;0;0;0;0;0;0;0;0
2014;535,00;0;328;0;0;0;0;0;0;0;0;2283;60068;0;0;0;0;0;0;0;0;0;0
2014;824,00;4165;3908;518;518;1444;31624;0;0;399;1054;8291;274377;330;7618;697;20196;75;11800;0;0;118;42960
2014;888,00;0;0;0;0;0;0;0;0;0;0;131;883;0;0;0;0;35;5758;0;0;0;0
2014;902,00;0;0;0;0;0;0;0;0;0;0;104;3173;0;0;0;0;0;0;0;0;0;0
2014;968,00;0;0;0;0;0;0;0;0;0;0;0;0;0;0;0;0;0;0;0;0;0;0
2014;346,00;0;0;0;0;0;0;0;0;0;0;109;5576;0;0;323;47261;0;0;0;0;0;0
2014;27,00;0;0;0;0;0;0;0;0;0;0;0;0;0;0;104;1872;0;0;0;0;0;0
2014;165,00;0;0;0;0;0;0;0;0;0;0;383;6462;7;77;0;0;0;0;0;0;0;0
2014;956,00;0;1251;0;0;0;0;0;0;806;6324;7152;132348;0;0;0;0;68;9735;1;159;19;14341
2014;413,00;0;0;0;0;0;0;0;0;0;0;0;0;0;0;0;0;0;0;0;0;0;0
2014;149,00;0;0;0;0;0;0;0;0;0;0;990;29904;0;0;0;0;0;0;0;0;0;0
2014;612,00;249;119;0;0;0;0;0;0;0;0;3109;60598;0;0;0;0;0;0;0;0;0;0
2014;559,00;0;0;0;0;0;0;0;0;0;0;1424;20614;0;0;0;0;0;0;0;0;0;0
2014;7,00;0;0;0;0;0;0;0;0;0;0;229;3599;0;0;0;0;0;0;0;0;0;0
2014;283,00;111;81;17;17;523;6632;0;0;0;0;4588;60841;0;0;0;0;0;0;0;0;0;0
2014;37,00;0;0;0;0;0;0;0;0;0;0;0;0;0;0;0;0;0;0;0;0;0;0
2014;153,00;0;0;0;0;0;0;0;0;0;0;1968;42917;0;0;0;0;0;0;0;0;0;0
2014;547,00;0;0;0;0;0;0;0;0;0;0;2009;58022;0;0;83;3474;0;0;0;0;0;0
2014;397,00;0;0;0;0;0;0;0;0;0;0;466;7652;148;1658;373;6354;0;0;0;0;0;0
2014;556,00;0;0;0;0;0;0;0;0;0;0;817;85413;0;0;28;2366;67;4815;0;0;0;0
2014;42,00;0;0;0;0;0;0;0;0;0;0;0;0;0;0;0;0;0;0;0;0;0;0
2014;31,00;0;0;0;0;0;0;0;0;0;0;1807;62704;0;0;0;0;0;0;0;0;0;0
2014;740,00;2286;3521;227;406;0;0;0;0;0;0;10222;101542;1610;6974;1499;6994;1179;13916;2425;29396;359;10385
2014;217,00;0;0;0;0;0;0;0;0;0;0;2006;24655;0;0;0;0;8;28;0;0;0;0
2014;863,00;0;0;0;0;0;0;0;0;0;0;1478;16196;0;0;0;0;0;0;0;0;0;0
2014;889,00;3364;2343;204;305;1416;28363;0;0;211;899;5154;71940;172;1564;401;4692;305;8460;3;34;87;1043
2014;984,00;0;71;0;0;0;0;0;0;0;0;1672;38005;0;0;0;0;23;253;0;0;0;0
2014;1106,00;0;0;0;0;0;0;0;0;0;0;347;6249;0;0;0;0;0;0;0;0;0;0
2014;34,00;0;0;0;0;0;0;0;0;0;0;0;0;0;0;0;0;0;0;0;0;0;0
2014;791,00;0;0;0;0;0;0;0;0;0;0;3891;65308;0;0;0;0;0;0;0;0;0;0
2014;181,00;0;0;0;0;0;0;0;0;0;0;40;2631;524;14712;50;2546;0;0;0;0;0;0
2014;430,00;0;0;0;0;0;0;0;0;0;0;4758;15245;0;0;0;0;0;0;0;0;0;0
2014;715,00;29;771;310;444;463;8672;0;0;0;0;4106;76051;201;4172;170;5491;196;12564;0;0;14;2326
2014;521,00;0;0;0;0;0;0;0;0;0;0;2329;45073;0;0;2;100;0;0;0;0;0;0
2014;524,00;206;83;56;71;0;0;0;0;0;0;9909;177093;0;0;0;0;11;864;0;0;0;0
2014;432,00;0;0;0;0;0;0;0;0;0;0;1815;48561;0;0;0;0;0;0;0;0;0;0
2014;19,00;0;0;0;0;0;0;0;0;0;0;0;0;0;0;0;0;0;0;0;0;0;0
2014;25,00;0;0;0;0;0;0;0;0;0;0;0;0;0;0;0;0;0;0;0;0;0;0
2014;26,00;0;0;0;0;0;0;0;0;0;0;22;242;0;0;34;10638;0;0;0;0;0;0
2014;890,00;274;1032;0;0;0;0;0;0;0;0;799;12187;32;344;320;6430;70;9358;0;0;23;851
2014;904,00;0;0;0;0;0;0;0;0;0;0;672;35070;0;0;0;0;0;0;0;0;0;0
2014;957,00;2967;5035;0;0;1689;38736;0;0;84;587;10011;180198;446;4906;543;9774;682;16548;1;256;53;3122
2014;939,00;4229;2165;0;0;1138;21228;0;0;88;250;99572;220005;1534;8724;4865;4865;155;19406;2;429;24;7324
2014;236,00;0;0;0;0;0;0;0;0;0;0;2814;53466;0;0;0;0;0;0;0;0;0;0
2014;735,00;1838;3837;111;142;2793;21898;0;0;0;0;84697;253568;4760;4951;10383;15467;788;7326;0;0;0;0
2014;146,00;0;0;0;0;0;0;0;0;0;0;840;7775;0;0;0;0;0;0;0;0;0;0
2014;363,00;113;154;0;0;0;0;0;0;0;0;1579;38827;0;0;0;0;0;0;0;0;0;0
2014;187,00;0;0;0;0;0;0;0;0;0;0;7235;61089;29;164;117;1432;125;11894;0;0;0;0
2014;265,00;0;17;0;0;0;0;0;0;0;0;0;0;0;0;0;0;0;0;0;0;0;0
2014;295,00;0;0;0;0;0;0;0;0;0;0;503;6340;0;0;0;0;0;0;0;0;0;0
2014;496,00;838;203;0;0;0;0;0;0;0;0;2365;35429;0;0;0;0;437;12287;0;0;0;0
2014;77,00;0;0;0;0;0;0;0;0;0;0;420;4579;0;0;0;0;0;0;0;0;0;0
2014;391,00;0;0;108;122;0;0;0;0;0;0;99;1570;0;0;0;0;0;0;0;0;0;0
2014;240,00;0;0;0;0;0;0;0;0;0;0;2361;48329;0;0;0;0;52;402;0;0;0;0
2014;448,00;0;0;0;0;0;0;0;0;0;0;766;15320;36;1074;0;0;15;1595;0;0;0;0
2014;151,00;0;0;0;0;0;0;0;0;0;0;90;4500;0;0;0;0;0;0;0;0;0;0
2014;425,00;0;0;0;0;0;0;0;0;0;0;2240;13930;0;0;0;0;50;589;0;0;0;0
2014;300,00;0;0;0;0;0;0;0;0;0;0;971;18058;0;0;0;0;0;0;0;0;0;0
2014;339,00;1120;625;0;0;0;0;0;0;0;0;816;6073;0;0;0;0;19;85;0;0;0;0
2014;826,00;0;0;0;0;0;0;0;0;0;0;10546;17482;0;0;233;2982;0;0;0;0;0;0
2014;874,00;0;0;0;0;0;0;0;0;0;0;1363;22921;0;0;0;0;768;9760;0;0;0;0
2014;905,00;1843;547;175;295;611;15583;207;2015;0;0;2858;88873;231;2989;0;0;386;7361;0;0;40;7480
2014;736,00;1729;5201;166;187;1363;28919;0;0;263;481;0;114549;0;10892;0;6113;0;8455;0;0;0;1593
2014;459,00;0;0;0;0;0;0;0;0;0;0;1665;54607;0;0;0;0;0;0;0;0;0;0
2014;320,00;0;0;0;0;0;0;0;0;0;0;3010;26887;0;0;0;0;0;0;0;0;0;0
2014;45,00;0;0;0;0;0;0;0;0;0;0;2;138;2;73;0;0;0;0;0;0;0;0
2014;618,00;0;0;0;0;0;0;0;0;0;0;665;142935;0;0;173;10079;0;0;0;0;0;0
2014;463,00;0;2044;0;0;0;0;0;0;0;0;1292;32441;0;0;0;0;0;0;0;0;0;0
2014;891,00;0;0;0;0;0;0;0;0;0;0;0;0;0;0;0;0;0;0;0;0;0;0
2014;958,00;0;982;0;0;0;0;0;0;0;0;12458;133474;0;0;1260;7306;796;10298;0;0;161;4367
2014;244,00;0;0;0;0;0;0;0;0;0;0;128;2527;8;107;0;0;0;0;0;0;0;0
2014;28,00;0;0;0;0;0;0;0;0;0;0;12;850;0;0;49;232;0;0;0;0;0;0
2014;444,00;0;0;0;0;0;0;0;0;0;0;1585;20539;0;0;0;0;0;0;0;0;0;0
2014;479,00;0;0;0;0;0;0;0;0;0;0;83;2349;92;2468;0;0;0;0;0;0;0;0
2014;285,00;250;0;0;0;0;0;0;0;0;0;86;799;0;0;0;0;135;12011;0;0;0;0
2014;253,00;307;55;0;0;0;0;0;0;0;0;0;0;0;0;0;0;0;0;0;0;0;0
2014;481,00;0;0;5;5;0;0;0;0;0;0;3194;32537;0;0;0;0;13;52;0;0;0;0
2014;540,00;418;0;0;0;757;20439;0;0;0;0;1427;21405;801;2425;0;0;0;0;0;0;0;0
2014;332,00;0;0;0;0;0;0;0;0;0;0;0;0;0;0;0;0;0;0;0;0;0;0
2014;41,00;0;0;0;0;0;0;0;0;0;0;0;0;0;0;0;0;0;0;0;0;0;0
2014;510,00;0;84;0;0;0;0;0;0;0;0;0;0;0;0;0;0;0;0;0;0;0;0
2014;305,00;0;0;0;0;0;0;0;0;0;0;0;0;0;0;0;0;0;0;0;0;0;0
2014;708,00;0;0;0;0;0;0;0;0;0;0;1684;417632;0;0;0;0;0;0;0;0;0;0
2014;755,00;2939;1256;561;944;2098;35498;0;0;110;336;12008;194969;434;4574;464;19571;28;11679;20;3640;58;21170
2014;750,00;3326;2947;0;0;1226;26156;0;0;0;0;2866;90565;21;1137;24;1970;1755;20843;0;0;0;0
2014;696,00;1923;215;621;867;0;0;0;0;0;0;2534;49266;0;0;61;5689;0;0;0;0;0;0
2014;434,00;0;206;0;0;0;0;0;0;0;0;0;0;0;0;0;0;0;0;0;0;0;0
2014;421,00;0;0;0;0;0;0;0;0;0;0;1192;26130;0;0;191;4133;0;0;0;0;0;0
2014;827,00;0;0;0;0;0;0;0;0;0;0;0;0;0;0;94;880;0;0;0;0;0;0
2014;933,00;0;433;0;0;0;0;0;0;0;0;4473;102883;0;0;0;0;0;0;0;0;0;0
2014;1030,00;26;0;25;59;0;0;0;0;0;0;52;200;30;180;42;126;0;0;0;0;0;0
2014;1003,00;0;88;0;0;0;0;0;0;0;0;1881;11396;0;0;0;0;0;0;0;0;0;0
2014;1050,00;0;13;0;0;0;0;0;0;0;0;695;3594;0;0;0;0;0;0;0;0;0;0
2014;1043,00;0;0;0;0;0;0;0;0;0;0;0;0;0;0;0;0;0;0;0;0;0;0
2014;934,00;0;0;0;0;0;0;0;0;0;0;20402;129253;0;0;637;5834;53;7700;0;0;1;342
2014;629,00;1629;1705;0;0;0;0;0;0;0;0;3012;43530;161;2705;285;4500;332;5769;0;0;0;0
2014;21,00;0;0;0;0;0;0;0;0;0;0;0;0;0;0;0;0;0;0;0;0;0;0
2014;615,00;0;0;0;0;0;0;0;0;0;0;0;0;0;0;0;0;0;0;0;0;0;0
2014;626,00;0;0;0;0;0;0;0;0;0;0;706;10108;0;0;0;0;0;0;0;0;0;0
2014;417,00;0;0;0;0;0;0;0;0;0;0;1271;20605;0;0;0;0;0;0;0;0;0;0
2014;597,00;0;0;0;0;0;0;0;0;0;0;1391;44527;69;613;0;0;0;0;0;0;0;0
2014;539,00;0;0;0;0;1563;36228;0;0;0;0;2906;87104;143;3034;0;0;0;0;0;0;0;0
2014;343,00;0;0;0;0;0;0;0;0;0;0;1702;27605;0;0;0;0;0;0;0;0;0;0
2014;135,00;0;0;0;0;0;0;0;0;0;0;85;1540;0;0;0;0;0;0;0;0;0;0
2014;158,00;0;0;0;0;0;0;0;0;0;0;543;17875;0;0;1812;37608;0;0;0;0;0;0
2014;775,00;0;914;0;0;0;0;0;0;0;0;905;21815;36;997;97;1764;0;0;0;0;0;0
2014;177,00;0;0;0;0;304;7493;0;0;0;0;90;8451;5;39;0;0;177;16309;0;0;0;0
2014;578,00;0;0;0;0;0;0;0;0;0;0;560;6913;0;0;0;0;0;0;0;0;0;0
2014;416,00;0;0;0;0;0;0;0;0;0;0;2644;21629;233;477;233;12778;0;0;0;0;0;0
2014;561,00;0;0;0;0;0;0;0;0;0;0;2315;47203;93;1345;29;428;77;6056;0;0;0;0
2014;62,00;0;0;0;0;0;0;0;0;0;0;0;0;0;0;0;0;0;0;0;0;0;0
2014;828,00;0;0;0;0;0;0;0;0;0;0;189;17743;0;0;142;7683;0;0;0;0;0;0
2014;860,00;0;0;0;0;0;0;0;0;0;0;3047;55497;177;7739;0;0;0;0;0;0;0;0
2014;935,00;0;0;0;0;0;0;0;0;0;0;0;0;0;0;0;0;0;0;0;0;0;0
2014;936,00;0;0;0;0;0;0;0;0;0;0;71;170;0;0;67;107;0;0;0;0;0;0
2014;986,00;0;0;0;0;0;0;0;0;0;0;0;0;0;0;0;0;0;0;0;0;0;0
2014;987,00;0;6;0;0;0;0;0;0;0;0;0;0;0;0;0;0;0;0;0;0;0;0
2014;1021,00;0;0;0;0;0;0;0;0;0;0;77;6046;0;0;45;3068;0;0;0;0;0;0
2014;1085,00;0;0;0;0;0;0;0;0;0;0;0;0;0;0;0;0;0;0;0;0;0;0
2014;658,00;0;459;0;0;0;0;0;0;0;0;1831;32963;0;0;0;0;524;6580;8;151;68;1634
2014;353,00;0;0;0;0;0;0;0;0;0;0;641;5909;0;0;431;2451;0;0;0;0;0;0
2014;323,00;0;0;0;0;0;0;0;0;0;0;0;0;0;0;52;4153;0;0;0;0;0;0
2014;620,00;0;0;0;0;0;0;0;0;0;0;2316;55189;0;0;0;0;0;0;0;0;0;0
2014;384,00;0;0;0;0;0;0;0;0;0;0;2581;56087;148;1035;1938;20148;0;0;0;0;0;0
2014;554,00;0;209;0;0;0;0;0;0;0;0;2756;63172;0;0;150;4389;0;0;0;0;0;0
2014;209,00;0;0;0;0;0;0;0;0;0;0;0;0;0;0;0;0;0;0;0;0;0;0
2014;707,00;2989;2620;393;934;0;0;0;0;0;0;11635;232703;2095;9953;948;13741;1110;12645;0;0;0;0
2014;395,00;0;157;0;0;0;0;0;0;0;0;1218;21818;0;0;0;0;0;0;0;0;0;0
2014;969,00;0;0;0;0;0;0;0;0;0;0;1260;47174;0;0;0;0;0;0;0;0;0;0
2014;1052,00;0;0;0;0;0;0;0;0;0;0;0;0;0;0;70;920;0;0;0;0;0;0
2014;739,00;2516;6925;777;1033;2257;21671;0;0;398;783;31962;507450;432;7100;2996;18327;1138;8924;2;110;57;3265
2014;613,00;962;2685;391;625;0;0;0;0;0;0;3891;89106;0;0;0;0;1328;9607;4;360;58;14564
2014;593,00;0;438;0;0;0;0;0;0;0;0;43134;395008;0;0;0;0;0;0;0;0;0;0
2014;704,00;12393;2762;0;0;1017;20873;0;0;0;0;1855;188821;306;2593;291;4155;882;7203;0;0;63;688
2014;493,00;0;0;0;0;0;0;0;0;0;0;1694;14331;0;0;0;0;0;0;0;0;0;0
2014;686,00;1756;2424;0;0;1084;14191;0;0;0;0;2928;69745;264;3275;183;2665;923;7070;0;0;280;829
2014;257,00;84;36;0;0;0;0;0;0;0;0;509;4939;0;0;0;0;56;8650;0;0;0;0
2014;494,00;0;0;0;0;0;0;0;0;0;0;0;0;0;0;0;0;0;0;0;0;0;0
2014;681,00;0;2606;0;0;967;26226;0;0;582;607;987;9004;0;0;0;0;7;26;0;0;0;0
2014;286,00;17;0;192;812;1249;6245;0;0;224;955;0;0;0;0;0;0;90;15529;0;0;0;0
2014;255,00;158;48;0;0;0;0;0;0;0;0;4810;31571;60;561;0;0;0;0;0;0;0;0
2014;79,00;0;0;0;0;0;0;0;0;0;0;0;0;0;0;0;0;0;0;0;0;0;0
2014;81,00;0;0;0;0;0;0;0;0;0;0;0;0;0;0;0;0;0;0;0;0;0;0
2014;688,00;0;650;0;0;0;0;0;0;0;0;8405;234658;0;0;0;0;44;6121;0;0;10;3032
2014;531,00;0;1350;0;0;0;0;0;0;0;0;9020;116612;0;0;0;0;63;9167;23;8395;33;6006
2014;514,00;0;0;0;0;0;0;0;0;0;0;1295;85041;0;0;0;0;0;0;0;0;0;0
2014;499,00;0;283;0;0;0;0;0;0;0;0;406;8628;33;1182;33;670;0;0;0;0;0;0
2014;532,00;0;778;0;0;0;0;0;0;0;0;5686;122102;0;0;0;0;0;0;0;0;0;0
2014;190,00;0;0;0;0;0;0;0;0;0;0;1212;11630;280;2309;546;4752;0;0;0;0;0;0
2014;598,00;0;264;0;0;0;0;0;0;0;0;4735;150240;0;0;0;0;0;0;0;0;0;0
2014;260,00;696;14105;0;0;0;0;0;0;0;0;0;0;0;0;0;0;7;14;0;0;0;0
2014;838,00;0;0;0;0;0;0;0;0;0;0;486;2964;0;0;0;0;0;0;0;0;0;0
2014;839,00;0;0;0;0;0;0;0;0;0;0;195;2185;195;1366;195;1912;0;0;0;0;0;0
2014;851,00;0;0;0;0;0;0;0;0;0;0;0;0;0;0;0;0;0;0;0;0;0;0
2014;852,00;1295;2149;581;817;1232;10488;0;0;0;0;16189;497752;833;22319;0;0;148;22718;0;0;24;35040
2014;988,00;0;0;0;0;0;0;0;0;0;0;819;32041;163;2608;680;18115;0;0;0;0;0;0
2014;1056,00;552;733;105;175;0;0;0;0;0;0;572;12862;505;5142;0;0;180;23212;0;0;30;6586
2014;1044,00;0;0;0;0;0;0;0;0;0;0;161;1594;1;1;1;1;0;0;0;0;0;0
2014;644,00;0;2052;0;0;0;0;0;0;0;0;36390;319532;0;0;0;0;56;6814;0;0;0;0
2014;752,00;7120;3103;0;0;1610;32509;0;0;214;360;10982;492421;0;0;830;16988;43;6919;0;0;12;3800
2014;238,00;0;0;0;0;0;0;0;0;0;0;580;740;0;0;0;0;0;0;0;0;0;0
2014;325,00;0;0;0;0;0;0;0;0;0;0;112;5211;156;4276;122;3499;0;0;0;0;0;0
2014;622,00;0;217;0;0;0;0;0;0;0;0;8173;62750;0;0;0;0;0;0;0;0;0;0
2014;879,00;0;0;0;0;0;0;0;0;0;0;80;1153;0;0;0;0;0;0;0;0;0;0
2014;906,00;324;0;0;0;442;9002;0;0;0;0;0;0;0;0;0;0;0;0;0;0;0;0
2014;370,00;0;0;0;0;0;0;0;0;0;0;2798;17481;0;0;0;0;0;0;0;0;0;0
2014;418,00;0;0;79;288;0;0;0;0;0;0;464;26941;0;0;0;0;0;0;0;0;0;0
2014;574,00;0;0;0;0;0;0;0;0;0;0;1980;32228;0;0;0;0;0;0;0;0;0;0
2014;399,00;0;0;0;0;0;0;0;0;0;0;0;0;0;0;0;0;0;0;0;0;0;0
2014;195,00;0;0;0;0;0;0;0;0;0;0;0;0;0;0;0;0;0;0;0;0;0;0
2014;783,00;1726;4027;0;0;1193;25970;0;0;0;0;21518;337998;367;3880;150;4430;237;9414;110;0;110;865
2014;263,00;0;0;0;0;0;0;0;0;0;0;1252;19001;0;0;0;0;0;0;0;0;0;0
2014;194,00;0;0;0;0;0;0;0;0;0;0;0;0;0;0;0;0;0;0;0;0;0;0
2014;785,00;1563;4411;0;0;1408;23577;0;0;1641;6812;5395;83422;701;5024;182;2652;337;14336;0;0;94;2567
2014;780,00;0;0;0;0;0;0;0;0;0;0;1525;62133;0;0;0;0;0;0;0;0;0;0
2014;782,00;904;1225;526;541;0;0;0;0;0;0;30849;93655;0;0;33;406;79;13892;4;173;42;15299
2014;369,00;0;0;0;0;0;0;0;0;0;0;11883;236015;344;3781;412;7422;0;0;0;0;0;0
2014;84,00;0;0;0;0;0;0;0;0;0;0;0;0;0;0;0;0;0;0;0;0;0;0
2014;713,00;2385;0;0;0;0;0;0;0;0;0;6964;491675;28;1462;22;88;0;0;0;0;0;0
2014;941,00;0;0;0;0;0;0;0;0;0;0;0;0;0;0;0;0;0;0;0;0;0;0
2014;1091,00;0;0;0;0;0;0;0;0;0;0;0;0;0;0;0;0;0;0;0;0;0;0
2014;1045,00;38;0;0;0;93;2307;0;0;0;0;675;10135;0;0;0;0;0;0;0;0;0;0
2014;1086,00;0;0;0;0;890;8237;0;0;0;0;0;0;0;0;0;0;0;0;0;0;0;0
2014;937,00;0;1496;0;0;439;9630;0;0;0;0;1662;87065;1479;2724;137;2471;105;15131;0;0;21;7711
2014;1004,00;0;0;0;0;0;0;0;0;0;0;661;5289;76;1771;0;0;0;0;0;0;0;0
2014;737,00;1492;1243;750;856;856;24898;0;0;119;361;10137;182472;304;3607;225;9337;72;11290;0;0;31;6975
2014;765,00;2909;1425;0;0;1312;18286;0;0;298;2600;11904;145145;2060;9201;3040;67161;84;13153;0;0;33;10411
2014;329,00;0;146;0;0;0;0;0;0;0;0;972;17500;0;0;0;0;0;0;0;0;0;0
2014;87,00;0;0;0;0;0;0;0;0;0;0;80;2595;0;0;87;4844;0;0;0;0;0;0
2014;527,00;0;115;0;0;0;0;0;0;0;0;28759;43131;0;0;2637;3340;0;0;0;0;0;0
2014;562,00;42;6;99;99;0;0;0;0;0;0;2570;67886;0;0;754;12342;0;0;0;0;0;0
2014;251,00;116;171;0;0;0;0;0;0;0;0;0;0;0;0;0;0;0;0;0;0;0;0
2014;129,00;0;0;0;0;0;0;0;0;0;0;111;8284;0;0;0;0;0;0;0;0;0;0
2014;154,00;0;0;0;0;0;0;0;0;0;0;526;13755;0;0;120;3247;210;22804;0;0;0;0
2014;516,00;167;0;0;0;542;12163;0;0;0;0;2379;67391;0;0;0;0;0;0;0;0;0;0
2014;184,00;0;0;0;0;0;0;0;0;0;0;2454;8262;0;0;0;0;0;0;0;0;0;0
2014;652,00;0;0;0;0;0;0;0;0;0;0;1054;48828;0;0;0;0;16;2145;0;0;0;0
2014;637,00;0;153;0;0;0;0;0;0;0;0;1076;54776;0;0;0;0;280;3312;0;0;0;0
2014;88,00;0;0;0;0;0;0;0;0;0;0;0;0;0;0;0;0;0;0;0;0;0;0
2014;907,00;0;0;0;0;0;0;0;0;0;0;0;0;0;0;62;13892;0;0;0;0;0;0
2014;970,00;0;0;0;0;0;0;0;0;0;0;0;0;0;0;0;0;0;0;0;0;0;0
2014;1019,00;0;0;0;0;0;0;0;0;0;0;960;7415;0;0;0;0;0;0;0;0;0;0
2014;1016,00;83;46;0;0;0;0;0;0;0;0;177;5271;0;0;0;0;0;0;0;0;0;0
2014;1047,00;0;0;0;0;0;0;0;0;0;0;531;9563;0;0;0;0;0;0;0;0;0;0
2014;635,00;0;0;0;0;0;0;0;0;0;0;1414;63583;0;0;0;0;107;9192;0;0;2;266
