"año";"NCODI";"inver_iIntangible";"inver_IMaterial";"inver_IMterrenos";"inver_IMresto";"inver_Otras";"inver_Total"
2014;794,00;0;945883;0;945883;0;945883
2014;415,00;0;206106;0;206106;0;206106
2014;592,00;15342;610623;0;610623;0;625965
2014;497,00;3924;4365708;0;4365708;0;4369632
2014;458,00;93063;1767301;0;1767301;0;1860364
2014;726,00;0;959107;0;959107;72942;1032049
2014;272,00;46668;382747;0;382747;0;429415
2014;805,00;0;91967;0;91967;0;91967
2014;5,00;0;930539;0;930539;0;930539
2014;234,00;134339;800771;106125;694646;0;935110
2014;64,00;0;8694;0;8694;0;8694
2014;842,00;0;0;0;0;0;0
2014;843,00;0;0;0;0;0;0
2014;803,00;0;648195;0;648195;0;648195
2014;211,00;664;152524;152524;0;0;153188
2014;773,00;0;854837;0;854837;0;854837
2014;424,00;0;304853;0;304853;0;304853
2014;298,00;0;763229;0;763229;0;763229
2014;594,00;4368;52671;0;52671;0;57039
2014;237,00;3579;437828;0;437828;0;441407
2014;16,00;0;572;0;572;0;572
2014;768,00;146317;209783;0;209783;0;356100
2014;617,00;153724;400845;0;400845;0;554569
2014;297,00;0;2752;0;2752;0;2752
2014;105,00;0;16692;0;16692;0;16692
2014;544,00;94559;286384;0;286384;0;380943
2014;804,00;1595;697657;0;697657;0;699252
2014;470,00;0;51192;0;51192;0;51192
2014;104,00;181466;38910;0;38910;0;220376
2014;20,00;0;0;0;0;1;1
2014;550,00;4976;445690;0;445690;0;450666
2014;112,00;473;1027257;0;1027257;0;1027730
2014;818,00;0;59190;0;59190;0;59190
2014;914,00;0;10034;0;10034;0;10034
2014;928,00;0;114090;0;114090;4587;118677
2014;964,00;229705;1059069;0;1059069;60000;1348774
2014;1026,00;0;50384;0;50384;0;50384
2014;1068,00;40400;13070;0;13070;0;53470
2014;1108,00;214775;1224014;0;1224014;0;1438789
2014;738,00;0;0;0;0;0;0
2014;404,00;12837;1007906;0;1007906;0;1020743
2014;274,00;23483;1889163;0;1889163;0;1912646
2014;270,00;11294;2038577;0;2038577;0;2049871
2014;676,00;0;0;0;0;0;0
2014;709,00;0;112689;0;112689;0;112689
2014;754,00;0;0;0;0;0;0
2014;997,00;0;14078;0;14078;0;14078
2014;734,00;0;777534;0;777534;0;777534
2014;299,00;0;188047;0;188047;0;188047
2014;645,00;0;18321;0;18321;0;18321
2014;17,00;0;0;0;0;0;0
2014;1046,00;0;0;0;0;0;0
2014;420,00;16472;209844;0;209844;3920;230236
2014;802,00;0;201245;0;201245;0;201245
2014;266,00;101564;1190415;0;1190415;0;1291979
2014;137,00;0;219725;0;219725;0;219725
2014;769,00;0;70178;0;70178;0;70178
2014;776,00;108708;447393;0;447393;0;556101
2014;640,00;97387;698179;0;698179;0;795566
2014;315,00;0;1656571;0;1656571;0;1656571
2014;40,00;2880;162161;0;162161;0;165041
2014;508,00;24094;549338;0;549338;0;573432
2014;46,00;3291;8156;0;8156;0;11447
2014;590,00;49403;1854133;0;1854133;0;1903536
2014;777,00;134024;164942;0;164942;0;298966
2014;897,00;1402974;1970999;0;1970999;0;3373973
2014;965,00;913;31049;0;31049;0;31962
2014;671,00;0;92420;0;92420;0;92420
2014;461,00;0;5526;0;5526;0;5526
2014;376,00;9022;104222;0;104222;0;113244
2014;621,00;0;70828;0;70828;0;70828
2014;793,00;0;288410;0;288410;0;288410
2014;1102,00;29608;5935495;0;5935495;0;5965103
2014;712,00;0;0;0;0;0;0
2014;32,00;0;0;0;0;0;0
2014;361,00;0;0;0;0;0;0
2014;486,00;0;90082;0;90082;0;90082
2014;595,00;0;87766;0;87766;0;87766
2014;433,00;0;12350;0;12350;0;12350
2014;1058,00;0;14243;0;14243;0;14243
2014;261,00;710;736477;0;736477;0;737187
2014;730,00;0;0;0;0;0;0
2014;577,00;0;0;0;0;73480;73480
2014;788,00;0;254434;0;254434;0;254434
2014;865,00;0;0;0;0;61849;61849
2014;979,00;0;0;0;0;35387;35387
2014;998,00;0;14852;0;14852;0;14852
2014;221,00;26000;180000;0;180000;0;206000
2014;506,00;0;233394;0;233394;0;233394
2014;727,00;336;613328;0;613328;0;613664
2014;355,00;4714;34153;0;34153;0;38867
2014;487,00;3294;180505;0;180505;0;183799
2014;938,00;0;505258;166623;338635;142204;647462
2014;886,00;0;26540;0;26540;0;26540
2014;835,00;2504;49774;0;49774;0;52278
2014;999,00;0;0;0;0;0;0
2014;798,00;88825;3235344;0;3235344;0;3324169
2014;504,00;64754;1092644;0;1092644;0;1157398
2014;247,00;11115;217586;0;217586;0;228701
2014;216,00;11294;137736;0;137736;0;149030
2014;654,00;0;1524339;390937;1133402;0;1524339
2014;65,00;0;18646;0;18646;0;18646
2014;472,00;151297;928468;0;928468;0;1079765
2014;427,00;0;35530;0;35530;0;35530
2014;491,00;19;385498;0;385498;0;385517
2014;551,00;1442;70641;0;70641;0;72083
2014;106,00;6000;5328748;0;5328748;0;5334748
2014;819,00;0;42996;0;42996;0;42996
2014;836,00;0;1000;0;1000;0;1000
2014;915,00;0;80369;0;80369;0;80369
2014;942,00;22642;282344;83116;199228;362370;667356
2014;748,00;0;0;0;0;306041;306041
2014;198,00;4717;89374;0;89374;0;94091
2014;871,00;14089;604196;0;604196;0;618285
2014;948,00;18783;400170;0;400170;0;418953
2014;1051,00;0;0;0;0;5272;5272
2014;1083,00;0;0;0;0;3936;3936
2014;1096,00;0;6995;0;6995;0;6995
2014;679,00;22897;201986;0;201986;0;224883
2014;176,00;30510;183000;0;183000;0;213510
2014;537,00;0;92288;0;92288;0;92288
2014;608,00;0;5964;0;5964;0;5964
2014;596,00;0;49562;0;49562;0;49562
2014;749,00;0;2807150;0;2807150;0;2807150
2014;758,00;0;1171900;0;1171900;0;1171900
2014;1104,00;0;1704005;0;1704005;0;1704005
2014;436,00;0;133065;0;133065;0;133065
2014;567,00;0;40352;0;40352;0;40352
2014;677,00;0;1400385;0;1400385;0;1400385
2014;670,00;0;20048;0;20048;0;20048
2014;588,00;0;101502;0;101502;0;101502
2014;753,00;0;1460549;0;1460549;0;1460549
2014;887,00;0;68781;0;68781;0;68781
2014;245,00;23205;1612071;0;1612071;0;1635276
2014;603,00;0;4050445;0;4050445;0;4050445
2014;426,00;3292;115521;0;115521;0;118813
2014;232,00;380906;6220184;0;6220184;0;6601090
2014;288,00;2481;546772;16103;530669;7804;557057
2014;246,00;19325;3149441;0;3149441;0;3168766
2014;284,00;97666;994513;0;994513;0;1092179
2014;18,00;0;1025331;0;1025331;0;1025331
2014;356,00;0;116705;0;116705;0;116705
2014;401,00;8773;790504;0;790504;0;799277
2014;733,00;42489;11489075;0;11489075;0;11531564
2014;243,00;39286;1462455;0;1462455;0;1501741
2014;380,00;0;271033;0;271033;2235;273268
2014;716,00;386700;2761809;0;2761809;0;3148509
2014;534,00;11031;16307714;3631700;12676014;0;16318745
2014;185,00;0;2108710;0;2108710;0;2108710
2014;258,00;90610;8262956;0;8262956;14406;8367972
2014;505,00;0;52170;0;52170;24201;76371
2014;268,00;45742;757546;0;757546;44506;847794
2014;602,00;0;3661122;0;3661122;0;3661122
2014;254,00;9509;1136731;0;1136731;6785;1153025
2014;705,00;4895;1555132;0;1555132;0;1560027
2014;133,00;0;104064;0;104064;0;104064
2014;33,00;0;0;0;0;0;0
2014;143,00;12688;297210;0;297210;0;309898
2014;36,00;0;12253;0;12253;0;12253
2014;756,00;0;2485030;0;2485030;0;2485030
2014;662,00;462;4398529;0;4398529;0;4398991
2014;192,00;0;433699;0;433699;0;433699
2014;382,00;43080;2062604;0;2062604;0;2105684
2014;322,00;0;1225305;0;1225305;0;1225305
2014;478,00;0;807119;0;807119;0;807119
2014;352,00;0;18134;0;18134;0;18134
2014;628,00;0;395113;0;395113;0;395113
2014;291,00;0;54985;0;54985;0;54985
2014;495,00;0;585858;0;585858;0;585858
2014;845,00;0;231164;0;231164;0;231164
2014;498,00;0;1055215;0;1055215;0;1055215
2014;314,00;0;21700;0;21700;0;21700
2014;720,00;0;165738;0;165738;0;165738
2014;721,00;0;567192;0;567192;0;567192
2014;485,00;0;0;0;0;-9176;-9176
2014;273,00;0;2720895;0;2720895;0;2720895
2014;846,00;115817;1078860;0;1078860;0;1194677
2014;847,00;127365;507209;0;507209;0;634574
2014;848,00;78732;546745;0;546745;0;625477
2014;864,00;0;0;0;0;0;0
2014;916,00;0;2262000;0;2262000;0;2262000
2014;930,00;0;1202978;0;1202978;0;1202978
2014;954,00;72132;1781146;0;1781146;0;1853278
2014;943,00;0;530856;0;530856;0;530856
2014;949,00;0;2478757;0;2478757;0;2478757
2014;980,00;3036;2357284;0;2357284;0;2360320
2014;981,00;0;45114;0;45114;0;45114
2014;1024,00;0;1675966;0;1675966;0;1675966
2014;1017,00;12887;22646;0;22646;0;35533
2014;1000,00;2342;1325712;0;1325712;0;1328054
2014;1018,00;0;1981345;0;1981345;0;1981345
2014;1001,00;82081;1446159;0;1446159;0;1528240
2014;1007,00;6500;356453;0;356453;0;362953
2014;1008,00;4941;346554;0;346554;0;351495
2014;1009,00;5093;239955;0;239955;0;245048
2014;1010,00;0;115557;0;115557;0;115557
2014;1011,00;754;140475;0;140475;8729;149958
2014;1012,00;18395;97899;0;97899;0;116294
2014;1013,00;0;0;0;0;0;0
2014;1041,00;0;48453;0;48453;0;48453
2014;1073,00;372542;1615194;0;1615194;6484500;8472236
2014;1087,00;42246;2054446;725555;1328891;2056;2098748
2014;789,00;0;2075888;0;2075888;0;2075888
2014;326,00;0;413268;0;413268;0;413268
2014;442,00;35584;1371451;0;1371451;0;1407035
2014;294,00;63677;40700;0;40700;0;104377
2014;378,00;88375;2118;0;2118;0;90493
2014;402,00;8725;45322;0;45322;0;54047
2014;29,00;0;42881;0;42881;0;42881
2014;450,00;0;0;0;0;0;0
2014;656,00;0;0;0;0;22231;22231
2014;333,00;8264;468075;21196;446879;0;476339
2014;668,00;0;0;0;0;0;0
2014;684,00;0;112284;0;112284;0;112284
2014;422,00;0;1704;0;1704;0;1704
2014;763,00;0;0;0;0;435907;435907
2014;741,00;0;0;0;0;0;0
2014;553,00;0;974810;0;974810;0;974810
2014;357,00;0;5826;0;5826;0;5826
2014;899,00;0;5796;0;5796;0;5796
2014;900,00;0;342785;0;342785;0;342785
2014;932,00;8250;215000;0;215000;0;223250
2014;950,00;34840;640408;0;640408;0;675248
2014;966,00;3115;311599;0;311599;0;314714
2014;967,00;0;311852;0;311852;0;311852
2014;982,00;43754;22221;0;22221;0;65975
2014;1014,00;0;8097;0;8097;0;8097
2014;1048,00;0;0;0;0;0;0
2014;1080,00;0;242630;0;242630;0;242630
2014;1074,00;8948;88023;0;88023;145000;241971
2014;1084,00;0;634898;0;634898;0;634898
2014;722,00;0;5294398;0;5294398;0;5294398
2014;660,00;11114;708703;180667;528036;0;719817
2014;75,00;0;47326;0;47326;0;47326
2014;249,00;152849;1748598;0;1748598;0;1901447
2014;275,00;430;30904;0;30904;0;31334
2014;227,00;11294;4886985;0;4886985;0;4898279
2014;150,00;30553;531251;0;531251;32992;594796
2014;47,00;0;20719;0;20719;0;20719
2014;172,00;0;398087;0;398087;0;398087
2014;581,00;0;434090;0;434090;0;434090
2014;120,00;0;0;0;0;0;0
2014;445,00;0;0;0;0;0;0
2014;471,00;0;874711;0;874711;0;874711
2014;53,00;0;25290;0;25290;0;25290
2014;199,00;720;76013;0;76013;0;76733
2014;575,00;0;129932;0;129932;0;129932
2014;528,00;0;150043;0;150043;28260;178303
2014;631,00;0;508138;0;508138;0;508138
2014;699,00;287499;198971;0;198971;0;486470
2014;823,00;0;26519;0;26519;99798;126317
2014;849,00;8182;355824;0;355824;0;364006
2014;869,00;110159;129869;0;129869;0;240028
2014;955,00;0;0;0;0;0;0
2014;983,00;0;24642;0;24642;0;24642
2014;1002,00;0;456672;317400;139272;0;456672
2014;1015,00;0;223538;0;223538;0;223538
2014;51,00;0;8217;0;8217;0;8217
2014;441,00;13627;1636129;0;1636129;16155930;17805686
2014;327,00;2032;39531;0;39531;0;41563
2014;690,00;540;2394975;802726;1592249;0;2395515
2014;262,00;127203;30313;0;30313;1622312;1779828
2014;403,00;0;0;0;0;0;0
2014;312,00;1452;1109901;0;1109901;0;1111353
2014;589,00;0;403580;0;403580;0;403580
2014;665,00;0;394091;0;394091;0;394091
2014;334,00;0;0;0;0;0;0
2014;1075,00;0;6846316;0;6846316;0;6846316
2014;751,00;0;0;0;0;0;0
2014;186,00;6301;49374;0;49374;0;55675
2014;646,00;0;0;0;0;0;0
2014;536,00;0;0;0;0;0;0
2014;242,00;1258;168646;0;168646;28849;198753
2014;490,00;0;78608;0;78608;20305;98913
2014;500,00;5505;2169740;0;2169740;0;2175245
2014;206,00;26745;256994;0;256994;0;283739
2014;58,00;0;25891;0;25891;0;25891
2014;572,00;0;102479;0;102479;0;102479
2014;180,00;0;540038;0;540038;0;540038
2014;549,00;0;94426;0;94426;0;94426
2014;582,00;0;34329;0;34329;0;34329
2014;743,00;100709;8888274;0;8888274;0;8988983
2014;795,00;5888;305276;0;305276;0;311164
2014;269,00;315;47850;0;47850;0;48165
2014;634,00;4609;1381496;0;1381496;0;1386105
2014;1,00;3630;55949;0;55949;0;59579
2014;717,00;0;3298448;0;3298448;0;3298448
2014;373,00;0;35047;0;35047;0;35047
2014;535,00;0;0;0;0;0;0
2014;824,00;0;78608;0;78608;20305;98913
2014;888,00;0;75767;0;75767;0;75767
2014;902,00;0;72005;0;72005;0;72005
2014;968,00;0;144226;0;144226;0;144226
2014;346,00;0;0;0;0;604628;604628
2014;27,00;0;1113467;0;1113467;0;1113467
2014;165,00;224;55938;0;55938;0;56162
2014;956,00;0;319075;0;319075;0;319075
2014;413,00;0;84873;0;84873;0;84873
2014;149,00;0;64428;0;64428;0;64428
2014;612,00;0;3281888;0;3281888;0;3281888
2014;559,00;1652;383232;0;383232;0;384884
2014;7,00;1926;23754;0;23754;0;25680
2014;283,00;88793;568773;0;568773;0;657566
2014;37,00;0;604604;216960;387644;0;604604
2014;153,00;2123;3707786;600650;3107136;0;3709909
2014;547,00;0;99933;36776;63157;0;99933
2014;397,00;0;122499;0;122499;0;122499
2014;556,00;0;0;0;0;0;0
2014;42,00;0;317496;0;317496;0;317496
2014;31,00;2247;291987;4275;287712;0;294234
2014;740,00;0;1101077;0;1101077;0;1101077
2014;217,00;4222;2051983;0;2051983;0;2056205
2014;863,00;0;164779;0;164779;0;164779
2014;889,00;16240;695759;0;695759;0;711999
2014;984,00;0;268468;0;268468;0;268468
2014;1106,00;0;144867;0;144867;0;144867
2014;34,00;0;24320;0;24320;0;24320
2014;791,00;78363;876211;57057;819154;0;954574
2014;181,00;78363;876211;57057;819154;0;954574
2014;430,00;0;0;0;0;0;0
2014;715,00;235000;1753000;0;1753000;675000;2663000
2014;521,00;30855;119367;0;119367;0;150222
2014;524,00;1345072;1052990;0;1052990;0;2398062
2014;432,00;11213;162768;0;162768;0;173981
2014;19,00;0;10829;0;10829;0;10829
2014;25,00;0;3875;0;3875;0;3875
2014;26,00;0;79932;0;79932;0;79932
2014;890,00;6197;0;0;0;152138;158335
2014;904,00;0;0;0;0;0;0
2014;957,00;65390;809996;0;809996;0;875386
2014;939,00;33181;866613;0;866613;0;899794
2014;236,00;19636;589183;0;589183;0;608819
2014;735,00;0;0;0;0;0;0
2014;146,00;0;42930;0;42930;0;42930
2014;363,00;7048;2268454;0;2268454;0;2275502
2014;187,00;0;0;0;0;0;0
2014;265,00;0;237730;0;237730;0;237730
2014;295,00;48935;371972;0;371972;0;420907
2014;496,00;253319;993502;0;993502;0;1246821
2014;77,00;0;106237;0;106237;0;106237
2014;391,00;1616;53157;0;53157;12550;67323
2014;240,00;0;601124;0;601124;0;601124
2014;448,00;0;0;0;0;0;0
2014;151,00;0;93090;0;93090;0;93090
2014;425,00;0;11532;0;11532;0;11532
2014;300,00;0;0;0;0;0;0
2014;339,00;188652;708225;0;708225;0;896877
2014;826,00;0;0;0;0;0;0
2014;874,00;0;0;0;0;0;0
2014;905,00;11458;3879175;0;3879175;0;3890633
2014;736,00;0;1339998;0;1339998;0;1339998
2014;459,00;24128;1103393;0;1103393;0;1127521
2014;320,00;0;245973;0;245973;657043;903016
2014;45,00;7069;1840511;0;1840511;0;1847580
2014;618,00;0;0;0;0;469998;469998
2014;463,00;0;1838653;620166;1218487;0;1838653
2014;891,00;0;2323832;0;2323832;0;2323832
2014;958,00;4990;172871;0;172871;0;177861
2014;244,00;0;631551;0;631551;0;631551
2014;28,00;0;3600;0;3600;0;3600
2014;444,00;10527;261942;43146;218796;0;272469
2014;479,00;42077;582891;0;582891;0;624968
2014;285,00;12488;1008727;0;1008727;0;1021215
2014;253,00;30975;1660087;0;1660087;0;1691062
2014;481,00;177414;903591;0;903591;1794035;2875040
2014;540,00;620;785331;0;785331;0;785951
2014;332,00;0;0;0;0;0;0
2014;41,00;0;0;0;0;0;0
2014;510,00;0;98471;0;98471;0;98471
2014;305,00;0;986;0;986;0;986
2014;708,00;0;148170;0;148170;0;148170
2014;755,00;0;1438977;0;1438977;0;1438977
2014;750,00;0;942306;0;942306;0;942306
2014;696,00;0;0;0;0;0;0
2014;434,00;0;91046;0;91046;0;91046
2014;421,00;0;218258;0;218258;136723;354981
2014;827,00;0;0;0;0;0;0
2014;933,00;0;445139;0;445139;0;445139
2014;1030,00;138128;842650;0;842650;0;980778
2014;1003,00;3852;29297;0;29297;0;33149
2014;1050,00;0;66378;0;66378;0;66378
2014;1043,00;0;395590;0;395590;0;395590
2014;934,00;0;122845;33378;89467;0;122845
2014;629,00;1456;1125151;0;1125151;0;1126607
2014;21,00;2904;18904;0;18904;0;21808
2014;615,00;0;1758653;0;1758653;0;1758653
2014;626,00;0;1027305;0;1027305;0;1027305
2014;417,00;458;14173;0;14173;0;14631
2014;597,00;29968;221547;0;221547;0;251515
2014;539,00;21539;321734;0;321734;0;343273
2014;343,00;9923;184992;0;184992;0;194915
2014;135,00;1405;68631;0;68631;0;70036
2014;158,00;166351;1354075;278620;1075455;0;1520426
2014;775,00;8467;719220;0;719220;0;727687
2014;177,00;0;0;0;0;1;1
2014;578,00;6797;96713;0;96713;0;103510
2014;416,00;13433;977914;55573;922341;0;991347
2014;561,00;27565;696804;0;696804;0;724369
2014;62,00;0;39277;0;39277;0;39277
2014;828,00;3423;4738;0;4738;3493;11654
2014;860,00;10829;359127;0;359127;529317;899273
2014;935,00;0;46657;0;46657;0;46657
2014;936,00;0;9250;0;9250;0;9250
2014;986,00;3116;35859;0;35859;0;38975
2014;987,00;0;159197;0;159197;0;159197
2014;1021,00;1598;6839;0;6839;0;8437
2014;1085,00;0;15528;0;15528;0;15528
2014;658,00;0;25583;0;25583;0;25583
2014;353,00;0;0;0;0;0;0
2014;323,00;0;0;0;0;0;0
2014;620,00;0;0;0;0;0;0
2014;384,00;0;498074;0;498074;0;498074
2014;554,00;0;520471;6921;513550;0;520471
2014;209,00;0;138014;0;138014;0;138014
2014;707,00;0;1805953;0;1805953;0;1805953
2014;395,00;98451;25374;0;25374;0;123825
2014;969,00;0;484635;0;484635;0;484635
2014;1052,00;0;0;0;0;0;0
2014;739,00;0;0;0;0;379949;379949
2014;613,00;0;2049998;0;2049998;0;2049998
2014;593,00;0;0;0;0;712000;712000
2014;704,00;0;1745635;0;1745635;0;1745635
2014;493,00;0;0;0;0;0;0
2014;686,00;8787;9010327;0;9010327;0;9019114
2014;257,00;94258;1242055;0;1242055;0;1336313
2014;494,00;9649;606665;55152;551513;0;616314
2014;681,00;79257;2458152;0;2458152;0;2537409
2014;286,00;89125;1272469;0;1272469;0;1361594
2014;255,00;0;610673;0;610673;0;610673
2014;79,00;0;4641;0;4641;24914;29555
2014;81,00;0;10784;0;10784;0;10784
2014;688,00;0;190109;0;190109;50999;241108
2014;531,00;0;370957;0;370957;4495;375452
2014;514,00;0;0;0;0;0;0
2014;499,00;106987;542360;0;542360;0;649347
2014;532,00;0;647928;0;647928;0;647928
2014;190,00;0;40775;0;40775;39225;80000
2014;598,00;0;618588;0;618588;17544;636132
2014;260,00;184054;2045252;0;2045252;0;2229306
2014;838,00;0;2758;2758;0;0;2758
2014;839,00;17068;132219;0;132219;0;149287
2014;851,00;0;14318;0;14318;0;14318
2014;852,00;375331;1793023;0;1793023;0;2168354
2014;988,00;0;0;0;0;0;0
2014;1056,00;146763;1366335;0;1366335;314292;1827390
2014;1044,00;0;0;0;0;0;0
2014;644,00;33691;244136;0;244136;0;277827
2014;752,00;321786;2544325;0;2544325;91998;2958109
2014;238,00;3800;1360980;0;1360980;0;1364780
2014;325,00;374;396304;0;396304;0;396678
2014;622,00;0;88957;0;88957;0;88957
2014;879,00;416;54863;0;54863;0;55279
2014;906,00;4860;897508;0;897508;0;902368
2014;370,00;60977;153888;0;153888;0;214865
2014;418,00;0;122213;0;122213;0;122213
2014;574,00;16472;209844;0;209844;3920;230236
2014;399,00;13917;205937;0;205937;0;219854
2014;195,00;0;33921;0;33921;0;33921
2014;783,00;1044845;6448767;0;6448767;0;7493612
2014;263,00;19084;857014;0;857014;0;876098
2014;194,00;0;59931;0;59931;0;59931
2014;785,00;822424;3282233;0;3282233;0;4104657
2014;780,00;147688;803892;0;803892;0;951580
2014;782,00;469268;4238805;0;4238805;0;4708073
2014;369,00;59691;122617;0;122617;0;182308
2014;84,00;0;0;0;0;0;0
2014;713,00;18527;534600;0;534600;0;553127
2014;941,00;7239;29598;0;29598;0;36837
2014;1091,00;214685;185943;0;185943;0;400628
2014;1045,00;0;75085;0;75085;0;75085
2014;1086,00;252666;3448690;5210;3443480;0;3701356
2014;937,00;21020;873381;0;873381;0;894401
2014;1004,00;339;25092;0;25092;0;25431
2014;737,00;0;112940;0;112940;0;112940
2014;765,00;0;593859;152564;441295;0;593859
2014;329,00;0;55121;0;55121;35550;90671
2014;87,00;0;22800;0;22800;0;22800
2014;527,00;0;184789;0;184789;68679;253468
2014;562,00;0;107020;0;107020;0;107020
2014;251,00;14026;803104;0;803104;721002;1538132
2014;129,00;2316;127678;0;127678;0;129994
2014;154,00;126174;239710;0;239710;0;365884
2014;516,00;3321;1354493;290087;1064406;0;1357814
2014;184,00;0;123711;0;123711;0;123711
2014;652,00;0;0;0;0;241504;241504
2014;637,00;0;0;0;0;0;0
2014;88,00;0;0;0;0;50431;50431
2014;907,00;4811;8327;0;8327;0;13138
2014;970,00;0;3598;0;3598;0;3598
2014;1019,00;0;32709;0;32709;0;32709
2014;1016,00;0;168862;0;168862;0;168862
2014;1047,00;0;63027;0;63027;0;63027
2014;635,00;0;1092888;0;1092888;0;1092888
2014;113,00;75900;0;0;0;0;75900
2014;619,00;29175;3321769;1470758;1851011;0;3350944
2014;163,00;1639;246747;0;246747;0;248386
2014;131,00;0;0;0;0;0;0
2014;375,00;25085;12439;0;12439;0;37524
2014;1090,00;909484;941332;0;941332;2525890;4376706
2014;764,00;0;610055;0;610055;0;610055
2014;14,00;0;25020;0;25020;0;25020
2014;657,00;0;125389;0;125389;0;125389
2014;362,00;0;434134;0;434134;0;434134
2014;989,00;0;82046;0;82046;0;82046
2014;990,00;0;94617;0;94617;0;94617
2014;680,00;0;1589390;0;1589390;0;1589390
2014;411,00;10836;1275938;0;1275938;0;1286774
2014;241,00;165357;1068004;0;1068004;0;1233361
2014;558,00;0;532893;0;532893;0;532893
2014;167,00;0;0;0;0;0;0
2014;248,00;204938;4683250;0;4683250;0;4888188
2014;224,00;112631;10762979;230072;10532907;0;10875610
2014;591,00;201397;555467;0;555467;0;756864
2014;586,00;0;860553;0;860553;0;860553
2014;453,00;0;15268;0;15268;0;15268
2014;145,00;0;0;0;0;0;0
2014;511,00;0;0;0;0;589478;589478
2014;530,00;0;5884920;5884920;0;0;5884920
2014;6,00;27961;268880;0;268880;0;296841
2014;161,00;0;25100;0;25100;0;25100
2014;623,00;0;912422;0;912422;0;912422
2014;489,00;0;0;0;0;0;0
2014;875,00;0;509224;0;509224;0;509224
2014;940,00;0;0;0;0;0;0
2014;946,00;34334;1344182;256615;1087567;0;1378516
2014;1023,00;310057;856305;0;856305;0;1166362
2014;1054,00;0;0;0;0;0;0
2014;1057,00;0;80000;0;80000;0;80000
2014;1031,00;0;92744;0;92744;0;92744
2014;1032,00;213791;580457;0;580457;0;794248
2014;1064,00;109578;101959;0;101959;0;211537
2014;226,00;7019;587255;0;587255;0;594274
2014;687,00;0;63835;0;63835;0;63835
2014;745,00;0;275813;0;275813;0;275813
2014;109,00;6550;526189;0;526189;0;532739
2014;808,00;0;988968;0;988968;0;988968
2014;971,00;13388;0;0;0;0;13388
2014;128,00;0;111871;0;111871;0;111871
2014;919,00;13231;163644;0;163644;0;176875
2014;725,00;0;66099;0;66099;0;66099
2014;3,00;0;44473;0;44473;0;44473
2014;306,00;0;0;0;0;0;0
2014;15,00;24;403587;230939;172648;30050;433661
2014;264,00;958;653069;0;653069;0;654027
2014;867,00;0;169781;0;169781;0;169781
2014;910,00;0;157268;0;157268;0;157268
2014;1053,00;0;0;0;0;393470;393470
2014;1055,00;0;536749;0;536749;0;536749
2014;1081,00;0;9015;0;9015;0;9015
2014;1099,00;0;0;0;0;0;0
2014;529,00;0;18325;0;18325;16500;34825
2014;345,00;0;25174;0;25174;19500;44674
2014;515,00;41775;115887;0;115887;0;157662
2014;174,00;0;153415;0;153415;0;153415
2014;523,00;25822;1001121;19408;981713;1919379;2946322
2014;697,00;15608;1935407;0;1935407;0;1951015
2014;239,00;58234;363930;0;363930;0;422164
2014;287,00;12196;258662;0;258662;-24228;246630
2014;377,00;0;0;0;0;7504;7504
2014;692,00;0;610808;0;610808;0;610808
2014;335,00;0;187114;1617;185497;12923;200037
2014;435,00;4400;1860628;0;1860628;75994;1941022
2014;423,00;613;357659;0;357659;3937;362209
2014;351,00;2119;171697;0;171697;0;173816
2014;810,00;263;153519;0;153519;1687;155469
2014;830,00;47505;1330712;0;1330712;0;1378217
2014;892,00;0;957424;0;957424;0;957424
2014;921,00;0;437901;0;437901;10562;448463
2014;991,00;0;20536;0;20536;0;20536
2014;992,00;0;204191;14064;190127;0;204191
2014;993,00;0;241870;0;241870;0;241870
2014;1070,00;0;1385392;0;1385392;0;1385392
2014;1095,00;63474;260312;0;260312;0;323786
2014;1094,00;21190;68226;0;68226;0;89416
2014;473,00;0;0;0;0;1;1
2014;663,00;421035;7728580;0;7728580;0;8149615
2014;552,00;30250;337271;0;337271;0;367521
2014;772,00;1984580;13026286;0;13026286;269245;15280111
2014;568,00;0;660635;0;660635;0;660635
2014;398,00;0;1238634;0;1238634;0;1238634
2014;394,00;0;350994;0;350994;0;350994
2014;614,00;0;28781;0;28781;0;28781
2014;235,00;0;1655756;0;1655756;0;1655756
2014;616,00;238945;630320;0;630320;0;869265
2014;267,00;41443;23402241;5916054;17486187;3921139;27364823
2014;565,00;0;1669717;0;1669717;0;1669717
2014;220,00;32562;500533;0;500533;0;533095
2014;278,00;0;1954243;0;1954243;0;1954243
2014;107,00;19365;309684;0;309684;0;329049
2014;711,00;475202;1675967;0;1675967;634214;2785383
2014;204,00;0;133764;0;133764;0;133764
2014;579,00;22850;370492;0;370492;0;393342
2014;348,00;227370;647477;0;647477;0;874847
2014;766,00;12743;611808;0;611808;0;624551
2014;761,00;0;304787;0;304787;16777;321564
2014;728,00;16010;6170545;0;6170545;0;6186555
2014;280,00;16763;2532080;0;2532080;23889;2572732
2014;222,00;22175;193231;0;193231;0;215406
2014;276,00;43137;2012109;0;2012109;0;2055246
2014;11,00;6300;531210;0;531210;0;537510
2014;302,00;6528;197481;0;197481;0;204009
2014;682,00;268083;1791284;0;1791284;747891;2807258
2014;279,00;12487;400129;0;400129;0;412616
2014;282,00;0;0;0;0;1;1
2014;281,00;0;2250663;0;2250663;90506;2341169
2014;183,00;0;33089;0;33089;0;33089
2014;610,00;0;488055;0;488055;0;488055
2014;116,00;5849;48604;0;48604;0;54453
2014;115,00;0;106350;0;106350;0;106350
2014;114,00;0;0;0;0;1840;1840
2014;119,00;0;38000;0;38000;0;38000
2014;770,00;0;1797933;0;1797933;0;1797933
2014;583,00;33751;316556;0;316556;0;350307
2014;136,00;0;99763;0;99763;0;99763
2014;469,00;5668;252750;0;252750;0;258418
2014;642,00;4976;240789;0;240789;0;245765
2014;674,00;391616;15393071;2728413;12664658;0;15784687
2014;193,00;834;69336;0;69336;0;70170
2014;526,00;12070;1108159;0;1108159;0;1120229
2014;698,00;0;1876937;0;1876937;0;1876937
2014;630,00;99526;644368;0;644368;0;743894
2014;124,00;2976;53137;1912;51225;0;56113
2014;364,00;0;1;0;1;0;1
2014;439,00;22939;1515354;0;1515354;5242;1543535
2014;570,00;78437;17468858;0;17468858;17926;17565221
2014;123,00;78144;268638;0;268638;503982;850764
2014;310,00;10613;442881;0;442881;0;453494
2014;571,00;0;753051;0;753051;0;753051
2014;296,00;2118;25403;0;25403;64416;91937
2014;566,00;426927;321724;0;321724;0;748651
2014;784,00;50382;3917291;993374;2923917;1772841;5740514
2014;102,00;9096;411548;0;411548;274971;695615
2014;379,00;0;1903430;682202;1221228;0;1903430
2014;639,00;1982061;1168338;0;1168338;0;3150399
2014;457,00;55375;342261;0;342261;0;397636
2014;609,00;40825;4262083;0;4262083;0;4302908
2014;101,00;0;99501;0;99501;11095;110596
2014;454,00;183044;669208;0;669208;0;852252
2014;318,00;0;83440;0;83440;0;83440
2014;600,00;302045;555705;0;555705;0;857750
2014;545,00;236497;796500;0;796500;0;1032997
2014;100,00;0;0;0;0;1;1
2014;702,00;114612;3129752;0;3129752;0;3244364
2014;778,00;0;2249561;0;2249561;0;2249561
2014;341,00;0;128722;0;128722;11742;140464
2014;99,00;33245;133230;0;133230;163733;330208
2014;767,00;0;244767;0;244767;0;244767
2014;359,00;92252;337272;0;337272;0;429524
2014;98,00;0;89027;0;89027;0;89027
2014;132,00;0;154589;0;154589;0;154589
2014;97,00;0;0;0;0;1;1
2014;103,00;13844;85565;0;85565;0;99409
2014;110,00;0;741242;14321;726921;0;741242
2014;94,00;0;16522;0;16522;0;16522
2014;91,00;0;480007;0;480007;0;480007
2014;664,00;310239;1269800;0;1269800;0;1580039
2014;918,00;29462;6732280;0;6732280;0;6761742
2014;92,00;0;2239;0;2239;0;2239
2014;95,00;0;168092;0;168092;0;168092
2014;96,00;0;1232;0;1232;0;1232
2014;301,00;6304;196887;0;196887;0;203191
2014;492,00;93029;119064;0;119064;0;212093
2014;811,00;503630;241478;0;241478;0;745108
2014;812,00;174748;3015356;0;3015356;0;3190104
2014;832,00;343;1801;0;1801;2542;4686
2014;841,00;0;62581;0;62581;0;62581
2014;856,00;0;11341;0;11341;0;11341
2014;859,00;523;37670;0;37670;0;38193
2014;861,00;1;0;0;0;0;1
2014;880,00;0;67927;0;67927;0;67927
2014;883,00;0;0;0;0;1;1
2014;884,00;0;4828;0;4828;0;4828
2014;877,00;0;30714;0;30714;0;30714
2014;911,00;90157;262622;0;262622;0;352779
2014;913,00;0;0;0;0;1;1
2014;922,00;1371744;7172845;0;7172845;0;8544589
2014;923,00;0;8320;0;8320;0;8320
2014;924,00;0;249702;0;249702;0;249702
2014;947,00;0;35725;0;35725;0;35725
2014;951,00;0;40098;0;40098;0;40098
2014;1103,00;385;989;0;989;0;1374
2014;972,00;0;9795;0;9795;0;9795
2014;973,00;0;214058;0;214058;0;214058
2014;974,00;0;1227;0;1227;0;1227
2014;975,00;0;63101;0;63101;0;63101
2014;960,00;22797;87574;0;87574;0;110371
2014;1028,00;0;6053;0;6053;0;6053
2014;976,00;0;8945;0;8945;0;8945
2014;977,00;394;29151;0;29151;0;29545
2014;1020,00;0;2536;0;2536;0;2536
2014;994,00;58152;163202;0;163202;171454;392808
2014;995,00;1500;2757;0;2757;0;4257
2014;1060,00;0;480;0;480;0;480
2014;1005,00;392;0;0;0;0;392
2014;1061,00;0;41322;0;41322;0;41322
2014;1006,00;0;83306;0;83306;0;83306
2014;1088,00;0;15008;0;15008;26000;41008
2014;1089,00;6437;443389;0;443389;0;449826
2014;1076,00;0;0;0;0;0;0
2014;1078,00;0;385;0;385;0;385
2014;1033,00;186774;788505;0;788505;0;975279
2014;1037,00;0;0;0;0;1;1
2014;1039,00;433;3953;0;3953;0;4386
2014;1067,00;0;63962;0;63962;1660;65622
2014;1065,00;5850;41326;0;41326;0;47176
2014;1066,00;24867;1231728;0;1231728;0;1256595
2014;1100,00;0;0;0;0;1;1
2014;1105,00;5939;254842;0;254842;0;260781
2014;1107,00;0;251691;0;251691;0;251691
2014;207,00;609;22262;0;22262;0;22871
2014;431,00;0;3198;0;3198;0;3198
2014;387,00;0;175192;0;175192;0;175192
2014;179,00;0;3227;0;3227;0;3227
2014;606,00;0;220778;0;220778;0;220778
2014;925,00;4177;10254;0;10254;28581;43012
2014;541,00;0;43165;0;43165;0;43165
2014;797,00;0;87025;87025;0;0;87025
2014;627,00;0;250478;0;250478;0;250478
2014;173,00;0;79777;0;79777;0;79777
2014;636,00;0;793736;0;793736;0;793736
2014;205,00;408;233468;0;233468;0;233876
2014;814,00;0;0;0;0;0;0
2014;881,00;3267;176380;0;176380;0;179647
2014;771,00;0;131094;131094;0;0;131094
2014;533,00;29477;105189;0;105189;0;134666
2014;447,00;1024;18597;0;18597;0;19621
2014;815,00;0;53170;0;53170;3000;56170
2014;801,00;0;62685;0;62685;0;62685
2014;800,00;398557;901358;0;901358;0;1299915
2014;389,00;1680;12489;0;12489;0;14169
2014;695,00;0;217020;0;217020;0;217020
2014;816,00;0;16850;0;16850;0;16850
2014;833,00;2554;21158;0;21158;0;23712
2014;870,00;0;0;0;0;648666;648666
2014;927,00;0;54885;0;54885;0;54885
2014;961,00;0;0;0;0;0;0
2014;962,00;14728;222835;0;222835;0;237563
2014;1079,00;0;0;0;0;0;0
2014;1101,00;5726;257232;0;257232;59496;322454
2014;666,00;0;1829091;187570;1641521;0;1829091
2014;392,00;0;0;0;0;79619;79619
2014;790,00;0;1339900;0;1339900;0;1339900
2014;650,00;0;140500;0;140500;0;140500
2014;876,00;0;1090164;0;1090164;0;1090164
2014;944,00;0;54583;0;54583;0;54583
2014;952,00;40000;710000;0;710000;0;750000
2014;54,00;0;0;0;0;0;0
2014;367,00;5945;387554;0;387554;0;393499
2014;538,00;0;98959;0;98959;0;98959
2014;557,00;0;121957;0;121957;0;121957
2014;653,00;0;0;0;0;320955;320955
2014;647,00;0;284238;0;284238;0;284238
2014;978,00;0;3269809;1048649;2221160;0;3269809
2014;996,00;0;47152;0;47152;0;47152
2014;729,00;0;621841;0;621841;0;621841
2014;182,00;10670;322380;0;322380;0;333050
2014;633,00;0;10308575;0;10308575;0;10308575
2014;685,00;0;0;0;0;0;0
2014;683,00;0;0;0;0;0;0
2014;945,00;0;0;0;0;53534;53534
2014;953,00;0;187321;0;187321;0;187321
2014;1022,00;0;0;0;0;43283;43283
2014;1049,00;0;94731;0;94731;0;94731
