"año";"NCODI";"camas_instalada";"incubadoras_instalada";"paritorios_instalada";"quirofanos_instalada";"salasHemo_instalada";"camas_funcionamiento";"incubadoras_funcionamiento";"paritorios_funcionamiento";"quirofanos_funcionamiento";"salasHemo_funcionamiento";"salas_rx_Hospital";"salas_rx_CEP";"puesto_HDia_medico";"puesto_HDia_psiquiatrico";"puesto_HDia_geriatrico";"integradasPuestos_HDia_CMA";"propiasPuestos_HDia_CMA";"propiasQuirofanos_HDia_CMA"
2015;113,00;203;0;0;0;0;203;0;0;0;0;0;0;0;1;0;0;0;0
2015;619,00;75;1;2;6;1;75;1;2;6;1;3;0;4;0;0;4;0;1
2015;163,00;20;0;0;4;0;20;0;0;4;0;5;0;0;0;0;0;9;4
2015;131,00;81;0;0;0;0;37;0;0;0;0;0;0;0;0;0;0;0;0
2015;375,00;63;0;0;0;0;63;0;0;0;0;1;0;0;0;0;0;0;0
2015;1090,00;811;23;3;23;2;725;21;3;23;2;11;5;44;4;0;40;0;2
2015;764,00;738;13;2;16;1;642;13;2;16;1;17;0;16;56;8;32;0;0
2015;14,00;42;3;2;3;0;42;3;2;3;0;1;0;1;0;0;;0;1
2015;657,00;135;4;2;4;0;87;4;2;4;0;2;0;1;0;0;1;0;0
2015;362,00;65;2;1;3;1;65;2;1;3;1;7;0;0;0;0;8;0;0
2015;989,00;93;2;1;4;0;52;1;1;4;0;5;0;5;0;0;0;0;0
2015;990,00;114;1;1;4;0;87;1;1;4;0;2;0;10;0;0;0;8;0
2015;680,00;797;24;3;27;2;716;24;3;27;2;12;3;36;0;0;3;0;0
2015;411,00;106;4;1;9;2;106;4;1;9;2;3;0;6;0;0;0;0;0
2015;241,00;96;3;2;7;1;96;3;2;7;1;2;0;6;0;0;2;0;0
2015;558,00;287;4;3;8;0;227;4;3;8;0;10;0;18;0;0;0;11;1
2015;167,00;26;2;1;2;0;16;1;1;2;0;1;0;0;0;0;;;
2015;248,00;175;1;0;4;1;163;0;0;4;1;2;0;10;0;0;0;0;0
2015;224,00;23;1;1;2;0;23;1;1;2;0;2;0;0;0;0;0;0;1
2015;591,00;409;27;2;15;1;392;26;2;15;1;10;0;57;2;0;0;0;4
2015;586,00;367;14;2;12;0;365;12;2;12;0;4;4;29;12;0;0;0;0
2015;453,00;179;0;0;0;0;103;0;0;0;0;1;0;1;0;0;0;0;0
2015;145,00;96;0;0;0;0;96;0;0;0;0;0;0;0;0;0;0;0;0
2015;511,00;286;11;2;9;0;270;11;2;9;0;6;3;10;0;0;0;14;0
2015;530,00;336;8;2;9;0;319;8;2;9;0;6;3;25;0;0;0;2;2
2015;6,00;66;3;1;8;0;55;3;1;8;0;1;0;0;0;0;10;0;0
2015;161,00;432;0;0;0;0;300;0;0;0;0;0;0;0;0;0;0;0;0
2015;623,00;390;14;2;10;1;359;14;2;10;1;8;2;18;0;0;0;0;0
2015;875,00;109;0;0;7;1;84;0;0;7;1;2;0;6;0;0;2;0;0
2015;940,00;22;0;0;0;0;6;0;0;0;0;0;0;0;0;0;0;0;0
2015;946,00;100;3;1;4;1;100;3;1;4;1;3;0;0;0;0;0;0;0
2015;1023,00;277;8;5;11;1;236;8;5;11;1;3;0;38;0;0;13;34;0
2015;1054,00;267;12;2;15;1;211;6;2;13;1;6;0;16;0;0;0;24;2
2015;1057,00;107;0;0;0;0;80;0;0;0;0;4;0;0;0;0;0;0;0
2015;1031,00;40;0;0;0;0;19;0;0;0;0;0;0;0;0;0;0;0;0
2015;1032,00;230;8;8;12;1;194;8;8;12;1;4;0;25;0;0;14;0;0
2015;1064,00;100;2;2;6;1;100;2;2;6;1;1;0;0;0;0;0;0;0
2015;226,00;82;2;1;5;1;82;2;1;5;1;2;0;0;0;0;5;0;5
2015;687,00;197;8;2;6;0;172;8;2;6;0;7;0;10;20;0;0;10;1
2015;745,00;746;46;3;15;2;737;46;3;15;2;22;10;71;42;0;0;19;2
2015;109,00;86;3;2;6;1;54;3;2;6;1;4;0;0;0;0;0;0;0
2015;808,00;309;8;8;9;0;275;6;8;9;0;5;0;0;22;0;16;0;0
2015;971,00;11;0;0;6;0;5;0;0;2;0;2;0;2;0;0;12;0;0
2015;128,00;33;1;1;3;0;33;0;0;3;0;1;0;3;0;0;2;2;1
2015;919,00;430;8;2;8;0;390;8;2;8;0;5;3;24;8;0;0;0;0
2015;725,00;913;28;3;32;2;848;28;3;32;2;16;0;91;0;0;0;20;3
2015;3,00;101;0;0;0;0;80;0;0;0;0;0;0;0;0;0;0;0;0
2015;306,00;281;0;0;0;0;281;0;0;0;0;0;0;0;0;0;0;0;0
2015;15,00;29;0;0;3;0;17;0;0;2;0;1;0;1;0;0;0;0;0
2015;264,00;77;3;1;3;0;77;3;1;3;0;2;0;0;0;0;0;0;0
2015;867,00;15;0;0;2;0;15;0;0;2;0;1;0;0;0;0;0;0;0
2015;910,00;227;2;1;11;0;200;2;1;11;0;8;0;16;0;0;1;10;1
2015;1053,00;327;7;2;8;0;300;7;2;8;0;6;1;10;0;0;0;14;3
2015;1055,00;381;8;3;14;1;374;8;3;14;1;18;0;30;0;0;0;39;6
2015;1081,00;100;0;0;0;0;65;0;0;0;0;0;0;0;0;0;0;0;0
2015;1099,00;20;0;2;5;0;20;0;0;3;0;1;0;1;0;0;0;0;0
2015;529,00;100;0;0;0;0;90;0;0;0;0;1;0;0;0;0;0;0;0
2015;345,00;170;0;0;0;0;168;0;0;0;0;0;0;0;0;0;0;0;0
2015;515,00;40;0;0;3;0;40;0;0;3;0;2;0;0;0;0;0;0;0
2015;174,00;60;0;0;3;0;44;0;0;2;0;0;0;0;0;0;0;0;0
2015;523,00;200;0;0;3;0;161;0;0;3;0;2;0;0;0;25;0;0;0
2015;697,00;193;9;3;6;1;193;9;3;3;1;5;0;1;1;1;1;1;1
2015;239,00;196;0;0;5;1;84;0;0;4;1;3;0;10;0;0;0;0;0
2015;287,00;287;4;3;11;1;287;4;3;11;1;6;0;0;0;16;0;0;0
2015;377,00;106;0;0;0;0;93;0;0;0;0;1;0;0;0;0;0;0;0
2015;692,00;244;10;5;8;0;224;9;5;7;0;3;0;30;26;0;0;0;0
2015;335,00;160;0;0;0;0;160;0;0;0;0;0;0;0;0;0;0;0;0
2015;435,00;70;2;1;4;1;70;2;1;4;1;1;0;0;0;0;0;0;0
2015;423,00;31;3;1;2;0;31;3;1;2;0;2;0;1;0;0;2;3;2
2015;351,00;85;0;0;3;0;52;0;0;2;0;2;0;3;0;0;0;2;1
2015;810,00;9;0;0;1;0;9;0;0;1;0;1;0;0;0;0;1;1;1
2015;830,00;224;6;2;8;0;208;6;2;8;0;3;0;7;0;0;10;0;2
2015;892,00;418;19;6;13;0;369;10;6;12;0;5;0;30;24;0;0;31;0
2015;921,00;170;4;4;8;1;170;4;4;8;1;2;0;0;0;0;6;6;0
2015;991,00;12;1;1;1;0;12;1;1;1;0;1;0;0;0;0;0;0;0
2015;992,00;165;6;1;6;0;165;2;1;6;0;4;0;7;15;0;8;12;1
2015;993,00;142;5;3;5;0;110;5;3;5;0;2;1;29;16;0;0;6;1
2015;1070,00;816;30;6;27;3;694;30;6;25;3;9;0;44;40;0;0;20;4
2015;1095,00;70;0;0;2;0;38;0;0;2;0;1;0;0;0;0;0;0;0
2015;1094,00;34;0;0;4;0;34;0;0;4;0;1;0;1;0;0;0;4;4
2015;473,00;64;27;7;6;0;64;27;7;6;0;2;0;1;0;0;0;0;4
2015;663,00;406;9;2;11;1;406;9;2;11;1;4;2;53;13;0;7;0;0
2015;552,00;90;0;0;6;0;82;0;0;6;0;4;0;16;0;0;14;0;0
2015;772,00;608;0;0;25;2;608;0;0;25;2;8;0;70;56;50;0;0;6
2015;568,00;62;0;0;4;0;18;0;0;4;0;2;0;0;0;0;0;0;0
2015;398,00;132;0;0;5;0;100;0;0;5;0;2;0;0;0;0;0;0;0
2015;394,00;55;0;0;2;0;55;0;0;2;0;2;0;0;0;0;0;0;0
2015;614,00;22;0;0;2;0;22;0;0;2;0;0;0;0;0;0;0;7;0
2015;235,00;58;0;0;4;0;14;0;0;3;0;2;0;0;0;0;0;0;0
2015;616,00;90;0;0;6;0;56;0;0;5;0;0;0;17;0;0;0;15;0
2015;267,00;163;4;2;9;1;149;4;2;9;1;0;0;0;0;0;0;0;0
2015;565,00;200;0;0;5;0;178;0;0;5;0;1;0;8;0;0;0;22;0
2015;220,00;138;3;3;9;0;138;3;3;9;0;3;0;17;0;0;0;0;0
2015;278,00;154;6;3;8;0;154;6;3;8;0;0;0;0;0;0;0;0;0
2015;107,00;112;0;0;0;0;112;0;0;0;0;0;0;0;15;55;0;0;0
2015;711,00;613;17;3;22;3;540;17;3;22;3;7;0;93;41;0;22;0;0
2015;204,00;116;0;0;0;0;116;0;0;0;0;1;0;0;0;22;0;0;0
2015;579,00;31;0;0;2;0;31;0;0;2;0;4;0;0;0;0;0;0;0
2015;348,00;152;0;0;2;0;139;0;0;2;0;1;0;70;0;0;0;0;0
2015;766,00;159;0;0;8;0;111;0;0;8;0;5;0;8;0;0;0;0;0
2015;761,00;317;0;0;0;0;317;0;0;0;0;0;0;0;25;60;0;0;0
2015;728,00;336;0;0;19;0;298;0;0;19;0;7;0;9;0;0;0;17;4
2015;280,00;146;12;4;11;1;146;12;4;11;1;3;0;10;0;0;0;6;3
2015;222,00;44;0;0;6;0;44;0;0;6;0;2;0;1;0;0;0;0;0
2015;276,00;184;10;3;14;1;184;10;3;14;1;8;0;16;0;0;18;0;0
2015;11,00;201;0;2;8;1;170;0;2;8;1;3;0;9;1;0;0;0;0
2015;302,00;60;2;1;3;0;60;2;1;3;0;0;0;0;0;0;1;1;1
2015;682,00;161;0;0;8;0;161;0;0;8;0;1;0;11;0;0;0;0;0
2015;279,00;181;20;5;9;1;181;20;5;9;1;4;0;10;0;0;0;10;3
2015;282,00;257;10;3;18;1;257;10;3;18;1;8;0;10;0;0;0;31;4
2015;281,00;273;8;5;10;1;273;8;4;10;1;3;0;10;0;0;0;15;0
2015;183,00;30;0;0;3;0;30;0;0;3;0;1;0;0;0;0;0;0;0
2015;610,00;43;0;0;5;0;43;0;0;5;0;1;0;0;0;0;0;19;0
2015;116,00;428;0;0;0;0;428;0;0;0;0;0;0;0;0;20;0;0;0
2015;115,00;50;0;0;0;0;50;0;0;0;0;1;0;0;0;0;0;0;0
2015;114,00;74;0;0;0;0;74;0;0;0;0;0;0;0;0;0;0;0;0
2015;119,00;30;0;0;4;0;30;0;0;4;0;1;0;0;0;0;0;0;0
2015;770,00;573;11;3;21;1;553;11;3;21;1;16;0;31;18;0;0;8;5
2015;583,00;130;0;0;4;0;116;0;0;4;0;4;0;23;0;0;0;0;4
2015;136,00;209;0;0;0;0;166;0;0;0;0;1;0;0;0;50;0;0;0
2015;469,00;108;2;1;3;0;99;2;1;3;0;2;0;12;0;15;9;9;0
2015;642,00;202;2;3;5;0;202;2;3;5;0;5;0;7;0;20;0;0;0
2015;674,00;343;37;6;13;1;313;37;6;13;1;10;1;22;39;0;10;12;2
2015;193,00;155;0;0;0;0;155;0;0;0;0;1;0;0;0;17;0;0;0
2015;526,00;332;12;2;9;0;330;12;2;9;0;4;0;34;0;68;0;10;0
2015;698,00;782;0;0;27;2;637;0;0;27;2;10;0;19;10;0;0;24;0
2015;630,00;75;3;2;10;0;68;3;2;10;0;3;0;8;0;0;0;0;0
2015;124,00;140;0;0;0;0;130;0;0;0;0;0;0;0;0;30;0;0;0
2015;364,00;74;0;0;0;0;70;0;0;0;0;0;0;0;0;35;0;0;0
2015;439,00;56;4;2;5;0;56;4;2;5;0;2;0;4;0;0;0;0;1
2015;570,00;488;8;5;17;0;488;8;5;17;0;5;0;57;31;0;0;0;2
2015;123,00;190;0;0;0;0;153;0;0;0;0;0;0;0;0;58;0;0;0
2015;310,00;415;0;0;0;0;396;0;0;0;0;0;0;0;55;57;0;0;0
2015;571,00;129;2;2;5;0;129;2;2;5;0;3;0;16;0;0;0;1;1
2015;296,00;177;0;0;0;0;177;0;0;0;0;1;0;0;0;22;0;0;0
2015;566,00;155;4;3;7;0;118;2;3;7;0;3;0;20;20;0;11;0;0
2015;784,00;660;18;6;16;0;660;18;6;16;0;6;0;109;60;18;0;17;4
2015;102,00;731;0;0;0;0;731;0;0;0;0;1;0;0;15;20;0;0;0
2015;379,00;482;0;0;0;0;482;0;0;0;0;0;0;0;78;0;0;0;0
2015;639,00;221;1;4;5;0;184;1;4;5;0;5;0;6;0;0;0;8;0
2015;457,00;83;0;0;2;0;71;0;0;2;0;2;0;2;0;0;10;0;0
2015;609,00;306;10;2;15;2;277;10;2;15;2;13;0;8;10;0;9;0;0
2015;101,00;82;0;0;0;0;82;0;0;0;0;0;0;0;0;20;0;0;0
2015;454,00;231;2;1;4;0;228;2;1;4;0;3;0;20;0;0;0;4;1
2015;318,00;374;0;0;0;0;362;0;0;0;0;0;0;0;20;25;0;0;0
2015;600,00;165;2;5;8;0;124;2;5;8;0;5;0;20;0;0;0;16;0
2015;545,00;462;19;3;14;0;328;14;3;14;0;5;0;48;30;36;0;0;0
2015;100,00;78;0;0;0;0;75;0;0;0;0;0;0;0;0;32;0;0;0
2015;702,00;385;9;3;15;1;385;9;3;15;1;5;0;22;35;0;0;21;4
2015;778,00;216;3;5;10;0;197;3;5;8;0;4;0;60;22;0;0;22;3
2015;341,00;65;1;1;2;0;65;0;0;2;0;2;0;0;0;0;0;0;0
2015;99,00;103;0;0;0;0;100;0;0;0;0;0;0;0;0;50;0;0;0
2015;767,00;117;0;0;5;0;94;0;0;5;0;6;0;8;0;0;0;0;0
2015;359,00;110;0;0;2;0;110;0;0;2;0;2;0;0;0;30;4;8;2
2015;98,00;104;0;0;0;0;104;0;0;0;0;0;0;0;0;25;0;0;0
2015;132,00;125;0;0;0;0;104;0;0;0;0;0;0;0;0;0;0;0;0
2015;97,00;122;0;0;0;0;120;0;0;0;0;0;0;0;0;30;0;0;0
2015;103,00;42;0;0;0;0;41;0;0;0;0;0;0;0;0;20;0;0;0
2015;110,00;60;0;0;0;0;55;0;0;0;0;0;0;0;0;0;0;0;0
2015;94,00;30;0;0;0;0;30;0;0;0;0;0;0;0;0;0;0;0;0
2015;91,00;61;0;0;0;0;61;0;0;0;0;0;0;0;0;18;0;0;0
2015;664,00;315;4;2;12;0;312;4;2;12;0;8;0;55;25;0;17;0;0
2015;918,00;1118;45;6;39;3;1074;45;6;39;3;13;0;145;0;0;0;0;6
2015;92,00;56;0;0;0;0;56;0;0;0;0;0;0;0;0;0;0;0;0
2015;95,00;165;0;0;0;0;165;0;0;0;0;0;0;0;0;24;0;0;0
2015;96,00;80;0;0;0;0;77;0;0;0;0;0;0;0;0;0;0;0;0
2015;301,00;20;0;0;4;0;20;0;0;4;0;1;0;0;0;0;0;0;0
2015;492,00;133;2;1;6;0;123;2;1;5;0;3;0;17;0;0;0;11;1
2015;811,00;67;0;1;1;0;67;0;1;1;0;1;0;3;0;0;0;0;0
2015;812,00;89;0;0;1;0;89;0;0;1;0;0;0;40;0;0;0;0;0
2015;832,00;20;0;0;0;0;20;0;0;0;0;0;0;0;0;0;0;0;0
2015;841,00;12;0;0;0;0;12;0;0;0;0;0;0;0;0;25;0;0;0
2015;856,00;81;0;0;0;0;81;0;0;0;0;0;0;0;0;30;0;0;0
2015;859,00;100;0;0;0;0;100;0;0;0;0;0;0;0;25;0;0;0;0
2015;861,00;40;0;0;0;0;38;0;0;0;0;0;0;0;0;0;0;0;0
2015;880,00;93;0;0;0;0;92;0;0;0;0;0;0;0;0;40;0;0;0
2015;883,00;29;0;0;0;0;29;0;0;0;0;0;0;0;16;0;0;0;0
2015;884,00;141;0;0;0;0;104;0;0;0;0;0;0;0;0;30;0;0;0
2015;877,00;38;0;0;0;0;38;0;0;0;0;0;0;0;0;0;0;0;0
2015;911,00;354;0;0;0;0;354;0;0;0;0;0;0;0;0;32;0;0;0
2015;913,00;28;0;0;0;0;28;0;0;0;0;0;0;0;20;0;0;0;0
2015;922,00;58;5;3;7;0;58;5;3;7;0;2;0;0;0;0;0;0;0
2015;923,00;84;0;0;0;0;84;0;0;0;0;0;0;0;0;0;0;0;0
2015;924,00;48;0;0;0;0;48;0;0;0;0;0;0;28;0;0;0;0;0
2015;947,00;26;0;0;0;0;26;0;0;0;0;0;0;0;0;0;0;0;0
2015;951,00;56;0;0;0;0;52;0;0;0;0;0;0;0;0;22;0;0;0
2015;1103,00;123;0;0;0;0;119;0;0;0;0;0;0;0;0;30;0;0;0
2015;972,00;28;0;0;0;0;28;0;0;0;0;0;0;0;0;0;0;0;0
2015;973,00;51;0;0;2;1;30;0;0;2;1;2;0;0;0;0;15;10;2
2015;974,00;152;0;0;0;0;152;0;0;0;0;0;0;0;0;0;0;0;0
2015;975,00;101;0;0;0;0;101;0;0;0;0;0;0;0;0;25;0;0;0
2015;960,00;191;0;0;0;0;191;0;0;0;0;0;0;0;0;40;0;0;0
2015;1028,00;18;0;0;0;0;18;0;0;0;0;0;0;0;0;0;0;0;0
2015;976,00;137;0;0;0;0;120;0;0;0;0;0;0;0;15;35;0;0;0
2015;977,00;174;0;0;0;0;174;0;0;0;0;0;0;0;0;0;0;0;0
2015;1020,00;22;0;0;0;0;22;0;0;0;0;0;0;0;15;0;0;0;0
2015;994,00;245;6;3;5;0;238;6;3;5;0;6;0;23;0;0;0;30;0
2015;995,00;84;0;0;0;0;76;0;0;0;0;0;0;0;0;30;0;0;0
2015;1060,00;25;0;0;0;0;25;0;0;0;0;0;0;0;35;0;0;0;0
2015;1005,00;57;0;0;0;0;57;0;0;0;0;0;0;0;0;0;0;0;0
2015;1061,00;10;0;0;0;0;10;0;0;0;0;0;0;0;0;0;0;0;0
2015;1006,00;52;0;0;0;0;52;0;0;0;0;0;0;0;20;0;0;0;0
2015;1088,00;10;0;0;5;0;5;0;0;4;0;0;0;0;0;0;0;4;4
2015;1089,00;106;1;0;9;0;76;0;0;6;0;3;0;5;0;0;8;0;0
2015;1076,00;4;0;0;0;0;4;0;0;0;0;0;0;0;0;0;0;0;0
2015;1078,00;68;0;0;0;0;65;0;0;0;0;0;0;0;0;0;0;0;0
2015;1033,00;421;0;0;12;0;358;0;0;12;0;3;0;47;0;0;0;0;0
2015;1037,00;35;0;0;0;0;35;0;0;0;0;0;0;0;30;0;0;0;0
2015;1039,00;50;0;0;0;0;50;0;0;0;0;0;0;0;80;0;0;0;0
2015;1067,00;220;0;0;0;0;189;0;0;0;0;0;0;0;0;50;0;0;0
2015;1065,00;228;0;0;0;0;228;0;0;0;0;1;0;0;0;0;0;0;0
2015;1066,00;86;4;3;6;0;86;4;3;6;0;2;2;6;0;0;0;12;0
2015;1100,00;109;0;0;0;0;70;0;0;0;0;0;0;0;0;23;0;0;0
2015;1105,00;245;0;0;0;0;245;0;0;0;0;0;0;0;0;0;0;0;0
2015;1107,00;17;0;0;3;0;17;0;0;3;0;0;0;0;0;0;0;3;3
2015;1111,00;90;0;0;0;0;90;0;0;0;0;0;0;0;10;0;0;0;0
2015;207,00;116;1;1;7;0;92;1;1;7;0;4;0;8;0;0;0;0;0
2015;431,00;160;0;0;1;0;113;0;0;1;0;1;0;0;0;0;0;0;0
2015;387,00;123;4;2;3;0;110;2;2;3;0;3;0;6;0;0;1;0;0
2015;179,00;75;0;0;0;0;75;0;0;0;0;1;0;0;0;0;0;0;0
2015;606,00;114;3;2;3;0;106;3;2;3;0;4;1;16;0;0;0;0;0
2015;925,00;865;28;8;24;1;817;28;8;19;1;15;0;58;49;0;35;0;0
2015;541,00;107;6;2;4;0;103;6;2;4;0;3;0;1;0;0;0;0;0
2015;797,00;102;2;2;5;0;102;2;2;5;0;4;0;4;0;0;0;9;0
2015;627,00;250;6;2;7;0;231;5;2;6;0;3;3;16;0;0;0;6;0
2015;173,00;330;0;0;0;0;330;0;0;0;0;0;0;0;4;0;0;0;0
2015;636,00;520;20;3;17;2;466;20;3;17;2;11;0;22;0;18;0;17;3
2015;205,00;33;0;0;3;0;33;0;0;3;0;1;0;0;0;0;0;0;0
2015;814,00;20;0;0;1;0;20;0;0;1;0;1;0;0;0;0;0;0;0
2015;881,00;34;2;1;3;1;34;2;1;3;1;1;0;0;0;0;0;0;0
2015;771,00;682;46;2;24;2;639;46;2;24;2;10;3;73;0;0;43;0;0
2015;533,00;48;5;1;1;1;33;3;1;1;1;1;0;1;0;0;4;0;1
2015;447,00;380;4;1;7;0;164;1;1;7;0;2;0;8;0;0;0;0;1
2015;815,00;14;0;1;3;0;14;0;0;3;0;1;0;0;0;0;0;0;0
2015;801,00;467;31;2;8;1;467;31;2;8;1;8;3;25;0;0;8;4;2
2015;800,00;115;0;0;2;0;97;0;0;2;0;1;0;0;0;0;0;0;1
2015;389,00;290;3;2;4;0;290;3;2;4;0;2;0;0;0;0;0;8;1
2015;695,00;411;10;3;7;1;378;10;3;7;1;7;2;36;0;0;4;12;3
2015;816,00;126;2;1;4;0;94;1;1;4;0;1;0;7;0;0;0;10;2
2015;833,00;110;2;1;5;0;110;2;1;5;0;3;0;5;0;0;9;10;1
2015;870,00;94;2;2;6;1;60;1;2;6;1;2;0;1;0;0;0;0;0
2015;927,00;51;1;1;2;0;45;0;1;2;0;1;0;1;0;0;0;0;1
2015;961,00;445;11;3;12;0;433;11;3;12;0;9;4;38;0;0;8;16;0
2015;962,00;40;1;1;2;1;26;0;0;2;1;1;0;2;0;0;2;0;2
2015;1079,00;40;2;1;2;1;40;2;1;2;1;1;0;0;0;0;0;0;0
2015;1101,00;69;3;1;3;0;69;3;1;3;0;1;0;2;0;0;5;3;1
2015;666,00;574;25;2;16;1;552;25;2;16;1;5;5;12;0;0;0;30;0
2015;392,00;130;0;0;0;0;96;0;0;0;0;2;0;0;0;0;0;0;0
2015;790,00;257;0;0;8;0;252;0;0;8;0;4;0;36;80;0;6;0;0
2015;650,00;152;2;2;5;0;142;2;2;5;0;3;0;14;0;0;0;8;0
2015;876,00;258;9;2;10;0;244;9;2;10;0;5;0;17;0;0;0;9;0
2015;944,00;28;0;0;4;0;15;0;0;4;0;2;0;0;0;0;0;0;0
2015;952,00;96;12;2;10;0;90;12;2;10;0;3;0;5;0;0;0;0;1
2015;54,00;95;0;0;0;0;95;0;0;0;0;0;0;0;30;0;0;0;0
2015;367,00;55;0;0;4;0;14;0;0;3;0;1;0;1;0;0;0;6;0
2015;538,00;343;8;2;10;0;271;8;2;8;0;6;1;22;12;0;0;19;3
2015;557,00;118;3;2;5;0;65;3;2;3;0;3;0;13;0;0;0;6;0
2015;653,00;139;5;2;5;0;134;2;2;4;0;5;2;14;0;0;6;0;0
2015;647,00;103;2;2;6;0;97;2;2;6;0;8;0;2;0;0;0;6;0
2015;978,00;564;23;2;13;1;534;22;2;13;1;14;1;18;20;0;0;23;0
2015;996,00;155;3;1;4;0;68;3;1;4;0;3;0;9;0;0;12;12;0
2015;729,00;1181;40;8;35;4;1105;40;8;35;4;19;1;73;80;0;32;0;5
2015;182,00;135;5;1;7;1;135;5;1;7;1;3;0;0;0;0;0;9;1
2015;633,00;169;0;0;8;1;147;0;0;7;1;2;0;0;0;0;0;24;0
2015;685,00;240;9;3;6;0;224;9;3;6;0;3;0;12;20;0;12;0;0
2015;683,00;148;6;3;5;0;145;6;3;5;0;3;0;5;0;0;5;0;0
2015;945,00;77;4;2;4;0;50;4;2;4;0;1;0;0;0;0;0;8;0
2015;953,00;4;0;0;4;0;2;0;0;2;0;0;0;0;0;0;0;0;0
2015;1022,00;24;0;0;2;0;24;0;0;2;0;2;0;0;0;0;0;0;0
2015;1049,00;32;0;0;2;0;12;0;0;1;0;1;0;0;0;0;0;0;0
2015;794,00;1345;28;3;30;3;1345;28;3;30;3;10;6;87;25;0;7;0;0
2015;415,00;56;0;0;4;0;56;0;0;4;0;1;0;24;0;0;0;0;0
2015;592,00;105;0;1;6;0;96;0;1;6;0;2;0;0;0;0;0;0;0
2015;497,00;120;0;0;5;1;120;0;0;5;1;2;0;0;0;0;0;0;0
2015;458,00;144;9;2;9;1;144;9;2;9;1;4;0;0;0;0;0;0;0
2015;726,00;439;16;2;12;0;400;16;2;12;0;9;1;28;15;0;0;8;4
2015;272,00;185;0;0;4;0;150;0;0;4;0;3;0;0;0;0;0;0;0
2015;805,00;1393;33;3;30;2;1267;33;3;30;2;16;1;35;50;8;0;0;4
2015;5,00;50;0;0;8;0;35;0;0;7;0;2;0;5;0;0;10;0;0
2015;234,00;91;6;1;6;0;91;2;1;6;0;1;0;5;0;0;0;0;0
2015;64,00;98;0;0;0;0;98;0;0;0;0;0;0;0;0;0;0;0;0
2015;842,00;81;0;1;4;0;81;0;1;4;0;3;0;0;0;0;9;0;0
2015;843,00;78;2;1;3;0;78;2;1;3;0;4;0;4;0;0;3;4;0
2015;803,00;401;7;2;11;0;346;6;2;10;0;6;2;23;10;0;14;0;0
2015;211,00;60;0;0;3;0;60;0;0;3;0;3;0;0;0;0;3;3;3
2015;773,00;368;28;3;11;1;329;28;3;11;1;3;0;21;0;0;0;0;1
2015;424,00;45;2;1;3;0;45;2;1;3;0;1;0;6;0;0;6;4;1
2015;298,00;114;4;1;7;1;114;4;1;7;1;6;0;2;0;0;10;0;0
2015;594,00;28;1;0;3;0;19;0;0;3;0;1;0;0;0;0;14;14;2
2015;237,00;101;0;0;3;0;101;0;0;3;0;2;0;0;0;25;0;0;0
2015;16,00;23;0;0;0;0;23;0;0;0;0;0;0;0;0;0;0;0;0
2015;768,00;80;1;1;2;0;72;1;1;2;0;2;0;6;0;25;5;0;0
2015;617,00;152;3;5;6;0;145;3;5;5;0;3;0;10;0;0;0;15;0
2015;297,00;42;1;1;3;0;42;1;1;3;0;1;0;0;0;0;0;0;0
2015;105,00;63;0;0;0;0;63;0;0;0;0;0;0;0;0;10;0;0;0
2015;544,00;136;1;3;3;0;136;1;3;3;0;3;0;0;0;17;20;0;0
2015;804,00;142;2;4;5;0;117;2;4;5;0;3;0;11;0;0;15;0;0
2015;104,00;114;0;0;0;0;114;0;0;0;0;0;0;0;50;0;0;0;0
2015;20,00;55;0;0;0;0;36;0;0;0;0;0;0;0;0;0;0;0;0
2015;550,00;75;0;0;4;0;75;0;0;4;0;6;0;4;0;0;0;6;0
2015;112,00;24;0;0;0;0;24;0;0;0;0;0;0;0;0;25;0;0;0
2015;818,00;105;0;0;0;0;105;0;0;0;0;0;0;0;0;19;0;0;0
2015;882,00;128;0;0;0;0;128;0;0;0;0;0;0;0;0;60;0;0;0
2015;914,00;123;0;0;0;0;123;0;0;0;0;0;0;0;0;40;0;0;0
2015;928,00;36;0;0;0;0;36;0;0;0;0;0;0;25;0;0;0;0;0
2015;964,00;264;4;3;5;0;220;4;3;5;0;3;0;26;0;0;6;0;0
2015;1026,00;100;0;0;0;0;100;0;0;0;0;0;0;0;0;20;0;0;0
2015;1068,00;160;0;0;0;0;80;0;0;0;0;0;0;0;0;32;0;0;0
2015;1108,00;64;2;2;4;0;44;2;2;4;0;3;0;5;0;0;5;0;0
2015;404,00;122;0;0;2;0;122;0;0;2;0;1;0;0;0;0;0;7;2
2015;274,00;77;1;1;6;1;77;1;1;6;1;5;0;5;10;0;0;0;0
2015;270,00;92;1;2;6;1;92;1;2;6;1;2;0;7;0;0;0;0;0
2015;676,00;147;7;2;5;0;119;7;2;5;0;7;0;11;0;0;;15;1
2015;709,00;191;3;4;7;0;178;3;4;7;0;4;0;22;0;0;18;0;1
2015;754,00;1456;36;10;71;3;1399;36;10;71;3;20;0;204;85;0;55;60;25
2015;997,00;46;2;2;2;0;22;2;2;2;0;2;0;2;0;0;8;0;0
2015;734,00;432;8;1;12;2;355;8;1;12;2;6;2;30;15;12;0;26;0
2015;299,00;57;0;0;2;0;57;0;0;2;0;2;0;1;0;0;0;3;2
2015;645,00;50;0;0;1;0;50;0;0;1;0;1;0;0;0;0;0;0;0
2015;17,00;165;0;0;0;0;165;0;0;0;0;0;0;0;0;0;0;0;0
2015;1046,00;147;0;0;0;0;88;0;0;0;0;0;0;0;0;0;0;0;0
2015;420,00;29;0;0;3;0;29;0;0;3;0;4;0;0;0;0;0;0;0
2015;802,00;103;0;0;0;0;103;0;0;0;0;1;0;0;0;0;0;0;0
2015;266,00;149;2;1;10;2;149;2;1;10;2;2;1;18;0;0;0;18;0
2015;137,00;38;2;1;4;0;38;2;1;4;0;2;0;0;0;0;0;0;4
2015;769,00;75;0;0;4;0;39;0;0;3;0;2;0;16;0;0;0;0;0
2015;776,00;96;1;0;4;0;96;1;0;4;0;3;2;7;0;0;8;4;1
2015;640,00;105;1;3;6;0;75;1;3;5;0;3;0;4;0;0;8;0;0
2015;315,00;447;0;0;0;0;443;0;0;0;0;0;0;0;20;0;0;0;0
2015;40,00;299;0;0;0;0;282;0;0;0;0;0;0;0;0;0;0;0;0
2015;508,00;88;0;0;5;0;63;0;0;5;0;2;2;0;0;0;0;9;2
2015;46,00;80;0;0;0;0;80;0;0;0;0;0;0;0;0;0;0;0;0
2015;590,00;126;1;4;5;0;117;1;4;5;0;4;2;10;0;0;0;0;0
2015;777,00;119;2;2;5;0;104;2;2;5;0;4;1;10;0;0;10;0;0
2015;897,00;1167;25;6;34;1;1083;25;6;34;1;11;9;87;0;0;37;12;3
2015;965,00;88;0;0;0;0;81;0;0;0;0;0;0;0;0;0;0;0;0
2015;461,00;202;1;1;5;0;102;0;1;5;0;1;0;2;0;0;0;0;0
2015;376,00;20;1;1;2;0;20;1;1;2;0;2;0;0;0;0;0;0;0
2015;621,00;117;2;2;4;0;110;2;2;4;0;3;0;11;0;0;12;;0
2015;793,00;902;16;5;24;2;822;16;5;24;2;12;5;56;16;0;23;33;7
2015;1102,00;36;2;2;4;1;30;1;2;3;1;1;0;0;0;0;0;0;0
2015;712,00;297;3;2;8;0;236;3;2;6;0;5;0;18;0;0;5;0;0
2015;32,00;110;0;0;0;0;107;0;0;0;0;0;0;0;0;0;0;0;0
2015;361,00;70;0;0;0;0;70;0;0;0;0;1;0;0;0;12;0;0;0
2015;486,00;40;1;1;3;0;30;0;1;3;0;1;0;0;0;0;0;0;0
2015;595,00;161;4;2;5;0;152;4;2;5;0;3;1;12;0;0;8;0;0
2015;433,00;50;2;2;2;0;44;2;2;2;0;2;0;0;0;0;0;0;0
2015;1058,00;32;0;0;2;0;20;0;0;2;0;1;0;0;0;0;0;0;0
2015;261,00;42;0;1;3;0;42;0;1;3;0;1;0;0;0;0;0;0;0
2015;730,00;204;10;2;7;0;181;8;2;4;0;6;0;12;20;0;0;22;0
2015;577,00;233;6;2;7;0;206;6;2;7;0;5;0;6;0;0;0;22;0
2015;788,00;770;27;4;25;2;736;26;4;24;2;24;0;170;0;0;1;1;5
2015;865,00;100;3;2;4;0;58;3;2;4;0;2;0;0;0;0;0;0;0
2015;979,00;24;0;0;2;0;24;0;0;1;0;1;0;0;0;0;0;0;0
2015;998,00;18;0;0;1;0;10;0;0;1;0;1;0;0;0;0;0;0;0
2015;221,00;120;1;1;3;0;90;0;0;3;0;3;0;4;;0;4;2;1
2015;506,00;75;3;2;5;0;75;3;2;5;0;2;0;0;0;0;0;0;3
2015;727,00;408;9;3;8;0;381;9;3;8;0;9;0;22;0;0;0;0;0
2015;355,00;72;0;0;2;0;72;0;0;2;0;3;0;0;0;0;0;0;0
2015;487,00;297;0;0;6;0;285;0;0;6;0;2;0;0;0;0;0;0;0
2015;938,00;1056;20;2;21;2;890;20;2;21;2;8;13;20;10;0;0;0;2
2015;886,00;113;0;0;3;0;113;0;0;2;0;1;0;0;0;0;0;6;1
2015;835,00;46;1;1;2;0;46;1;1;2;0;4;0;0;0;0;0;0;0
2015;999,00;20;0;0;0;0;13;0;0;0;0;1;0;0;0;0;0;0;0
2015;798,00;449;16;4;14;1;368;16;4;14;1;8;0;80;0;0;10;10;2
2015;504,00;206;0;0;5;0;206;0;0;5;0;5;0;15;20;20;0;8;0
2015;247,00;41;1;1;3;0;41;1;1;3;0;6;7;6;0;0;0;5;0
2015;216,00;55;2;1;3;0;51;2;1;3;0;2;0;1;0;0;3;3;1
2015;654,00;63;1;2;5;0;63;1;2;5;0;1;0;0;0;0;5;0;0
2015;65,00;75;0;0;0;0;75;0;0;0;0;0;0;0;20;0;0;0;0
2015;472,00;78;2;1;3;0;56;1;1;2;0;2;0;4;0;10;0;0;0
2015;427,00;36;0;0;0;0;36;0;0;0;0;1;0;0;0;10;0;0;0
2015;491,00;64;2;1;2;0;60;2;1;2;0;2;0;3;0;0;8;0;0
2015;551,00;30;1;1;1;0;30;1;1;1;0;1;0;15;0;0;15;0;0
2015;106,00;120;0;0;0;0;110;0;0;0;0;0;0;0;0;0;0;0;0
2015;819,00;137;0;0;0;0;126;0;0;0;0;0;0;0;0;0;0;0;0
2015;836,00;20;0;0;0;0;20;0;0;0;0;0;0;0;0;0;0;0;0
2015;915,00;126;0;0;0;0;115;0;0;0;0;0;0;0;0;25;0;0;0
2015;942,00;60;0;0;0;0;60;0;0;0;0;0;0;0;0;0;0;0;0
2015;748,00;590;12;3;22;1;556;12;3;18;1;11;4;26;36;0;0;34;7
2015;198,00;87;0;0;0;0;87;0;0;0;0;0;0;0;0;0;0;0;0
2015;871,00;69;1;3;4;0;67;1;3;4;0;3;0;10;0;0;11;0;0
2015;948,00;54;1;1;3;1;54;1;1;3;1;1;0;0;0;0;0;0;0
2015;1051,00;140;0;0;0;0;137;0;0;0;0;0;0;0;0;0;0;0;0
2015;1083,00;26;0;0;0;0;26;0;0;0;0;0;0;0;0;0;0;0;0
2015;1096,00;75;0;0;0;0;75;0;0;0;0;1;0;0;0;0;0;0;0
2015;679,00;840;19;1;18;1;749;18;1;18;1;22;0;46;15;12;0;0;0
2015;176,00;64;0;0;5;0;64;0;0;5;0;1;0;0;0;0;0;0;0
2015;537,00;63;0;0;6;0;42;0;0;5;0;1;0;0;0;0;3;1;1
2015;608,00;140;8;2;6;0;136;8;2;5;0;7;0;19;0;0;0;4;0
2015;596,00;140;5;1;5;0;131;5;1;4;0;5;0;10;0;0;0;0;0
2015;749,00;891;0;0;46;3;823;0;0;39;3;33;6;50;15;0;23;0;0
2015;758,00;1287;50;5;40;3;1197;41;5;40;3;12;8;60;40;0;45;30;6
2015;1104,00;964;20;2;22;3;757;18;2;22;3;15;7;81;55;14;15;18;8
2015;436,00;98;0;0;0;0;84;0;0;0;0;2;5;4;0;0;0;0;0
2015;567,00;192;0;0;11;0;89;0;0;8;0;2;0;0;50;0;0;30;3
2015;677,00;564;0;0;14;1;426;0;0;13;1;6;2;64;10;0;18;0;0
2015;670,00;180;2;0;6;0;160;2;0;6;0;3;0;12;15;0;13;0;0
2015;588,00;156;0;0;9;0;130;0;0;8;0;2;0;11;0;22;8;0;0
2015;753,00;1671;66;9;45;4;1207;50;9;31;4;15;3;96;24;0;0;41;9
2015;887,00;320;0;0;0;0;315;0;0;0;0;1;0;0;0;0;0;0;0
2015;245,00;188;5;2;10;1;188;5;2;10;1;4;0;0;0;0;0;0;0
2015;603,00;182;6;2;8;1;169;6;2;8;1;3;0;5;0;0;8;4;1
2015;426,00;80;0;0;3;0;80;0;0;3;0;4;0;0;0;0;0;0;0
2015;232,00;90;12;2;5;0;74;12;2;5;0;1;0;0;0;0;5;5;2
2015;288,00;170;0;0;7;0;170;0;0;7;0;5;0;9;0;0;0;9;2
2015;246,00;97;6;2;9;0;96;6;2;9;0;2;0;0;0;0;0;0;0
2015;284,00;138;12;1;10;1;138;8;1;10;1;4;0;0;0;0;0;0;0
2015;18,00;81;0;0;0;0;78;0;0;0;0;0;0;0;0;0;0;0;0
2015;356,00;97;0;0;0;0;89;0;0;0;0;0;0;0;60;0;0;0;0
2015;401,00;246;0;0;0;0;246;0;0;0;0;1;0;1;0;0;0;0;0
2015;733,00;670;15;5;18;1;589;10;5;18;1;5;4;26;4;0;7;0;3
2015;243,00;76;0;0;4;0;76;0;0;4;0;2;0;0;0;0;6;0;0
2015;380,00;252;0;0;0;0;223;0;0;0;0;1;0;0;0;0;0;0;0
2015;716,00;84;0;0;9;1;82;0;0;9;1;3;0;10;0;0;0;8;0
2015;534,00;100;0;0;7;1;100;0;0;7;1;4;0;7;0;0;0;0;0
2015;185,00;92;0;0;11;1;68;0;0;11;1;2;0;0;0;0;8;0;0
2015;258,00;175;0;0;10;1;149;0;0;10;1;3;0;9;0;0;4;4;3
2015;505,00;30;0;0;3;0;30;0;0;3;0;1;0;5;0;0;4;4;3
2015;268,00;140;0;0;11;1;85;0;0;11;1;2;0;8;0;0;10;0;0
2015;602,00;157;7;2;9;1;154;7;2;9;1;2;0;3;0;0;4;0;0
2015;254,00;172;8;9;10;1;172;8;9;10;1;2;0;14;0;0;4;0;0
2015;705,00;116;14;3;7;1;116;14;3;7;1;3;0;7;0;0;3;0;0
2015;133,00;65;10;2;3;0;46;8;2;3;0;1;0;0;0;0;0;0;0
2015;33,00;96;0;0;0;0;96;0;0;0;0;0;0;0;20;0;0;0;0
2015;143,00;67;0;0;0;0;67;0;0;0;0;0;0;0;3;0;0;0;0
2015;36,00;99;0;0;0;0;99;0;0;0;0;0;0;0;20;0;0;0;0
2015;756,00;475;4;2;16;2;423;4;2;16;2;8;0;17;0;0;0;0;0
2015;662,00;594;10;3;15;1;433;10;3;13;1;6;4;19;30;0;18;0;0
2015;192,00;230;0;0;0;0;198;0;0;0;0;1;0;0;0;0;0;0;0
2015;382,00;322;0;0;0;0;300;0;0;0;0;1;0;0;0;0;0;0;0
2015;322,00;339;0;0;0;0;339;0;0;0;0;1;0;0;0;0;0;0;0
2015;478,00;133;0;0;5;0;133;0;0;5;0;4;0;0;0;0;0;0;0
2015;352,00;144;0;0;0;0;130;0;0;0;0;1;0;0;0;0;0;0;0
2015;628,00;386;7;2;13;1;358;7;2;12;1;10;5;40;0;0;0;0;0
2015;291,00;196;0;0;0;0;194;0;0;0;0;0;0;0;90;0;0;0;0
2015;495,00;122;0;0;6;0;87;0;0;6;0;3;0;;0;0;0;6;0
2015;845,00;349;16;2;12;0;294;11;2;10;0;10;4;12;30;0;0;0;0
2015;498,00;91;3;1;5;0;74;3;1;4;0;2;0;3;0;0;6;0;0
2015;314,00;202;0;0;0;0;170;0;0;0;0;1;0;0;0;0;0;0;0
2015;720,00;99;0;0;5;0;92;0;0;5;0;3;0;5;0;0;5;0;0
2015;721,00;589;14;2;18;1;413;14;2;15;1;13;3;25;30;15;13;0;0
2015;485,00;19;0;0;3;0;19;0;0;3;0;0;0;5;1;0;0;4;3
2015;273,00;235;3;1;16;1;235;3;1;14;1;3;0;1;0;0;16;0;0
2015;846,00;403;10;2;15;1;350;9;2;15;1;11;0;34;3;0;21;0;0
2015;847,00;85;0;0;9;0;80;0;0;9;0;3;0;0;0;0;0;23;3
2015;848,00;181;25;3;8;2;172;20;3;8;2;7;0;11;0;0;5;0;0
2015;916,00;99;0;0;4;0;70;0;0;3;0;2;0;16;0;0;6;0;0
2015;656,00;172;4;2;6;0;137;4;2;6;0;3;0;20;12;0;0;12;4
2015;333,00;72;2;1;5;1;72;2;1;5;1;1;0;6;0;0;0;0;0
2015;668,00;149;5;2;6;0;135;5;2;6;0;5;0;7;0;0;0;8;2
2015;684,00;193;4;2;7;0;189;4;2;7;0;6;0;14;4;0;7;0;0
2015;422,00;90;0;0;4;1;50;0;0;3;1;1;0;5;0;0;0;2;1
2015;763,00;1050;66;13;33;2;1019;66;13;32;2;22;2;48;0;0;60;3;3
2015;741,00;609;8;5;20;2;511;8;5;20;2;19;12;81;9;0;64;0;0
2015;553,00;398;22;6;11;1;379;22;6;11;1;6;1;28;0;0;0;6;0
2015;357,00;180;0;0;6;0;160;0;0;6;0;2;0;0;0;0;0;12;1
2015;899,00;70;0;0;0;0;70;0;0;0;0;0;0;0;0;0;0;0;0
2015;900,00;13;0;0;2;0;12;0;0;2;0;1;0;0;0;0;2;0;0
2015;932,00;18;0;0;3;0;18;0;0;3;0;0;0;0;0;0;0;0;0
2015;950,00;6;0;0;1;0;6;0;0;1;0;1;0;0;0;0;0;0;0
2015;966,00;46;2;1;2;1;20;1;1;2;1;2;0;0;0;0;0;0;1
2015;967,00;15;0;0;0;0;9;0;0;0;0;0;0;20;0;0;0;0;0
2015;982,00;133;3;0;6;1;108;0;0;5;1;4;0;11;0;0;4;11;2
2015;1014,00;19;0;0;3;0;19;0;0;3;0;3;0;1;0;0;0;0;0
2015;1048,00;6;0;0;1;0;1;0;0;1;0;0;0;0;0;0;0;0;0
2015;1080,00;126;8;2;7;1;105;8;2;6;1;2;0;8;0;0;0;6;1
2015;1074,00;12;0;0;2;0;12;0;0;2;0;1;0;1;0;0;0;3;2
2015;1084,00;8;0;0;3;0;7;0;0;2;0;1;0;2;0;0;0;2;3
2015;1113,00;20;1;2;3;0;5;1;1;2;0;1;0;4;0;0;6;1;3
2015;722,00;901;74;12;29;3;901;74;12;26;3;10;3;66;0;0;12;11;2
2015;660,00;330;0;0;12;0;308;0;0;9;0;5;0;10;0;0;21;0;0
2015;75,00;96;0;0;0;0;96;0;0;0;0;0;0;0;40;0;0;0;0
2015;249,00;131;3;2;7;1;128;3;2;7;1;3;0;1;0;0;7;0;0
2015;275,00;94;0;0;0;0;94;0;0;0;0;0;0;0;0;0;0;0;0
2015;227,00;118;6;2;11;1;118;6;2;11;1;2;0;0;0;0;0;15;2
2015;150,00;76;0;0;4;0;76;0;0;4;0;2;0;0;0;0;4;0;0
2015;47,00;50;0;0;0;0;50;0;0;0;0;0;0;0;0;0;0;0;0
2015;172,00;142;0;0;6;0;142;0;0;6;0;1;0;6;0;0;6;0;1
2015;581,00;105;3;2;4;0;103;3;2;4;0;4;0;1;0;0;1;0;0
2015;120,00;39;0;0;1;0;39;0;0;1;0;1;0;0;0;0;0;1;1
2015;445,00;164;0;0;2;0;164;0;0;2;0;0;0;0;0;0;0;0;0
2015;471,00;319;0;0;7;0;277;0;0;7;0;2;0;0;0;0;0;0;0
2015;53,00;80;0;0;0;0;80;0;0;0;0;0;0;0;0;0;0;0;0
2015;199,00;175;0;0;3;0;175;0;0;3;0;1;0;0;0;0;4;0;0
2015;575,00;175;6;7;10;0;175;6;7;10;0;4;0;9;0;0;9;0;0
2015;528,00;96;6;3;5;0;96;6;3;4;0;3;1;2;0;0;5;0;0
2015;631,00;287;6;2;6;0;271;6;2;6;0;4;2;12;0;0;6;0;1
2015;699,00;394;0;0;10;0;370;0;0;10;0;9;2;36;0;0;37;0;0
2015;823,00;30;0;0;3;0;30;0;0;3;0;2;0;0;0;0;3;0;0
2015;849,00;142;0;0;5;0;94;0;0;5;0;3;0;0;0;0;6;0;0
2015;869,00;100;0;0;4;0;90;0;0;4;0;3;0;0;0;0;0;0;0
2015;955,00;50;0;0;0;0;45;0;0;0;0;0;0;0;0;0;0;0;0
2015;983,00;222;0;0;0;0;222;0;0;0;0;0;0;0;0;0;0;0;0
2015;1002,00;60;0;0;0;0;60;0;0;0;0;0;0;0;0;0;0;0;0
2015;1015,00;651;14;8;25;2;542;14;8;25;2;22;0;69;0;0;43;0;0
2015;51,00;28;0;0;0;0;28;0;0;0;0;0;0;0;32;0;0;0;0
2015;441,00;193;0;0;7;0;193;0;0;7;0;3;0;0;0;0;0;0;0
2015;327,00;208;0;0;0;0;208;0;0;0;0;0;0;0;40;20;0;0;0
2015;690,00;241;4;2;15;1;220;4;2;15;1;3;0;24;0;0;2;0;0
2015;262,00;88;2;2;7;0;75;2;2;7;0;2;0;3;0;0;0;6;0
2015;403,00;7;0;0;3;0;7;0;0;3;0;1;0;0;0;0;0;0;0
2015;312,00;148;0;0;0;0;148;0;0;0;0;0;0;0;15;0;0;0;0
2015;589,00;91;2;1;4;0;87;2;1;4;0;6;0;6;0;0;6;0;0
2015;665,00;190;3;2;5;0;174;3;2;5;0;4;0;0;0;0;0;0;0
2015;334,00;21;0;0;0;0;21;0;0;0;0;0;0;1;1;1;0;0;0
2015;1075,00;1097;26;4;31;1;957;26;4;31;1;9;4;76;139;0;0;23;0
2015;751,00;854;11;3;22;1;830;11;3;22;1;10;3;80;20;0;0;23;4
2015;186,00;49;1;0;3;1;49;1;0;3;1;3;0;0;0;0;0;0;0
2015;646,00;101;2;1;2;0;101;2;1;2;0;3;0;10;;0;2;1;2
2015;536,00;79;1;1;3;0;79;1;1;3;0;5;0;8;0;0;3;1;1
2015;242,00;49;2;1;2;0;49;1;1;2;0;2;0;0;0;0;0;0;0
2015;930,00;91;3;2;4;1;80;3;2;4;1;1;0;8;0;0;0;4;0
2015;954,00;406;14;3;11;0;307;14;3;9;0;5;2;20;0;0;12;0;0
2015;943,00;86;3;1;5;0;86;3;1;5;0;3;0;8;0;0;8;0;0
2015;949,00;1308;46;8;50;3;1180;44;8;45;3;22;8;118;68;8;48;0;0
2015;980,00;116;14;2;6;1;116;14;2;6;1;3;0;7;0;0;6;0;0
2015;981,00;53;0;0;5;0;48;0;0;5;0;1;0;1;0;0;12;8;2
2015;1024,00;252;14;2;16;1;167;9;2;12;1;2;0;26;0;0;0;17;0
2015;1017,00;43;0;0;0;0;43;0;0;0;0;0;0;10;0;0;0;0;0
2015;1000,00;198;0;0;12;1;160;0;0;9;1;3;0;34;0;0;7;0;0
2015;1018,00;152;4;4;8;1;122;3;4;8;0;2;0;17;1;1;0;0;0
2015;1001,00;100;7;2;10;1;58;6;2;9;1;2;0;0;0;0;0;0;0
2015;1007,00;271;12;7;12;0;259;10;7;10;0;10;0;18;30;0;0;20;4
2015;1008,00;220;8;3;7;0;208;8;3;7;0;5;0;23;0;0;0;20;0
2015;1009,00;269;11;8;13;0;245;11;5;12;0;8;0;50;16;0;21;9;0
2015;1010,00;132;9;3;5;0;129;9;3;5;0;4;0;13;0;0;0;18;0
2015;1011,00;98;4;2;5;0;92;4;2;4;0;3;0;9;0;0;18;0;0
2015;1012,00;188;8;8;9;0;175;6;6;9;0;5;0;24;0;0;0;13;0
2015;1013,00;613;24;12;20;2;534;24;12;17;2;10;0;62;25;0;42;0;0
2015;1041,00;160;0;0;0;0;120;0;0;0;0;0;0;0;0;0;0;0;0
2015;1073,00;250;7;8;10;1;153;7;8;10;1;3;1;20;15;0;12;26;10
2015;1087,00;310;6;6;12;1;277;4;6;12;1;4;0;56;0;0;0;0;0
2015;1109,00;164;5;4;9;1;134;4;4;9;1;3;0;31;0;0;0;4;0
2015;1110,00;153;8;6;8;1;82;6;6;8;1;5;0;6;0;0;2;2;2
2015;1112,00;20;0;0;3;0;10;0;0;3;0;1;0;4;0;0;0;0;0
2015;789,00;368;0;0;0;0;368;0;0;0;0;0;0;0;0;0;0;0;0
2015;326,00;129;0;0;0;0;129;0;0;0;0;0;0;0;0;0;0;0;0
2015;442,00;104;6;3;7;1;104;6;3;7;1;1;0;1;0;0;0;1;2
2015;294,00;128;5;1;5;1;128;5;1;5;1;1;0;9;0;0;1;0;0
2015;378,00;59;3;2;5;0;42;3;2;5;0;1;0;2;0;0;0;3;0
2015;402,00;99;0;0;7;1;68;0;0;7;1;3;0;0;0;0;0;0;0
2015;29,00;185;0;0;0;0;170;0;0;0;0;0;0;0;0;0;0;0;0
2015;450,00;32;0;0;4;0;3;0;0;4;0;1;0;0;0;0;5;0;0
2015;490,00;194;0;0;5;0;172;0;0;4;0;2;0;1;0;15;15;0;0
2015;500,00;105;3;2;5;1;105;2;2;5;1;4;0;9;0;0;0;0;0
2015;206,00;48;0;0;3;0;48;0;0;3;0;1;0;0;0;0;0;0;0
2015;58,00;36;0;0;0;0;34;0;0;0;0;0;0;0;0;0;0;0;0
2015;572,00;436;12;4;11;0;364;12;4;9;0;10;0;17;50;0;12;0;0
2015;180,00;92;0;0;2;0;83;0;0;2;0;1;0;0;0;0;0;0;0
2015;549,00;103;3;2;3;0;103;3;2;3;0;6;0;6;0;0;0;0;0
2015;582,00;105;3;1;3;0;96;3;1;3;0;3;0;4;0;0;2;0;0
2015;743,00;457;15;2;14;1;434;15;2;13;1;7;3;41;0;0;20;0;0
2015;795,00;120;0;0;5;0;111;0;0;5;0;1;0;0;0;0;7;8;0
2015;269,00;24;0;0;3;0;24;0;0;3;0;1;0;0;0;0;0;0;0
2015;634,00;269;0;0;6;0;201;0;0;6;0;3;0;6;0;0;0;0;0
2015;1,00;66;2;1;4;0;46;2;1;4;0;1;0;2;0;0;0;0;0
2015;717,00;214;8;2;5;0;201;8;2;4;0;4;0;7;15;0;8;0;0
2015;373,00;140;0;0;0;0;138;0;0;0;0;1;0;0;0;0;0;0;0
2015;535,00;176;3;3;7;0;154;3;3;5;0;7;0;9;20;0;0;14;0
2015;824,00;991;32;6;33;2;944;32;6;27;2;43;8;113;12;0;46;1;1
2015;888,00;90;2;1;3;0;90;2;1;3;0;2;0;0;0;0;0;0;0
2015;902,00;19;0;0;1;0;19;0;0;1;0;1;0;0;0;0;0;0;0
2015;968,00;42;0;0;0;0;42;0;0;0;0;0;0;0;0;0;0;0;0
2015;346,00;206;0;0;0;0;206;0;0;0;0;0;0;0;0;0;0;0;0
2015;27,00;97;0;0;0;0;97;0;0;0;0;0;0;0;0;0;0;0;0
2015;165,00;44;2;1;2;1;44;2;1;2;0;1;0;2;0;0;0;0;0
2015;956,00;495;12;2;12;0;466;12;2;9;0;9;0;16;12;0;0;19;0
2015;413,00;53;0;0;0;0;51;0;0;0;0;0;0;0;0;0;0;0;0
2015;149,00;69;0;0;3;0;66;0;0;3;0;1;0;0;0;0;0;16;0
2015;612,00;168;7;3;7;1;163;7;3;7;1;9;0;6;0;0;0;0;0
2015;559,00;116;0;0;4;0;83;0;0;3;0;1;0;0;0;0;1;0;0
2015;7,00;138;0;0;5;0;125;0;0;5;0;1;0;0;0;0;0;0;0
2015;283,00;162;0;0;8;1;162;0;0;8;1;6;0;6;0;0;0;0;0
2015;37,00;64;0;0;0;0;64;0;0;0;0;0;0;0;0;0;0;0;0
2015;153,00;195;0;0;8;1;161;0;0;8;1;8;0;0;0;0;0;0;0
2015;547,00;292;4;5;9;0;230;4;5;7;0;5;0;19;0;0;1;2;1
2015;397,00;80;0;0;0;0;80;0;0;0;0;2;0;0;0;18;0;0;0
2015;556,00;131;6;4;5;0;127;6;4;5;0;4;0;15;0;0;0;0;0
2015;42,00;80;0;0;0;0;80;0;0;0;0;0;0;0;0;0;0;0;0
2015;31,00;241;0;0;0;0;241;0;0;0;0;1;0;;0;35;0;0;0
2015;740,00;899;40;8;21;1;782;40;8;20;1;14;4;38;45;0;32;0;0
2015;217,00;84;0;0;3;0;36;0;0;3;0;1;0;0;0;0;0;0;0
2015;863,00;60;1;1;3;0;20;1;1;2;0;1;0;0;0;0;0;0;0
2015;889,00;876;0;0;22;2;753;0;0;16;2;12;7;64;0;0;0;24;4
2015;984,00;147;0;0;5;0;127;0;0;5;0;3;0;0;0;0;0;0;0
2015;1106,00;12;0;0;2;0;12;0;0;2;0;1;0;0;0;0;0;0;0
2015;34,00;70;0;0;0;0;68;0;0;0;0;0;0;0;0;0;0;0;0
2015;791,00;120;2;1;5;0;120;0;1;5;0;3;0;0;0;0;0;0;0
2015;181,00;77;0;0;0;0;77;0;0;0;0;1;0;1;0;0;0;0;0
2015;430,00;14;0;0;1;0;14;0;0;1;0;1;0;0;0;0;0;0;0
2015;715,00;573;3;2;12;1;393;3;2;12;1;10;0;23;0;0;0;0;0
2015;521,00;52;0;0;3;0;44;0;0;3;0;4;0;0;0;0;0;0;1
2015;524,00;194;2;1;9;1;194;2;1;9;1;2;0;5;0;0;0;6;2
2015;432,00;40;0;0;2;0;18;0;0;2;0;1;0;0;0;0;2;2;2
2015;19,00;24;3;1;2;0;24;3;1;2;0;0;0;0;0;0;0;0;0
2015;25,00;48;0;0;0;0;47;0;0;0;0;0;0;0;0;0;0;0;0
2015;26,00;84;0;0;0;0;65;0;0;0;0;0;0;0;0;0;0;0;0
2015;890,00;606;18;2;17;1;576;18;2;17;1;21;4;48;20;0;0;14;0
2015;904,00;123;0;1;3;0;111;0;1;3;0;3;0;2;0;0;0;0;0
2015;957,00;1270;30;12;36;2;1184;23;5;34;2;18;3;120;20;0;40;35;12
2015;939,00;933;18;3;26;2;873;18;3;26;2;19;1;19;27;0;0;37;6
2015;236,00;106;1;1;5;0;99;1;1;5;0;0;0;8;0;0;15;0;0
2015;735,00;904;38;6;22;1;780;38;6;19;1;8;6;62;45;;0;10;2
2015;146,00;271;0;0;0;0;271;0;0;0;0;1;0;0;0;0;0;0;0
2015;363,00;163;0;0;6;1;163;0;0;6;1;1;0;0;0;0;0;0;0
2015;187,00;190;0;0;4;1;190;0;0;4;1;2;0;5;0;0;0;0;0
2015;265,00;71;0;0;2;0;71;0;0;2;0;5;0;0;0;0;0;0;0
2015;295,00;88;0;0;5;0;53;0;0;5;0;2;0;6;0;0;0;0;0
2015;496,00;256;4;2;5;1;157;2;2;4;1;3;0;0;0;0;0;0;0
2015;77,00;99;0;0;0;0;99;0;0;0;0;0;0;0;0;0;0;0;0
2015;391,00;31;0;0;2;0;31;0;0;2;0;1;0;0;0;0;0;0;0
2015;240,00;198;2;1;4;0;157;2;1;4;0;2;0;1;0;0;0;4;0
2015;448,00;40;0;1;2;0;40;0;1;2;0;1;0;0;0;0;0;0;0
2015;151,00;144;0;0;0;0;144;0;0;0;0;1;0;0;0;0;0;0;0
2015;425,00;32;3;1;2;0;28;3;1;2;0;1;0;0;0;0;0;0;0
2015;300,00;49;0;0;2;0;49;0;0;2;0;2;0;0;0;0;0;0;0
2015;339,00;104;1;1;5;1;55;1;1;5;1;3;0;0;0;0;0;0;0
2015;826,00;102;0;0;0;0;66;0;0;0;0;0;0;0;0;0;0;0;0
2015;874,00;198;3;2;5;0;198;3;2;5;0;6;1;3;0;0;0;0;0
2015;905,00;832;18;4;21;3;785;18;4;18;3;7;5;39;0;0;0;25;7
2015;736,00;986;22;3;32;2;935;22;3;32;2;16;0;39;72;0;58;0;0
2015;459,00;30;0;0;2;0;30;0;0;2;0;1;0;0;0;0;0;0;0
2015;320,00;136;0;0;4;0;120;0;0;4;0;1;0;0;0;1;0;6;4
2015;45,00;389;0;0;0;0;389;0;0;0;0;0;0;0;140;57;0;0;0
2015;618,00;132;2;1;5;0;115;2;1;5;0;5;1;12;0;0;20;0;0
2015;463,00;301;0;2;10;0;247;0;0;7;0;6;3;39;15;0;22;0;0
2015;891,00;105;0;3;7;0;91;0;3;7;0;3;0;0;0;0;0;0;0
2015;958,00;375;10;2;10;0;316;10;2;9;0;10;0;30;0;10;18;0;0
2015;244,00;48;1;1;2;0;48;1;1;2;0;2;0;4;0;0;0;0;0
2015;28,00;56;0;0;0;0;52;0;0;0;0;0;0;0;0;0;0;0;0
2015;444,00;27;0;0;5;0;27;0;0;5;0;1;0;2;0;0;0;0;0
2015;479,00;57;0;0;2;0;57;0;0;2;0;1;0;0;0;0;0;36;2
2015;285,00;91;5;1;5;1;91;1;1;5;1;2;0;7;0;0;0;0;0
2015;253,00;140;12;5;10;1;140;12;5;10;1;6;0;0;0;0;2;18;3
2015;481,00;70;3;3;6;1;50;2;2;5;1;3;0;0;0;0;0;0;4
2015;540,00;134;5;3;8;1;130;5;3;8;1;5;0;0;0;0;0;0;0
2015;332,00;10;0;0;2;0;10;0;0;2;0;0;0;0;0;0;0;0;0
2015;41,00;60;0;0;0;0;56;0;0;0;0;0;0;0;0;0;0;0;0
2015;510,00;93;0;0;5;0;42;0;0;5;0;4;0;1;0;0;1;1;1
2015;305,00;12;0;0;2;0;12;0;0;0;0;1;0;2;0;0;0;0;0
2015;708,00;215;8;2;6;0;182;8;2;6;0;4;0;31;0;0;20;0;0
2015;755,00;1295;59;4;54;3;1177;50;4;54;3;23;7;185;20;0;0;101;12
2015;750,00;800;18;3;25;2;769;17;3;25;2;10;4;48;20;0;;26;8
2015;696,00;605;24;2;15;1;555;22;2;15;1;9;7;76;0;0;11;22;5
2015;434,00;36;1;1;2;0;24;0;1;2;0;3;0;2;0;0;36;0;0
2015;421,00;136;0;0;4;0;82;0;0;3;0;3;0;0;0;0;0;0;0
2015;827,00;184;0;0;0;0;158;0;0;0;0;0;0;0;0;0;0;0;0
2015;933,00;200;0;0;10;0;174;0;0;9;0;8;0;7;0;0;;32;2
2015;1030,00;128;7;5;18;1;96;7;2;10;1;1;0;5;0;0;0;0;0
2015;1003,00;16;0;0;2;0;16;0;0;2;0;1;0;4;0;0;0;6;2
2015;1050,00;8;0;0;1;0;8;0;0;1;0;3;0;6;0;0;0;2;1
2015;1043,00;112;8;5;8;1;104;8;5;8;1;1;0;0;0;0;0;6;0
2015;934,00;325;5;4;8;0;302;5;4;6;0;7;0;20;0;0;0;16;0
2015;629,00;332;15;2;12;1;302;15;2;12;1;8;0;15;7;0;7;150;3
2015;21,00;156;0;0;0;0;149;0;0;0;0;0;0;0;0;45;0;0;0
2015;615,00;189;2;6;8;0;189;2;6;8;0;0;0;0;0;0;0;0;0
2015;626,00;51;1;1;5;0;51;1;1;5;0;3;0;0;0;0;0;0;0
2015;417,00;29;0;0;2;0;15;0;0;2;0;2;0;5;0;0;0;0;0
2015;597,00;116;2;1;3;0;106;2;1;3;0;5;0;10;0;30;0;6;0
2015;539,00;333;9;7;10;1;325;9;7;8;1;20;0;68;0;20;22;0;0
2015;343,00;44;1;1;3;0;44;1;1;3;0;2;0;0;0;0;0;0;0
2015;135,00;350;0;0;0;0;316;0;0;0;0;0;0;0;0;0;0;0;0
2015;158,00;727;0;0;0;0;576;0;0;0;0;1;0;0;24;20;0;0;0
2015;775,00;236;6;6;7;0;149;6;6;7;0;4;0;14;0;0;0;4;0
2015;177,00;250;0;0;0;0;250;0;0;0;0;1;0;0;0;40;0;0;0
2015;578,00;38;2;1;3;0;38;2;1;3;0;2;0;0;0;0;0;0;0
2015;416,00;112;0;0;2;0;112;0;0;2;0;5;0;0;0;20;0;0;0
2015;561,00;103;2;1;4;0;103;2;1;4;0;4;0;21;0;10;0;6;1
2015;62,00;46;0;0;0;0;46;0;0;0;0;0;0;0;0;24;0;0;0
2015;828,00;85;0;0;0;0;85;0;0;0;0;0;0;0;0;25;0;0;0
2015;860,00;90;2;1;3;0;75;2;1;3;0;2;0;0;0;0;0;8;1
2015;935,00;60;0;0;0;0;60;0;0;0;0;0;0;0;0;20;0;0;0
2015;936,00;31;0;0;0;0;31;0;0;0;0;0;0;0;0;0;0;0;0
2015;986,00;45;0;0;0;0;45;0;0;0;0;0;0;0;40;0;0;0;0
2015;987,00;120;1;1;4;0;120;1;1;4;0;6;0;0;0;0;0;0;0
2015;1021,00;30;0;0;0;0;30;0;0;0;0;0;0;0;0;0;0;0;0
2015;1085,00;70;0;0;0;0;70;0;0;0;0;0;0;0;0;0;0;0;0
2015;658,00;215;4;2;5;0;211;4;2;5;0;4;0;12;0;0;0;7;0
2015;353,00;48;0;0;0;0;40;0;0;0;0;1;0;0;0;15;0;0;0
2015;323,00;150;0;0;0;0;150;0;0;0;0;0;0;0;20;0;0;0;0
2015;620,00;125;4;2;3;0;125;4;2;3;0;3;0;10;0;0;0;0;0
2015;384,00;210;0;0;1;0;175;0;0;1;0;4;0;3;0;0;0;0;0
2015;554,00;310;12;2;10;0;241;9;2;10;0;9;0;16;15;0;0;0;0
2015;209,00;15;0;0;2;0;15;0;0;2;0;2;0;0;0;0;0;0;0
2015;707,00;953;39;3;24;2;835;39;3;23;2;7;7;37;20;12;0;0;0
2015;395,00;10;0;0;1;0;10;0;0;1;0;1;0;0;0;0;0;0;0
2015;969,00;118;0;0;4;0;48;0;0;4;0;2;0;5;0;0;0;0;0
2015;1052,00;32;0;0;0;0;30;0;0;0;0;0;0;0;0;0;0;0;0
2015;739,00;1050;54;8;40;3;992;54;8;40;3;46;4;79;30;0;0;56;0
2015;613,00;525;6;2;19;1;486;6;2;19;1;10;4;28;0;0;0;16;4
2015;593,00;288;0;0;10;0;287;0;0;10;0;6;2;18;0;0;19;0;0
2015;704,00;582;22;3;16;2;546;22;3;16;2;9;4;41;0;0;24;0;0
2015;493,00;33;0;0;6;0;33;0;0;6;0;2;0;0;0;0;0;30;0
2015;686,00;488;8;1;27;2;462;6;1;25;2;5;0;46;0;0;12;10;6
2015;257,00;192;18;3;12;1;166;18;3;12;1;2;0;0;0;0;0;0;0
2015;494,00;45;0;0;5;0;45;0;0;3;0;1;0;0;0;0;0;0;0
2015;681,00;140;0;0;8;0;115;0;0;8;0;2;0;37;0;0;0;0;0
2015;286,00;118;10;2;11;1;95;4;2;10;1;3;0;0;0;0;0;0;0
2015;255,00;83;12;1;7;1;83;12;1;7;1;3;0;9;0;0;11;3;0
2015;79,00;50;0;0;0;0;50;0;0;0;0;0;0;0;0;0;0;0;0
2015;81,00;76;0;0;0;0;73;0;0;0;0;0;0;0;0;0;0;0;0
2015;688,00;315;6;2;8;0;274;6;2;7;0;3;0;18;0;0;0;6;1
2015;531,00;271;7;2;8;0;232;7;2;8;0;6;2;23;0;0;0;8;0
2015;514,00;56;0;1;3;0;38;0;1;3;0;3;0;2;0;0;0;14;0
2015;499,00;230;0;0;8;0;105;0;0;7;0;5;0;0;0;0;0;0;0
2015;532,00;252;4;2;11;0;242;4;2;11;0;7;1;17;0;0;15;;
2015;190,00;183;0;0;0;0;140;0;0;0;0;3;0;0;0;0;0;0;0
2015;598,00;113;4;1;3;0;82;4;1;3;0;5;0;8;0;0;0;6;0
2015;260,00;300;10;6;21;1;216;8;6;21;1;5;0;0;0;0;0;0;0
2015;838,00;11;0;0;1;0;11;0;0;1;0;1;0;0;0;0;0;0;0
2015;839,00;96;2;1;4;0;30;0;0;4;0;1;0;16;0;0;0;0;0
2015;851,00;7;0;0;2;0;7;0;0;2;0;0;0;0;0;0;2;0;0
2015;852,00;301;4;5;14;1;301;4;5;14;1;3;5;15;1;0;0;30;0
2015;988,00;125;0;0;0;0;125;0;0;0;0;1;0;12;20;0;0;0;0
2015;1056,00;348;7;2;12;1;227;7;2;12;1;4;4;24;0;0;5;0;0
2015;1044,00;80;0;0;0;0;57;0;0;0;0;0;0;0;0;0;0;0;0
2015;1114,00;96;0;0;7;0;86;0;0;7;0;3;1;6;0;0;6;0;0
2015;644,00;640;17;6;19;0;587;17;6;19;0;9;2;26;26;0;23;0;2
2015;752,00;777;8;2;17;2;686;8;2;17;2;16;8;34;30;0;0;0;0
2015;238,00;80;0;0;10;0;80;0;0;10;0;3;0;5;0;0;18;0;10
2015;325,00;240;0;0;0;0;240;0;0;0;0;0;0;0;0;0;0;0;0
2015;622,00;119;3;2;4;0;103;3;2;3;0;2;0;2;0;0;0;0;0
2015;879,00;92;0;0;4;0;92;0;0;4;0;1;0;0;0;0;0;0;0
2015;906,00;95;4;1;4;1;95;4;1;4;1;1;0;6;0;0;;0;0
2015;370,00;251;0;0;0;0;185;0;0;0;0;2;0;0;0;0;0;0;0
2015;418,00;44;0;0;3;0;44;0;0;3;0;2;0;0;0;0;0;0;0
2015;574,00;23;0;0;2;0;23;0;0;2;0;2;0;0;0;0;0;0;0
2015;399,00;70;0;0;5;0;70;0;0;5;0;1;0;2;0;0;2;2;1
2015;195,00;42;0;0;3;0;40;0;0;3;0;1;0;0;0;0;0;0;0
2015;783,00;683;15;5;18;1;679;15;5;18;1;10;20;51;4;0;36;14;5
2015;263,00;74;0;0;6;0;60;0;0;6;0;1;0;11;0;0;0;10;0
2015;194,00;48;0;0;3;0;30;0;0;2;0;1;0;0;0;0;0;0;0
2015;785,00;910;30;8;33;2;874;30;8;33;2;11;15;92;10;0;21;0;0
2015;780,00;128;0;0;6;0;107;0;0;6;0;2;5;15;0;0;15;0;1
2015;782,00;394;0;0;15;1;364;0;0;15;1;8;4;32;10;0;38;0;0
2015;369,00;179;0;0;0;0;129;0;0;0;0;1;0;0;0;0;0;0;0
2015;84,00;35;0;0;0;0;23;0;0;0;0;0;0;0;0;0;0;0;0
2015;713,00;100;0;0;5;0;94;0;0;5;0;4;0;0;0;0;0;11;0
2015;941,00;24;0;0;0;0;24;0;0;0;0;0;0;0;3;0;0;0;0
2015;1091,00;377;0;0;0;0;377;0;0;0;0;0;0;0;440;0;0;0;0
2015;1045,00;110;3;2;7;1;65;3;1;4;1;2;0;1;0;0;9;0;0
2015;1086,00;157;4;2;11;1;155;3;2;8;1;3;0;11;0;0;0;18;0
2015;937,00;600;4;4;14;0;445;4;4;14;0;13;0;27;8;0;;34;0
2015;1004,00;44;3;1;3;0;44;3;1;3;0;0;0;1;0;0;0;0;0
2015;737,00;808;7;3;18;1;759;7;3;17;1;8;4;16;25;0;17;0;0
2015;765,00;1290;29;3;36;2;1156;29;3;35;2;24;4;64;0;0;0;0;5
2015;329,00;260;0;0;7;0;227;0;0;5;0;3;5;6;0;0;19;0;0
2015;87,00;172;0;0;0;0;175;0;0;0;0;0;0;0;0;0;0;0;0
2015;527,00;151;0;0;8;0;139;0;0;6;0;2;0;0;0;18;0;19;0
2015;562,00;147;0;0;7;1;107;0;0;7;1;3;0;0;0;0;0;0;0
2015;251,00;90;2;3;5;1;90;2;3;5;1;3;0;0;0;0;0;0;0
2015;129,00;280;0;0;0;0;280;0;0;0;0;0;0;0;0;0;0;0;0
2015;154,00;184;0;0;0;0;152;0;0;0;0;1;0;0;0;25;0;0;0
2015;516,00;113;4;1;8;1;113;4;1;8;1;2;0;7;0;0;0;0;0
2015;184,00;32;0;0;4;;32;0;0;4;0;1;0;0;0;0;0;0;0
2015;652,00;200;0;0;5;0;116;0;0;5;0;3;0;0;0;0;0;0;0
2015;637,00;122;4;2;5;0;113;4;2;2;0;5;0;12;0;0;0;6;0
2015;88,00;43;0;0;0;0;43;0;0;0;0;0;0;0;0;0;0;0;0
2015;907,00;39;0;0;0;0;39;0;0;0;0;0;0;0;0;0;0;0;0
2015;970,00;50;0;0;0;0;50;0;0;0;0;0;0;0;50;0;0;0;0
2015;1019,00;32;0;0;2;0;17;0;0;2;0;2;0;0;0;0;0;0;0
2015;1016,00;68;2;2;5;1;68;2;2;5;1;1;0;0;0;0;0;0;0
2015;1047,00;252;10;3;7;0;178;10;3;6;0;3;0;27;0;0;;20;0
2015;635,00;168;12;2;4;0;165;12;2;4;0;5;0;4;2;0;0;0;0
