"año";"NCODI";"partoVaginal";"cesareas";"rNacVivos";"vivos_menor2500";"exitusMaternal"
2015;113,00;0;0;0;0;0
2015;619,00;119;25;145;0;0
2015;163,00;0;0;0;0;0
2015;131,00;0;0;0;0;0
2015;375,00;0;0;0;0;0
2015;1090,00;2323;325;2709;212;0
2015;764,00;1634;537;2149;246;0
2015;14,00;274;191;465;1;0
2015;657,00;300;118;420;19;0
2015;362,00;19;19;38;0;0
2015;989,00;318;69;387;43;0
2015;990,00;335;134;478;14;0
2015;680,00;1856;486;2401;326;0
2015;411,00;254;235;497;17;0
2015;241,00;190;280;470;26;0
2015;558,00;729;233;972;63;0
2015;167,00;4;6;10;0;0
2015;248,00;0;0;0;0;0
2015;224,00;97;45;141;4;0
2015;591,00;971;336;1369;184;0
2015;586,00;1018;295;1338;106;0
2015;453,00;0;0;0;0;0
2015;145,00;0;0;0;0;0
2015;511,00;782;322;1124;101;0
2015;530,00;1101;296;1413;100;0
2015;6,00;222;329;551;55;0
2015;161,00;0;0;0;0;0
2015;623,00;798;271;1115;106;0
2015;875,00;0;0;0;0;0
2015;940,00;0;0;0;0;0
2015;946,00;117;113;230;18;0
2015;1023,00;946;234;1188;73;0
2015;1054,00;824;292;1157;83;0
2015;1057,00;0;0;0;0;0
2015;1031,00;0;0;0;0;0
2015;1032,00;1329;271;1678;109;0
2015;1064,00;125;120;245;24;0
2015;226,00;282;250;514;18;0
2015;687,00;920;199;1133;58;0
2015;745,00;2478;648;3168;185;0
2015;109,00;413;197;616;4;0
2015;808,00;2145;490;2617;126;1
2015;971,00;0;0;0;0;0
2015;128,00;0;0;0;0;0
2015;919,00;690;228;904;14;0
2015;725,00;1756;600;2400;124;0
2015;3,00;0;0;0;0;0
2015;306,00;0;0;0;0;0
2015;15,00;0;0;0;0;0
2015;264,00;214;161;398;12;0
2015;867,00;0;0;0;0;0
2015;910,00;384;257;631;33;0
2015;1053,00;675;326;1010;55;0
2015;1055,00;1093;384;1505;109;0
2015;1081,00;0;0;0;0;0
2015;1099,00;0;0;0;0;0
2015;529,00;0;0;0;0;0
2015;345,00;0;0;0;0;0
2015;515,00;0;0;0;0;0
2015;174,00;0;0;0;0;0
2015;523,00;0;0;0;0;0
2015;697,00;754;358;1110;68;0
2015;239,00;0;0;0;0;0
2015;287,00;350;192;555;26;0
2015;377,00;0;0;0;0;0
2015;692,00;958;168;1144;71;0
2015;335,00;0;0;0;0;0
2015;435,00;137;42;178;7;0
2015;423,00;63;40;103;0;0
2015;351,00;0;0;0;0;0
2015;810,00;0;0;0;0;0
2015;830,00;810;107;935;0;0
2015;892,00;1738;345;2114;138;0
2015;921,00;533;346;879;33;1
2015;991,00;102;19;101;0;0
2015;992,00;692;189;872;27;0
2015;993,00;451;138;599;33;0
2015;1070,00;1315;491;1885;295;0
2015;1095,00;0;0;0;0;0
2015;1094,00;0;0;0;0;0
2015;473,00;2268;899;3241;433;0
2015;663,00;1081;322;1412;95;0
2015;552,00;0;0;0;0;0
2015;772,00;0;0;0;0;0
2015;568,00;0;0;0;0;0
2015;398,00;0;0;0;0;0
2015;394,00;0;0;0;0;0
2015;614,00;0;0;0;0;0
2015;235,00;0;0;0;0;0
2015;616,00;0;0;0;0;0
2015;267,00;910;772;1682;32;0
2015;565,00;0;0;0;0;0
2015;220,00;186;166;355;11;0
2015;278,00;937;574;1558;94;0
2015;107,00;0;0;0;0;0
2015;711,00;1303;376;1719;140;0
2015;204,00;0;0;0;0;0
2015;579,00;0;0;0;0;0
2015;348,00;0;0;0;0;0
2015;766,00;0;0;0;0;0
2015;761,00;0;0;0;0;0
2015;728,00;0;0;0;0;0
2015;280,00;1027;808;1881;119;0
2015;222,00;0;0;0;0;0
2015;276,00;2055;1138;3254;112;0
2015;11,00;213;114;331;13;0
2015;302,00;67;47;116;3;0
2015;682,00;0;0;0;0;0
2015;279,00;1808;767;2675;239;0
2015;282,00;1269;864;2187;131;0
2015;281,00;521;452;1011;80;0
2015;183,00;0;0;0;0;0
2015;610,00;0;0;0;0;0
2015;116,00;0;0;0;0;0
2015;115,00;0;0;0;0;0
2015;114,00;0;0;0;0;0
2015;119,00;0;0;0;0;0
2015;770,00;1025;360;1403;128;0
2015;583,00;0;0;0;0;0
2015;136,00;0;0;0;0;0
2015;469,00;112;62;173;7;0
2015;642,00;660;209;871;34;0
2015;674,00;2416;840;3349;396;0
2015;193,00;0;0;0;0;0
2015;526,00;1241;398;1660;120;0
2015;698,00;0;0;0;0;0
2015;630,00;1272;315;1593;92;0
2015;124,00;0;0;0;0;0
2015;364,00;0;0;0;0;0
2015;439,00;304;194;505;17;0
2015;570,00;1050;259;1307;91;0
2015;123,00;0;0;0;0;0
2015;310,00;0;0;0;0;0
2015;571,00;540;147;688;21;0
2015;296,00;0;0;0;0;0
2015;566,00;561;162;737;29;0
2015;784,00;1876;463;2381;223;0
2015;102,00;0;0;0;0;0
2015;379,00;0;0;0;0;0
2015;639,00;1211;312;1537;49;0
2015;457,00;0;0;0;0;0
2015;609,00;1475;918;2443;179;0
2015;101,00;0;0;0;0;0
2015;454,00;578;114;714;27;0
2015;318,00;0;0;0;0;0
2015;600,00;718;160;874;22;0
2015;545,00;1135;173;1322;84;0
2015;100,00;0;0;0;0;0
2015;702,00;879;246;1140;77;0
2015;778,00;1013;269;1292;62;0
2015;341,00;0;0;0;0;0
2015;99,00;0;0;0;0;0
2015;767,00;0;0;0;0;0
2015;359,00;0;0;0;0;0
2015;98,00;0;0;0;0;0
2015;132,00;0;0;0;0;0
2015;97,00;0;0;0;0;0
2015;103,00;0;0;0;0;0
2015;110,00;0;0;0;0;0
2015;94,00;0;0;0;0;0
2015;91,00;0;0;0;0;0
2015;664,00;937;270;1227;80;0
2015;918,00;2099;639;2840;544;1
2015;92,00;0;0;0;0;0
2015;95,00;0;0;0;0;0
2015;96,00;0;0;0;0;0
2015;301,00;0;0;0;0;0
2015;492,00;428;88;515;19;0
2015;811,00;479;232;727;0;0
2015;812,00;0;0;0;0;0
2015;832,00;0;0;0;0;0
2015;841,00;0;0;0;0;0
2015;856,00;0;0;0;0;0
2015;859,00;0;0;0;0;0
2015;861,00;0;0;0;0;0
2015;880,00;0;0;0;0;0
2015;883,00;0;0;0;0;0
2015;884,00;0;0;0;0;0
2015;877,00;0;0;0;0;0
2015;911,00;0;0;0;0;0
2015;913,00;0;0;0;0;0
2015;922,00;646;347;1033;0;0
2015;923,00;0;0;0;0;0
2015;924,00;0;0;0;0;0
2015;947,00;0;0;0;0;0
2015;951,00;0;0;0;0;0
2015;1103,00;0;0;0;0;0
2015;972,00;0;0;0;0;0
2015;973,00;0;0;0;0;0
2015;974,00;0;0;0;0;0
2015;975,00;0;0;0;0;0
2015;960,00;0;0;0;0;0
2015;1028,00;0;0;0;0;0
2015;976,00;0;0;0;0;0
2015;977,00;0;0;0;0;0
2015;1020,00;0;0;0;0;0
2015;994,00;766;138;910;54;0
2015;995,00;0;0;0;0;0
2015;1060,00;0;0;0;0;0
2015;1005,00;0;0;0;0;0
2015;1061,00;0;0;0;0;0
2015;1006,00;0;0;0;0;0
2015;1088,00;0;0;0;0;0
2015;1089,00;0;0;0;0;0
2015;1076,00;0;0;0;0;0
2015;1078,00;0;0;0;0;0
2015;1033,00;0;0;0;0;0
2015;1037,00;0;0;0;0;0
2015;1039,00;0;0;0;0;0
2015;1067,00;0;0;0;0;0
2015;1065,00;0;0;0;0;0
2015;1066,00;181;189;385;15;0
2015;1100,00;0;0;0;0;0
2015;1105,00;0;0;0;0;0
2015;1107,00;0;0;0;0;0
2015;1111,00;0;0;0;0;0
2015;207,00;19;40;60;0;0
2015;431,00;0;0;0;0;0
2015;387,00;309;116;435;23;0
2015;179,00;0;0;0;0;0
2015;606,00;181;111;296;21;0
2015;925,00;1611;288;1916;160;0
2015;541,00;210;77;288;17;0
2015;797,00;254;78;336;0;0
2015;627,00;508;233;759;67;0
2015;173,00;0;0;0;0;0
2015;636,00;1015;435;1465;149;0
2015;205,00;0;0;0;0;0
2015;814,00;0;0;0;0;0
2015;881,00;0;15;15;0;0
2015;771,00;1330;462;1849;251;0
2015;533,00;20;24;44;2;0
2015;447,00;177;105;282;12;0
2015;815,00;0;0;0;0;0
2015;801,00;2069;673;2824;0;0
2015;800,00;0;0;0;0;0
2015;389,00;410;194;604;19;0
2015;695,00;1448;506;1978;132;0
2015;816,00;141;131;272;9;0
2015;833,00;224;231;455;19;0
2015;870,00;203;129;332;17;0
2015;927,00;79;12;92;0;0
2015;961,00;1658;519;2172;151;0
2015;962,00;0;0;0;0;0
2015;1079,00;60;54;114;5;0
2015;1101,00;264;138;402;16;0
2015;666,00;1208;536;1798;186;0
2015;392,00;0;0;0;0;0
2015;790,00;0;0;0;0;0
2015;650,00;506;144;657;26;0
2015;876,00;1210;228;1466;58;0
2015;944,00;0;0;0;0;0
2015;952,00;606;346;952;28;
2015;54,00;0;0;0;0;0
2015;367,00;0;0;0;0;0
2015;538,00;756;243;1021;34;0
2015;557,00;333;58;391;14;0
2015;653,00;247;276;532;37;0
2015;647,00;297;155;463;15;0
2015;978,00;1309;444;1797;132;1
2015;996,00;324;163;494;0;0
2015;729,00;3106;560;3755;346;0
2015;182,00;795;418;1228;55;0
2015;633,00;0;0;0;0;0
2015;685,00;885;291;1189;86;0
2015;683,00;354;118;482;32;0
2015;945,00;416;102;517;19;0
2015;953,00;0;0;0;0;0
2015;1022,00;0;0;0;0;0
2015;1049,00;0;0;0;0;0
2015;794,00;2092;550;2697;190;0
2015;415,00;0;0;0;0;0
2015;592,00;231;142;378;0;0
2015;497,00;0;0;0;0;0
2015;458,00;676;407;1093;24;0
2015;726,00;809;238;1060;80;0
2015;272,00;0;0;0;0;0
2015;805,00;2123;505;2696;245;0
2015;5,00;0;0;0;0;0
2015;234,00;266;94;368;6;0
2015;64,00;0;0;0;0;0
2015;842,00;278;89;369;11;0
2015;843,00;157;62;219;4;0
2015;803,00;667;166;848;55;0
2015;211,00;0;0;0;0;0
2015;773,00;986;329;1377;232;0
2015;424,00;472;156;638;52;0
2015;298,00;551;275;851;47;0
2015;594,00;0;0;0;0;0
2015;237,00;0;0;0;0;0
2015;16,00;0;0;0;0;0
2015;768,00;90;22;111;3;0
2015;617,00;814;179;1004;65;0
2015;297,00;168;72;240;11;0
2015;105,00;0;0;0;0;0
2015;544,00;342;84;426;20;0
2015;804,00;763;179;950;50;0
2015;104,00;0;0;0;0;0
2015;20,00;0;0;0;0;0
2015;550,00;0;0;0;0;0
2015;112,00;0;0;0;0;0
2015;818,00;0;0;0;0;0
2015;882,00;0;0;0;0;0
2015;914,00;0;0;0;0;0
2015;928,00;0;0;0;0;0
2015;964,00;991;175;1172;46;0
2015;1026,00;0;0;0;0;0
2015;1068,00;0;0;0;0;0
2015;1108,00;133;29;162;9;0
2015;404,00;0;0;0;0;0
2015;274,00;219;173;392;18;0
2015;270,00;274;150;429;15;0
2015;676,00;424;92;522;40;0
2015;709,00;845;205;1059;138;0
2015;754,00;4768;1320;6207;551;0
2015;997,00;240;79;317;9;0
2015;734,00;1289;283;1602;59;0
2015;299,00;0;0;0;0;0
2015;645,00;0;0;0;0;0
2015;17,00;0;0;0;0;0
2015;1046,00;0;0;0;0;0
2015;420,00;0;0;0;0;0
2015;802,00;0;0;0;0;0
2015;266,00;187;92;279;0;0
2015;137,00;295;133;432;0;0
2015;769,00;0;0;0;0;0
2015;776,00;0;0;0;0;0
2015;640,00;501;97;591;10;0
2015;315,00;0;0;0;0;0
2015;40,00;0;0;0;0;0
2015;508,00;0;0;0;0;0
2015;46,00;0;0;0;0;0
2015;590,00;638;111;761;31;0
2015;777,00;537;62;599;22;0
2015;897,00;3392;525;4042;403;0
2015;965,00;0;0;0;0;0
2015;461,00;0;0;0;0;0
2015;376,00;63;17;80;2;0
2015;621,00;334;127;466;32;0
2015;793,00;2705;972;3729;275;0
2015;1102,00;245;148;393;17;0
2015;712,00;502;183;704;53;0
2015;32,00;0;0;0;0;0
2015;361,00;0;0;0;0;0
2015;486,00;39;18;57;0;0
2015;595,00;526;117;655;36;0
2015;433,00;97;58;155;3;0
2015;1058,00;0;0;0;0;0
2015;261,00;66;46;112;0;0
2015;730,00;742;281;1023;55;0
2015;577,00;941;220;1212;81;0
2015;788,00;1752;484;2060;209;0
2015;865,00;397;121;517;21;0
2015;979,00;0;0;0;0;0
2015;998,00;0;0;0;0;0
2015;221,00;0;0;0;0;0
2015;506,00;97;37;135;3;0
2015;727,00;578;169;757;74;0
2015;355,00;0;0;0;0;0
2015;487,00;0;0;0;0;0
2015;938,00;1679;376;2093;207;0
2015;886,00;0;0;0;0;0
2015;835,00;67;38;105;0;1
2015;999,00;0;0;0;0;0
2015;798,00;2100;507;2648;223;0
2015;504,00;0;0;0;0;0
2015;247,00;164;91;255;0;0
2015;216,00;151;115;274;9;0
2015;654,00;57;36;94;2;0
2015;65,00;0;0;0;0;0
2015;472,00;104;23;127;10;0
2015;427,00;0;0;0;0;0
2015;491,00;77;42;120;1;0
2015;551,00;49;38;87;4;0
2015;106,00;0;0;0;0;0
2015;819,00;0;0;0;0;0
2015;836,00;0;0;0;0;0
2015;915,00;0;0;0;0;0
2015;942,00;0;0;0;0;0
2015;748,00;1567;439;2054;188;0
2015;198,00;0;0;0;0;0
2015;871,00;454;130;187;24;0
2015;948,00;72;79;153;0;0
2015;1051,00;0;0;0;0;0
2015;1083,00;0;0;0;0;0
2015;1096,00;0;0;0;0;0
2015;679,00;1095;365;1485;121;0
2015;176,00;0;0;0;0;0
2015;537,00;0;0;0;0;0
2015;608,00;310;104;416;31;0
2015;596,00;168;41;209;1;0
2015;749,00;0;0;0;0;0
2015;758,00;3027;939;4449;207;0
2015;1104,00;1389;457;1889;107;0
2015;436,00;0;0;0;0;0
2015;567,00;0;0;0;0;0
2015;677,00;0;0;0;0;0
2015;670,00;0;0;0;0;0
2015;588,00;0;0;0;0;0
2015;753,00;4488;969;5622;644;0
2015;887,00;0;0;0;0;0
2015;245,00;1318;527;1854;180;0
2015;603,00;206;192;399;22;0
2015;426,00;0;0;0;0;0
2015;232,00;1480;724;2251;172;0
2015;288,00;0;0;0;0;0
2015;246,00;506;432;1039;0;0
2015;284,00;224;236;465;22;0
2015;18,00;0;0;0;0;0
2015;356,00;0;0;0;0;0
2015;401,00;0;0;0;0;0
2015;733,00;1480;433;1939;114;0
2015;243,00;0;0;0;0;0
2015;380,00;0;0;0;0;0
2015;716,00;0;0;0;0;0
2015;534,00;0;0;0;0;0
2015;185,00;0;0;0;0;0
2015;258,00;0;0;0;0;0
2015;505,00;0;0;0;0;0
2015;268,00;0;0;0;0;0
2015;602,00;564;359;955;71;0
2015;254,00;589;428;1026;42;0
2015;705,00;863;331;1194;51;0
2015;133,00;1285;655;1966;46;0
2015;33,00;0;0;0;0;0
2015;143,00;0;0;0;0;0
2015;36,00;0;0;0;0;0
2015;756,00;455;139;594;20;0
2015;662,00;1527;378;1936;119;0
2015;192,00;0;0;0;0;0
2015;382,00;0;0;0;0;0
2015;322,00;0;0;0;0;0
2015;478,00;0;0;0;0;0
2015;352,00;0;0;0;0;0
2015;628,00;1040;308;1390;123;1
2015;291,00;0;0;0;0;0
2015;495,00;0;0;0;0;0
2015;845,00;771;204;1001;105;0
2015;498,00;221;69;290;16;0
2015;314,00;0;0;0;0;0
2015;720,00;0;0;0;0;0
2015;721,00;1419;367;1819;186;0
2015;485,00;0;0;0;0;0
2015;273,00;46;22;69;0;0
2015;846,00;1323;236;1590;93;0
2015;847,00;0;0;0;0;0
2015;848,00;1383;898;2346;129;0
2015;916,00;0;0;0;0;0
2015;930,00;773;214;995;34;0
2015;954,00;1605;288;1929;111;0
2015;943,00;188;111;306;13;0
2015;949,00;4212;1436;5875;736;0
2015;980,00;1192;428;1659;95;0
2015;981,00;0;0;0;0;0
2015;1024,00;1077;415;1544;134;0
2015;1017,00;0;0;0;0;0
2015;1000,00;0;0;0;0;0
2015;1018,00;1060;210;1278;102;0
2015;1001,00;425;410;847;48;0
2015;1007,00;1831;469;2300;109;0
2015;1008,00;744;223;978;48;0
2015;1009,00;1729;446;2204;172;0
2015;1010,00;856;219;1089;57;0
2015;1011,00;569;116;694;43;0
2015;1012,00;1509;362;1902;118;0
2015;1013,00;2432;622;3122;236;0
2015;1041,00;0;0;0;0;0
2015;1073,00;1971;444;2439;97;0
2015;1087,00;1593;241;1863;131;0
2015;1109,00;330;80;437;25;1
2015;1110,00;539;228;783;32;0
2015;1112,00;0;0;0;0;0
2015;789,00;0;0;0;0;0
2015;326,00;0;0;0;0;0
2015;442,00;762;534;1294;82;2
2015;294,00;259;181;445;60;0
2015;378,00;338;220;573;33;0
2015;402,00;0;0;0;0;0
2015;29,00;0;0;0;0;0
2015;450,00;0;0;0;0;0
2015;656,00;607;224;827;59;0
2015;333,00;288;153;452;21;0
2015;668,00;441;190;593;40;0
2015;684,00;736;256;1008;69;0
2015;422,00;0;0;0;0;0
2015;763,00;3107;1193;4479;536;1
2015;741,00;1464;444;1921;84;0
2015;553,00;2142;554;2741;195;0
2015;357,00;0;0;0;0;0
2015;899,00;0;0;0;0;0
2015;900,00;0;0;0;0;0
2015;932,00;0;0;0;0;0
2015;950,00;0;0;0;0;0
2015;966,00;188;93;284;8;0
2015;967,00;0;0;0;0;0
2015;982,00;0;0;0;0;0
2015;1014,00;0;0;0;0;0
2015;1048,00;0;0;0;0;0
2015;1080,00;869;300;1200;102;0
2015;1074,00;0;0;0;0;0
2015;1084,00;0;0;0;0;0
2015;1113,00;14;6;20;0;0
2015;722,00;5913;1367;7383;655;0
2015;660,00;0;0;0;0;0
2015;75,00;0;0;0;0;0
2015;249,00;449;414;873;48;1
2015;275,00;0;0;0;0;0
2015;227,00;510;386;915;38;0
2015;150,00;0;0;0;0;0
2015;47,00;0;0;0;0;0
2015;172,00;0;0;0;0;0
2015;581,00;408;147;563;33;0
2015;120,00;0;0;0;0;0
2015;445,00;0;0;0;0;0
2015;471,00;0;0;0;0;0
2015;53,00;0;0;0;0;0
2015;199,00;0;0;0;0;0
2015;575,00;930;293;1222;42;0
2015;528,00;420;133;549;28;0
2015;631,00;1283;371;1667;99;0
2015;699,00;0;0;0;0;0
2015;823,00;0;0;0;0;0
2015;849,00;0;0;0;0;0
2015;869,00;0;0;0;0;0
2015;955,00;0;0;0;0;0
2015;983,00;0;0;0;0;0
2015;1002,00;0;0;0;0;0
2015;1015,00;2138;661;2865;86;0
2015;51,00;0;0;0;0;0
2015;441,00;0;0;0;0;0
2015;327,00;0;0;0;0;0
2015;690,00;214;75;301;14;0
2015;262,00;108;44;154;5;0
2015;403,00;0;0;0;0;0
2015;312,00;0;0;0;0;0
2015;589,00;351;69;425;23;0
2015;665,00;682;154;852;0;0
2015;334,00;0;0;0;0;0
2015;1075,00;3442;626;4174;365;0
2015;751,00;1098;399;1523;122;0
2015;186,00;0;0;0;0;0
2015;646,00;84;30;114;5;0
2015;536,00;91;37;128;0;0
2015;242,00;0;13;13;0;0
2015;490,00;0;0;0;0;0
2015;500,00;259;94;353;11;0
2015;206,00;0;0;0;0;0
2015;58,00;0;0;0;0;0
2015;572,00;805;151;973;50;0
2015;180,00;0;0;0;0;0
2015;549,00;100;34;134;8;0
2015;582,00;216;63;283;11;0
2015;743,00;1389;273;1685;162;0
2015;795,00;0;0;0;0;0
2015;269,00;0;0;0;0;0
2015;634,00;0;0;0;0;0
2015;1,00;36;10;39;2;0
2015;717,00;298;96;398;26;0
2015;373,00;0;0;0;0;0
2015;535,00;230;54;285;17;0
2015;824,00;1745;365;2159;221;0
2015;888,00;114;52;168;6;0
2015;902,00;0;0;0;0;0
2015;968,00;0;0;0;0;0
2015;346,00;0;0;0;0;0
2015;27,00;0;0;0;0;0
2015;165,00;0;0;0;0;0
2015;956,00;728;294;1047;83;0
2015;413,00;0;0;0;0;0
2015;149,00;0;0;0;0;0
2015;612,00;811;663;1520;52;0
2015;559,00;0;0;0;0;0
2015;7,00;0;0;0;0;0
2015;283,00;0;0;0;0;0
2015;37,00;0;0;0;0;0
2015;153,00;0;0;0;0;0
2015;547,00;957;339;1313;75;0
2015;397,00;0;0;0;0;0
2015;556,00;725;182;916;37;0
2015;42,00;0;0;0;0;0
2015;31,00;0;0;0;0;0
2015;740,00;4036;527;4666;433;0
2015;217,00;0;0;0;0;0
2015;863,00;22;8;30;0;0
2015;889,00;0;0;0;0;0
2015;984,00;0;0;0;0;0
2015;1106,00;0;0;0;0;0
2015;34,00;0;0;0;0;0
2015;791,00;119;110;232;5;0
2015;181,00;0;0;0;0;0
2015;430,00;0;0;0;0;0
2015;715,00;132;66;200;9;0
2015;521,00;0;0;0;0;0
2015;524,00;90;76;167;0;0
2015;432,00;0;0;0;0;0
2015;19,00;106;87;196;3;0
2015;25,00;0;0;0;0;0
2015;26,00;0;0;0;0;0
2015;890,00;1195;313;1532;126;0
2015;904,00;439;121;559;20;0
2015;957,00;2917;737;3708;310;0
2015;939,00;1583;472;2103;182;0
2015;236,00;176;153;327;0;0
2015;735,00;2337;651;3033;272;0
2015;146,00;0;0;0;0;0
2015;363,00;0;0;0;0;0
2015;187,00;0;0;0;0;0
2015;265,00;0;0;0;0;0
2015;295,00;0;0;0;0;0
2015;496,00;728;120;830;21;0
2015;77,00;0;0;0;0;0
2015;391,00;0;0;0;0;0
2015;240,00;172;63;172;3;0
2015;448,00;64;27;91;1;0
2015;151,00;0;0;0;0;0
2015;425,00;33;31;64;0;0
2015;300,00;0;0;0;0;0
2015;339,00;269;104;380;13;0
2015;826,00;0;0;0;0;0
2015;874,00;364;127;494;24;0
2015;905,00;2012;540;2622;248;0
2015;736,00;2511;756;3359;220;0
2015;459,00;0;0;0;0;0
2015;320,00;0;0;0;0;0
2015;45,00;0;0;0;0;0
2015;618,00;356;103;460;14;0
2015;463,00;0;0;0;0;0
2015;891,00;253;234;487;10;0
2015;958,00;720;248;983;81;0
2015;244,00;0;2;2;0;0
2015;28,00;0;0;0;0;0
2015;444,00;0;0;0;0;0
2015;479,00;0;0;0;0;0
2015;285,00;65;43;111;5;0
2015;253,00;1103;476;1675;162;0
2015;481,00;229;130;355;17;0
2015;540,00;320;153;436;25;0
2015;332,00;0;0;0;0;0
2015;41,00;0;0;0;0;0
2015;510,00;0;0;0;0;0
2015;305,00;0;0;0;0;0
2015;708,00;801;260;1061;48;0
2015;755,00;4897;1479;6484;586;0
2015;750,00;2345;682;3085;265;
2015;696,00;2187;665;2870;240;0
2015;434,00;237;99;336;6;0
2015;421,00;0;0;0;0;0
2015;827,00;0;0;0;0;0
2015;933,00;0;0;0;0;0
2015;1030,00;541;417;958;81;0
2015;1003,00;0;0;0;0;0
2015;1050,00;0;0;0;0;0
2015;1043,00;1755;691;2514;146;0
2015;934,00;484;105;601;42;0
2015;629,00;1126;296;1483;193;0
2015;21,00;0;0;0;0;0
2015;615,00;736;201;937;35;0
2015;626,00;161;189;354;16;0
2015;417,00;0;0;0;0;0
2015;597,00;132;37;169;6;0
2015;539,00;1200;315;1515;88;0
2015;343,00;73;128;201;7;0
2015;135,00;0;0;0;0;0
2015;158,00;0;0;0;0;0
2015;775,00;733;298;1045;78;0
2015;177,00;0;0;0;0;0
2015;578,00;58;45;103;3;0
2015;416,00;0;0;0;0;0
2015;561,00;342;111;456;17;0
2015;62,00;0;0;0;0;0
2015;828,00;0;0;0;0;0
2015;860,00;35;18;53;7;0
2015;935,00;0;0;0;0;0
2015;936,00;0;0;0;0;0
2015;986,00;0;0;0;0;0
2015;987,00;546;139;686;23;0
2015;1021,00;0;0;0;0;0
2015;1085,00;0;0;0;0;0
2015;658,00;422;102;526;20;0
2015;353,00;0;0;0;0;0
2015;323,00;0;0;0;0;0
2015;620,00;358;79;444;20;0
2015;384,00;0;0;0;0;0
2015;554,00;829;214;1053;73;0
2015;209,00;0;0;0;0;0
2015;707,00;2785;604;3459;266;0
2015;395,00;0;0;0;0;0
2015;969,00;0;0;0;0;0
2015;1052,00;0;0;0;0;0
2015;739,00;3701;1358;5232;655;0
2015;613,00;730;281;1029;91;0
2015;593,00;0;0;0;0;0
2015;704,00;1013;293;1349;187;0
2015;493,00;0;0;0;0;0
2015;686,00;1113;347;1459;75;0
2015;257,00;1043;938;2047;178;0
2015;494,00;0;0;0;0;0
2015;681,00;0;0;0;0;0
2015;286,00;250;108;358;26;0
2015;255,00;253;102;355;25;0
2015;79,00;0;0;0;0;0
2015;81,00;0;0;0;0;0
2015;688,00;749;297;1059;53;0
2015;531,00;687;183;876;52;0
2015;514,00;149;96;246;11;0
2015;499,00;0;0;0;0;0
2015;532,00;523;203;733;48;0
2015;190,00;0;0;0;0;0
2015;598,00;270;82;351;23;0
2015;260,00;1991;1987;3973;329;0
2015;838,00;0;0;0;0;0
2015;839,00;0;0;0;0;0
2015;851,00;0;0;0;0;0
2015;852,00;1456;358;1823;97;0
2015;988,00;0;0;0;0;0
2015;1056,00;1387;264;1663;81;0
2015;1044,00;0;0;0;0;0
2015;1114,00;0;0;0;0;0
2015;644,00;1571;546;2171;189;1
2015;752,00;940;336;1314;146;0
2015;238,00;0;0;0;0;0
2015;325,00;0;0;0;0;0
2015;622,00;183;118;300;12;0
2015;879,00;0;0;0;0;0
2015;906,00;305;316;621;34;0
2015;370,00;0;0;0;0;0
2015;418,00;0;0;0;0;0
2015;574,00;0;0;0;0;0
2015;399,00;0;0;0;0;0
2015;195,00;0;0;0;0;0
2015;783,00;1991;306;2341;191;0
2015;263,00;0;0;0;0;0
2015;194,00;0;0;0;0;0
2015;785,00;4692;669;5488;480;1
2015;780,00;0;0;0;0;0
2015;782,00;0;0;0;0;0
2015;369,00;0;0;0;0;0
2015;84,00;0;0;0;0;0
2015;713,00;0;0;0;0;0
2015;941,00;0;0;0;0;0
2015;1091,00;0;0;0;0;0
2015;1045,00;255;112;375;20;0
2015;1086,00;966;404;1391;0;0
2015;937,00;694;219;913;42;0
2015;1004,00;0;1;1;0;0
2015;737,00;1731;465;2204;164;0
2015;765,00;3454;588;4175;216;0
2015;329,00;0;0;0;0;0
2015;87,00;0;0;0;0;0
2015;527,00;0;0;0;0;0
2015;562,00;0;0;0;0;0
2015;251,00;18;21;39;0;0
2015;129,00;0;0;0;0;0
2015;154,00;0;0;0;0;0
2015;516,00;571;341;912;0;0
2015;184,00;0;0;0;0;0
2015;652,00;0;0;0;0;0
2015;637,00;180;38;221;13;0
2015;88,00;0;0;0;0;0
2015;907,00;0;0;0;0;0
2015;970,00;0;0;0;0;0
2015;1019,00;0;0;0;0;0
2015;1016,00;636;389;1042;57;0
2015;1047,00;1186;298;1492;56;0
2015;635,00;1814;629;2464;139;0
