"año";"NCODI";"pacienteTot_med";"sesionTot_med";"pacienteTot_psiquia";"sesionTot_psiquia";"pacienteTot_geria";"sesionTot_geria"
2015;113,00;0;0;229;4381;0;0
2015;619,00;223;708;0;0;0;0
2015;163,00;0;0;0;0;0;0
2015;131,00;0;0;0;0;0;0
2015;375,00;0;0;0;0;0;0
2015;1090,00;14089;50049;854;3417;0;0
2015;764,00;1795;11693;2448;4670;72;148
2015;14,00;860;860;0;0;0;0
2015;657,00;1663;2295;0;0;0;0
2015;362,00;0;0;0;0;0;0
2015;989,00;288;1580;0;0;0;0
2015;990,00;441;2777;0;0;0;0
2015;680,00;37010;58371;0;0;0;0
2015;411,00;289;2193;0;0;0;0
2015;241,00;185;856;0;0;0;0
2015;558,00;7764;61929;0;0;0;0
2015;167,00;0;0;0;0;0;0
2015;248,00;273;1530;0;0;0;0
2015;224,00;0;0;0;0;0;0
2015;591,00;4800;43204;41;1587;0;0
2015;586,00;12933;47980;152;2833;0;0
2015;453,00;337;2782;0;0;0;0
2015;145,00;0;0;0;0;0;0
2015;511,00;16864;18612;0;0;0;0
2015;530,00;4388;35354;0;0;0;0
2015;6,00;0;0;0;0;0;0
2015;161,00;0;0;0;0;0;0
2015;623,00;2381;10930;0;0;0;0
2015;875,00;71;351;0;0;0;0
2015;940,00;0;0;0;0;0;0
2015;946,00;0;0;0;0;0;0
2015;1023,00;5308;34341;0;0;0;0
2015;1054,00;1497;8545;0;0;0;0
2015;1057,00;0;0;0;0;0;0
2015;1031,00;0;0;0;0;0;0
2015;1032,00;5480;27100;0;0;0;0
2015;1064,00;0;0;0;0;0;0
2015;226,00;0;0;0;0;0;0
2015;687,00;973;2545;123;2803;0;0
2015;745,00;3359;10871;1373;21306;0;0
2015;109,00;0;0;0;0;0;0
2015;808,00;0;0;52;5180;0;0
2015;971,00;869;1432;0;0;0;0
2015;128,00;0;0;0;0;0;0
2015;919,00;919;8878;156;1826;0;0
2015;725,00;5622;14974;0;0;0;0
2015;3,00;0;0;0;0;0;0
2015;306,00;0;0;0;0;0;0
2015;15,00;0;0;0;0;0;0
2015;264,00;0;0;0;0;0;0
2015;867,00;0;0;0;0;0;0
2015;910,00;542;4875;0;0;0;0
2015;1053,00;680;5328;0;0;0;0
2015;1055,00;7888;13977;0;0;0;0
2015;1081,00;0;0;0;0;0;0
2015;1099,00;0;0;0;0;0;0
2015;529,00;0;0;0;0;0;0
2015;345,00;0;0;0;0;0;0
2015;515,00;0;0;0;0;0;0
2015;174,00;0;0;0;0;0;0
2015;523,00;0;0;0;0;151;5882
2015;697,00;292;1986;0;0;0;0
2015;239,00;153;1379;0;0;0;0
2015;287,00;0;0;0;0;163;2904
2015;377,00;0;0;0;0;0;0
2015;692,00;1293;7405;74;3152;0;0
2015;335,00;0;0;0;0;0;0
2015;435,00;0;0;0;0;0;0
2015;423,00;0;0;0;0;0;0
2015;351,00;0;0;0;0;0;0
2015;810,00;0;0;0;0;0;0
2015;830,00;6150;12244;0;0;0;0
2015;892,00;3090;25807;138;5074;0;0
2015;921,00;0;0;0;0;0;0
2015;991,00;0;0;0;0;0;0
2015;992,00;441;5391;98;3587;0;0
2015;993,00;3156;10812;35;1878;0;0
2015;1070,00;3936;15747;43;1743;0;0
2015;1095,00;0;0;0;0;0;0
2015;1094,00;65;65;0;0;0;0
2015;473,00;1955;3765;0;0;0;0
2015;663,00;8391;35911;95;1025;0;0
2015;552,00;1488;8177;0;0;0;0
2015;772,00;22033;93351;483;9042;121;7795
2015;568,00;0;0;0;0;0;0
2015;398,00;0;0;0;0;0;0
2015;394,00;0;0;0;0;0;0
2015;614,00;0;0;0;0;0;0
2015;235,00;0;0;0;0;0;0
2015;616,00;2591;7854;0;0;0;0
2015;267,00;0;0;0;0;0;0
2015;565,00;782;1249;0;0;0;0
2015;220,00;170;1677;0;0;0;0
2015;278,00;0;0;0;0;0;0
2015;107,00;0;0;81;3701;114;12922
2015;711,00;19004;75881;1283;12163;0;0
2015;204,00;0;0;0;0;32;5136
2015;579,00;0;0;0;0;0;0
2015;348,00;487;14861;0;0;0;0
2015;766,00;1001;3135;0;0;0;0
2015;761,00;0;0;47;1086;158;11372
2015;728,00;510;2819;0;0;0;0
2015;280,00;497;3748;0;0;0;0
2015;222,00;81;664;0;0;0;0
2015;276,00;897;6932;0;0;0;0
2015;11,00;698;1495;0;0;0;0
2015;302,00;0;0;0;0;0;0
2015;682,00;4475;17746;0;0;0;0
2015;279,00;566;2878;0;0;0;0
2015;282,00;557;7035;0;0;0;0
2015;281,00;452;8251;0;0;0;0
2015;183,00;0;0;0;0;0;0
2015;610,00;0;0;0;0;0;0
2015;116,00;0;0;0;0;232;4683
2015;115,00;0;0;0;0;0;0
2015;114,00;0;0;0;0;0;0
2015;119,00;0;0;0;0;0;0
2015;770,00;8307;24220;45;1849;0;0
2015;583,00;177;9797;0;0;0;0
2015;136,00;0;0;0;0;332;12623
2015;469,00;1555;4918;0;0;22;3490
2015;642,00;271;1823;0;0;112;4872
2015;674,00;2030;9107;213;6836;0;0
2015;193,00;0;0;0;0;78;3511
2015;526,00;5284;22014;0;0;204;6370
2015;698,00;4585;32447;37;1012;0;0
2015;630,00;1851;5645;0;0;0;0
2015;124,00;0;0;0;0;186;7925
2015;364,00;0;0;0;0;183;8157
2015;439,00;354;1574;0;0;0;0
2015;570,00;5558;24719;217;4228;0;0
2015;123,00;0;0;0;0;285;14660
2015;310,00;0;0;230;13323;149;13925
2015;571,00;1052;6786;0;0;0;0
2015;296,00;0;0;0;0;85;5532
2015;566,00;2512;8646;170;8262;0;0
2015;784,00;8199;44164;281;5754;162;4593
2015;102,00;0;0;98;3632;60;5222
2015;379,00;0;0;313;17420;0;0
2015;639,00;4287;10375;0;0;0;0
2015;457,00;1232;1472;0;0;0;0
2015;609,00;171;1631;6;126;0;0
2015;101,00;0;0;0;0;46;3745
2015;454,00;2432;5386;0;0;0;0
2015;318,00;0;0;56;6316;58;4478
2015;600,00;1805;16250;0;0;0;0
2015;545,00;5107;20224;61;4587;71;6673
2015;100,00;0;0;0;0;138;8126
2015;702,00;2120;10092;82;5538;0;0
2015;778,00;1255;7990;120;3613;0;0
2015;341,00;0;0;0;0;0;0
2015;99,00;0;0;0;0;113;8960
2015;767,00;2152;7042;0;0;0;0
2015;359,00;0;0;0;0;1048;6407
2015;98,00;0;0;0;0;85;5736
2015;132,00;0;0;0;0;0;0
2015;97,00;0;0;0;0;78;7235
2015;103,00;0;0;0;0;128;4572
2015;110,00;0;0;0;0;0;0
2015;94,00;0;0;0;0;0;0
2015;91,00;0;0;0;0;89;2575
2015;664,00;5159;21847;158;4836;0;0
2015;918,00;22577;97305;0;0;0;0
2015;92,00;0;0;0;0;0;0
2015;95,00;0;0;0;0;34;4980
2015;96,00;0;0;0;0;0;0
2015;301,00;0;0;0;0;0;0
2015;492,00;1628;4950;0;0;0;0
2015;811,00;52;223;0;0;0;0
2015;812,00;6473;42265;0;0;0;0
2015;832,00;0;0;0;0;0;0
2015;841,00;0;0;0;0;35;5518
2015;856,00;0;0;0;0;72;4998
2015;859,00;0;0;135;7828;0;0
2015;861,00;0;0;0;0;0;0
2015;880,00;0;0;0;0;170;9500
2015;883,00;0;0;62;4531;0;0
2015;884,00;0;0;0;0;87;5373
2015;877,00;0;0;0;0;0;0
2015;911,00;0;0;0;0;224;6874
2015;913,00;0;0;206;4547;0;0
2015;922,00;0;0;0;0;0;0
2015;923,00;0;0;0;0;0;0
2015;924,00;2276;23206;0;0;0;0
2015;947,00;0;0;0;0;0;0
2015;951,00;0;0;0;0;22;5091
2015;1103,00;0;0;0;0;330;7665
2015;972,00;0;0;0;0;0;0
2015;973,00;0;0;0;0;0;0
2015;974,00;0;0;0;0;0;0
2015;975,00;0;0;0;0;53;5825
2015;960,00;0;0;0;0;219;7215
2015;1028,00;0;0;0;0;0;0
2015;976,00;0;0;37;1240;207;7290
2015;977,00;0;0;0;0;0;0
2015;1020,00;0;0;150;2795;0;0
2015;994,00;4044;10297;0;0;0;0
2015;995,00;0;0;0;0;73;6159
2015;1060,00;0;0;161;11078;0;0
2015;1005,00;0;0;0;0;0;0
2015;1061,00;0;0;0;0;0;0
2015;1006,00;0;0;72;4327;0;0
2015;1088,00;0;0;0;0;0;0
2015;1089,00;28;82;0;0;0;0
2015;1076,00;0;0;0;0;0;0
2015;1078,00;0;0;0;0;0;0
2015;1033,00;8655;34541;0;0;0;0
2015;1037,00;0;0;173;7100;0;0
2015;1039,00;0;0;521;31427;0;0
2015;1067,00;0;0;0;0;94;10713
2015;1065,00;0;0;0;0;0;0
2015;1066,00;237;2048;0;0;0;0
2015;1100,00;0;0;0;0;673;5452
2015;1105,00;0;0;0;0;0;0
2015;1107,00;0;0;0;0;0;0
2015;1111,00;0;0;60;2600;0;0
2015;207,00;26;200;0;0;0;0
2015;431,00;0;0;0;0;0;0
2015;387,00;641;3141;0;0;0;0
2015;179,00;0;0;0;0;0;0
2015;606,00;2235;5251;0;0;0;0
2015;925,00;0;29373;0;13745;0;0
2015;541,00;162;945;0;0;0;0
2015;797,00;581;1441;0;0;0;0
2015;627,00;2147;4039;0;0;0;0
2015;173,00;0;0;3;475;0;0
2015;636,00;1654;14887;0;0;220;5042
2015;205,00;0;0;0;0;0;0
2015;814,00;0;0;0;0;0;0
2015;881,00;0;0;0;0;0;0
2015;771,00;5659;47604;0;0;0;0
2015;533,00;556;1446;0;0;0;0
2015;447,00;104;1103;0;0;0;0
2015;815,00;0;0;0;0;0;0
2015;801,00;10610;16592;0;0;0;0
2015;800,00;0;0;0;0;0;0
2015;389,00;0;0;0;0;0;0
2015;695,00;4024;15793;0;0;0;0
2015;816,00;247;1559;0;0;0;0
2015;833,00;287;795;0;0;0;0
2015;870,00;298;1594;0;0;0;0
2015;927,00;43;123;0;0;0;0
2015;961,00;6654;15637;0;0;0;0
2015;962,00;1;8;0;0;0;0
2015;1079,00;0;0;0;0;0;0
2015;1101,00;344;563;0;0;0;0
2015;666,00;730;7364;0;0;0;0
2015;392,00;0;0;0;0;0;0
2015;790,00;1366;17095;446;23241;0;0
2015;650,00;3904;9281;0;0;0;0
2015;876,00;1603;5662;0;0;0;0
2015;944,00;0;0;0;0;0;0
2015;952,00;331;1822;0;0;0;0
2015;54,00;0;0;29;10585;0;0
2015;367,00;112;598;0;0;0;0
2015;538,00;578;11027;38;2418;0;0
2015;557,00;3139;4584;0;0;0;0
2015;653,00;396;1674;0;0;0;0
2015;647,00;318;536;0;0;0;0
2015;978,00;3538;4359;329;3038;0;0
2015;996,00;377;2331;0;0;0;0
2015;729,00;3634;32704;402;37803;0;0
2015;182,00;0;0;0;0;0;0
2015;633,00;0;0;0;0;0;0
2015;685,00;515;2200;101;2101;0;0
2015;683,00;215;1009;0;0;0;0
2015;945,00;0;0;0;0;0;0
2015;953,00;0;0;0;0;0;0
2015;1022,00;0;0;0;0;0;0
2015;1049,00;0;0;0;0;0;0
2015;794,00;40773;47111;2863;2974;0;0
2015;415,00;870;7960;0;0;0;0
2015;592,00;0;0;0;0;0;0
2015;497,00;0;0;0;0;0;0
2015;458,00;0;0;0;0;0;0
2015;726,00;481;9898;219;9144;0;0
2015;272,00;0;0;0;0;0;0
2015;805,00;3241;23640;152;15947;741;2022
2015;5,00;42;49;0;0;0;0
2015;234,00;67;316;0;0;0;0
2015;64,00;0;0;0;0;0;0
2015;842,00;0;0;0;0;0;0
2015;843,00;672;2812;0;0;0;0
2015;803,00;1569;7719;264;1152;0;0
2015;211,00;0;0;0;0;0;0
2015;773,00;3666;8592;0;0;0;0
2015;424,00;0;0;0;0;0;0
2015;298,00;70;492;0;0;0;0
2015;594,00;0;0;0;0;0;0
2015;237,00;0;0;0;0;59;5855
2015;16,00;0;0;0;0;0;0
2015;768,00;439;1371;0;0;61;5555
2015;617,00;1705;6934;0;0;0;0
2015;297,00;0;0;0;0;0;0
2015;105,00;0;0;0;0;57;2314
2015;544,00;0;0;0;0;41;3941
2015;804,00;1168;5270;0;0;0;0
2015;104,00;0;0;156;2541;0;0
2015;20,00;0;0;0;0;0;0
2015;550,00;118;701;0;0;0;0
2015;112,00;0;0;0;0;74;6288
2015;818,00;0;0;0;0;19;7537
2015;882,00;0;0;0;0;55;3977
2015;914,00;0;0;0;0;98;8627
2015;928,00;2924;27890;0;0;0;0
2015;964,00;3216;10649;0;0;0;0
2015;1026,00;0;0;0;0;37;3169
2015;1068,00;0;0;0;0;348;8871
2015;1108,00;386;1190;0;0;0;0
2015;404,00;0;0;0;0;0;0
2015;274,00;124;694;39;2393;0;0
2015;270,00;174;1338;0;0;0;0
2015;676,00;1475;2117;0;0;0;0
2015;709,00;2040;4167;0;0;0;0
2015;754,00;28412;66854;441;13589;0;0
2015;997,00;2249;2249;0;0;0;0
2015;734,00;1417;10014;177;309;625;2404
2015;299,00;372;407;0;0;0;0
2015;645,00;0;0;0;0;0;0
2015;17,00;0;0;0;0;0;0
2015;1046,00;0;0;0;0;0;0
2015;420,00;0;0;0;0;0;0
2015;802,00;0;0;0;0;0;0
2015;266,00;3335;3335;0;0;0;0
2015;137,00;0;0;0;0;0;0
2015;769,00;840;9789;0;0;0;0
2015;776,00;3223;4422;0;0;0;0
2015;640,00;1578;2133;0;0;0;0
2015;315,00;0;0;30;5392;0;0
2015;40,00;0;0;0;0;0;0
2015;508,00;0;0;0;0;0;0
2015;46,00;0;0;0;0;0;0
2015;590,00;2927;4311;0;0;0;0
2015;777,00;463;886;0;0;0;0
2015;897,00;10220;56515;0;0;0;0
2015;965,00;0;0;0;0;0;0
2015;461,00;0;0;0;0;0;0
2015;376,00;0;0;0;0;0;0
2015;621,00;513;1366;0;0;0;0
2015;793,00;3972;15914;18;2580;0;0
2015;1102,00;0;0;0;0;0;0
2015;712,00;1138;6890;0;0;0;0
2015;32,00;0;0;0;0;0;0
2015;361,00;0;0;0;0;172;2418
2015;486,00;0;0;0;0;0;0
2015;595,00;393;3262;0;0;0;0
2015;433,00;0;0;0;0;0;0
2015;1058,00;0;0;0;0;0;0
2015;261,00;0;0;0;0;0;0
2015;730,00;231;2079;157;4874;0;0
2015;577,00;0;1393;0;0;0;0
2015;788,00;2175;20752;0;0;0;0
2015;865,00;0;0;0;0;0;0
2015;979,00;0;0;0;0;0;0
2015;998,00;0;0;0;0;0;0
2015;221,00;1440;2498;0;0;0;0
2015;506,00;0;0;0;0;0;0
2015;727,00;1258;8681;0;0;0;0
2015;355,00;0;0;0;0;0;0
2015;487,00;0;0;0;0;0;0
2015;938,00;1845;12981;65;2925;0;0
2015;886,00;0;0;0;0;0;0
2015;835,00;0;0;0;0;0;0
2015;999,00;0;0;0;0;0;0
2015;798,00;7417;40456;0;0;0;0
2015;504,00;144;698;171;5251;220;4728
2015;247,00;112;533;0;0;0;0
2015;216,00;28;302;0;0;0;0
2015;654,00;0;0;0;0;0;0
2015;65,00;0;0;20;5732;0;0
2015;472,00;336;1295;0;0;31;2270
2015;427,00;0;0;0;0;19;2318
2015;491,00;46;562;0;0;0;0
2015;551,00;452;790;0;0;0;0
2015;106,00;0;0;0;0;0;0
2015;819,00;0;0;0;0;0;0
2015;836,00;0;0;0;0;0;0
2015;915,00;0;0;0;0;52;5796
2015;942,00;0;0;0;0;0;0
2015;748,00;12752;16743;41;8318;0;0
2015;198,00;0;0;0;0;0;0
2015;871,00;852;1294;0;0;0;0
2015;948,00;0;0;0;0;0;0
2015;1051,00;0;0;0;0;0;0
2015;1083,00;0;0;0;0;0;0
2015;1096,00;0;0;0;0;0;0
2015;679,00;604;2827;299;2748;3801;3905
2015;176,00;0;0;0;0;0;0
2015;537,00;0;0;0;0;0;0
2015;608,00;716;3963;0;0;0;0
2015;596,00;2366;4788;0;0;0;0
2015;749,00;11465;36693;3285;3285;0;0
2015;758,00;11160;44656;657;12371;0;0
2015;1104,00;14112;54507;266;7386;88;1388
2015;436,00;132;193;0;0;0;0
2015;567,00;0;0;179;5859;0;0
2015;677,00;4944;27265;67;12573;0;0
2015;670,00;3475;12650;1481;14207;0;0
2015;588,00;2033;6595;0;0;267;2880
2015;753,00;8452;52183;54;2342;0;0
2015;887,00;0;0;0;0;0;0
2015;245,00;0;0;0;0;0;0
2015;603,00;1096;1096;0;0;0;0
2015;426,00;0;0;0;0;0;0
2015;232,00;0;0;0;0;0;0
2015;288,00;272;5404;0;0;0;0
2015;246,00;0;0;0;0;0;0
2015;284,00;0;0;0;0;0;0
2015;18,00;0;0;0;0;0;0
2015;356,00;0;0;279;18346;0;0
2015;401,00;59;3657;0;0;0;0
2015;733,00;27433;80927;1890;14339;0;0
2015;243,00;0;0;0;0;0;0
2015;380,00;0;0;0;0;0;0
2015;716,00;1603;3016;0;0;0;0
2015;534,00;733;2930;0;0;0;0
2015;185,00;0;0;0;0;0;0
2015;258,00;177;987;0;0;0;0
2015;505,00;421;625;0;0;0;0
2015;268,00;227;1444;0;0;0;0
2015;602,00;3031;3665;0;0;0;0
2015;254,00;1247;1530;0;0;0;0
2015;705,00;456;2861;0;0;0;0
2015;133,00;0;0;0;0;0;0
2015;33,00;0;0;15;897;0;0
2015;143,00;0;0;30;1170;0;0
2015;36,00;0;0;52;2204;0;0
2015;756,00;701;4365;0;0;0;0
2015;662,00;6791;10760;473;4355;0;0
2015;192,00;0;0;0;0;0;0
2015;382,00;0;0;0;0;0;0
2015;322,00;0;0;0;0;0;0
2015;478,00;0;0;0;0;0;0
2015;352,00;0;0;0;0;0;0
2015;628,00;1269;8886;0;0;0;0
2015;291,00;0;0;144;11529;0;0
2015;495,00;0;0;0;0;0;0
2015;845,00;4469;7319;705;6843;0;0
2015;498,00;567;728;0;0;0;0
2015;314,00;0;0;0;0;0;0
2015;720,00;3929;4181;0;0;0;0
2015;721,00;3381;12014;50;5089;378;2779
2015;485,00;3651;4128;719;886;0;0
2015;273,00;1505;10175;0;0;0;0
2015;846,00;9410;23316;11;133;0;0
2015;847,00;0;0;0;0;0;0
2015;848,00;2327;5033;0;0;0;0
2015;916,00;1269;7908;0;0;0;0
2015;930,00;521;1612;0;0;0;0
2015;954,00;5177;17339;0;0;0;0
2015;943,00;1302;1493;0;0;0;0
2015;949,00;21188;77469;398;10525;88;1433
2015;980,00;492;3766;0;0;0;0
2015;981,00;461;594;0;0;0;0
2015;1024,00;1264;12061;0;0;0;0
2015;1017,00;22;1058;0;0;0;0
2015;1000,00;5136;14382;0;0;0;0
2015;1018,00;11223;18031;0;0;3;5
2015;1001,00;0;0;0;0;0;0
2015;1007,00;19633;27618;842;4273;0;0
2015;1008,00;11949;14791;0;0;0;0
2015;1009,00;8967;23318;104;7603;0;0
2015;1010,00;5710;6926;0;0;0;0
2015;1011,00;4015;5599;0;0;0;0
2015;1012,00;5153;12395;0;0;0;0
2015;1013,00;26712;36898;224;2840;0;0
2015;1041,00;0;0;0;0;0;0
2015;1073,00;4910;22495;153;2342;0;0
2015;1087,00;9190;17852;0;0;0;0
2015;1109,00;4666;8186;0;0;0;0
2015;1110,00;701;1487;0;0;0;0
2015;1112,00;252;336;0;0;0;0
2015;789,00;0;0;0;0;0;0
2015;326,00;0;0;0;0;0;0
2015;442,00;1075;1075;0;0;0;0
2015;294,00;179;816;0;0;0;0
2015;378,00;23;64;0;0;0;0
2015;402,00;0;0;0;0;0;0
2015;29,00;0;0;0;0;0;0
2015;450,00;;;0;0;0;0
2015;656,00;1657;5379;133;3242;0;0
2015;333,00;415;3737;0;0;0;0
2015;668,00;671;1901;0;0;0;0
2015;684,00;294;1929;45;4140;0;0
2015;422,00;215;254;0;0;0;0
2015;763,00;10429;27046;0;0;0;0
2015;741,00;12428;17791;100;6788;0;0
2015;553,00;1615;8488;0;0;0;0
2015;357,00;0;0;0;0;0;0
2015;899,00;0;0;0;0;0;0
2015;900,00;0;0;0;0;0;0
2015;932,00;0;0;0;0;0;0
2015;950,00;0;0;0;0;0;0
2015;966,00;0;0;0;0;0;0
2015;967,00;104;650;0;0;0;0
2015;982,00;772;2260;0;0;0;0
2015;1014,00;85;85;0;0;0;0
2015;1048,00;0;0;0;0;0;0
2015;1080,00;386;2278;0;0;0;0
2015;1074,00;172;687;0;0;0;0
2015;1084,00;1534;1734;0;0;0;0
2015;1113,00;90;180;0;0;0;0
2015;722,00;3782;22290;0;0;0;0
2015;660,00;3070;6538;0;0;0;0
2015;75,00;0;0;144;7365;0;0
2015;249,00;368;533;0;0;0;0
2015;275,00;0;0;0;0;0;0
2015;227,00;0;0;0;0;0;0
2015;150,00;0;0;0;0;0;0
2015;47,00;0;0;0;0;0;0
2015;172,00;22;95;0;0;0;0
2015;581,00;80;1913;0;0;0;0
2015;120,00;0;0;0;0;0;0
2015;445,00;0;0;0;0;0;0
2015;471,00;0;0;0;0;0;0
2015;53,00;0;0;0;0;0;0
2015;199,00;0;0;0;0;0;0
2015;575,00;455;2963;0;0;0;0
2015;528,00;227;418;0;0;0;0
2015;631,00;764;5200;0;0;0;0
2015;699,00;2239;21230;0;0;0;0
2015;823,00;0;0;0;0;0;0
2015;849,00;0;0;0;0;0;0
2015;869,00;0;0;0;0;0;0
2015;955,00;0;0;0;0;0;0
2015;983,00;0;0;0;0;0;0
2015;1002,00;0;0;0;0;0;0
2015;1015,00;3119;18260;0;0;0;0
2015;51,00;0;0;76;5383;0;0
2015;441,00;0;0;0;0;0;0
2015;327,00;0;0;18;4146;16;3972
2015;690,00;1499;9132;0;0;0;0
2015;262,00;80;503;0;0;0;0
2015;403,00;0;0;0;0;0;0
2015;312,00;0;0;11;2044;0;0
2015;589,00;53;475;0;0;0;0
2015;665,00;0;0;0;0;0;0
2015;334,00;0;0;0;0;0;0
2015;1075,00;6069;40900;655;26784;0;0
2015;751,00;1898;15529;43;4339;0;0
2015;186,00;0;0;0;0;0;0
2015;646,00;709;1389;0;0;0;0
2015;536,00;119;778;0;0;0;0
2015;242,00;0;0;0;0;0;0
2015;490,00;0;105;0;0;37;1168
2015;500,00;196;1654;0;0;0;0
2015;206,00;0;0;0;0;0;0
2015;58,00;0;0;0;0;0;0
2015;572,00;3568;10179;12;406;0;0
2015;180,00;0;0;0;0;0;0
2015;549,00;24;228;0;0;0;0
2015;582,00;189;3088;0;0;0;0
2015;743,00;4603;16162;0;0;0;0
2015;795,00;0;0;0;0;0;0
2015;269,00;0;0;0;0;0;0
2015;634,00;2298;2298;0;0;0;0
2015;1,00;85;465;0;0;0;0
2015;717,00;194;2331;26;6188;0;0
2015;373,00;0;0;0;0;0;0
2015;535,00;487;2453;30;4199;0;0
2015;824,00;12900;51600;30;1168;0;0
2015;888,00;0;0;0;0;0;0
2015;902,00;0;0;0;0;0;0
2015;968,00;0;0;0;0;0;0
2015;346,00;0;0;0;0;0;0
2015;27,00;0;0;0;0;0;0
2015;165,00;27;175;0;0;0;0
2015;956,00;1563;10909;51;2255;0;0
2015;413,00;0;0;0;0;0;0
2015;149,00;0;0;0;0;0;0
2015;612,00;139;866;0;0;0;0
2015;559,00;0;0;0;0;0;0
2015;7,00;0;0;0;0;0;0
2015;283,00;40;196;0;0;0;0
2015;37,00;0;0;0;0;0;0
2015;153,00;0;0;0;0;0;0
2015;547,00;904;10986;0;0;0;0
2015;397,00;0;0;0;0;1031;14427
2015;556,00;181;6219;0;0;0;0
2015;42,00;0;0;0;0;0;0
2015;31,00;0;0;0;0;144;2880
2015;740,00;7138;11786;56;3183;0;0
2015;217,00;0;0;0;0;0;0
2015;863,00;0;0;0;0;0;0
2015;889,00;2812;17749;0;0;0;0
2015;984,00;0;0;0;0;0;0
2015;1106,00;0;0;0;0;0;0
2015;34,00;0;0;0;0;0;0
2015;791,00;0;0;0;0;0;0
2015;181,00;64;529;0;0;0;0
2015;430,00;0;0;0;0;0;0
2015;715,00;453;2312;0;0;0;0
2015;521,00;0;0;0;0;0;0
2015;524,00;196;1058;0;0;0;0
2015;432,00;0;0;0;0;0;0
2015;19,00;0;0;0;0;0;0
2015;25,00;0;0;0;0;0;0
2015;26,00;0;0;0;0;0;0
2015;890,00;406;5151;56;4106;0;0
2015;904,00;80;212;0;0;0;0
2015;957,00;2925;40663;91;8615;0;0
2015;939,00;2403;24100;277;3656;0;0
2015;236,00;3078;3929;0;0;0;0
2015;735,00;4557;18116;1227;10002;0;0
2015;146,00;0;0;0;0;0;0
2015;363,00;0;0;0;0;0;0
2015;187,00;0;0;0;0;0;0
2015;265,00;0;0;0;0;0;0
2015;295,00;28;55;0;0;0;0
2015;496,00;0;0;0;0;0;0
2015;77,00;0;0;0;0;0;0
2015;391,00;0;0;0;0;0;0
2015;240,00;0;0;0;0;0;0
2015;448,00;0;0;0;0;0;0
2015;151,00;0;0;0;0;0;0
2015;425,00;0;0;0;0;0;0
2015;300,00;0;0;0;0;0;0
2015;339,00;0;0;0;0;0;0
2015;826,00;0;0;0;0;0;0
2015;874,00;662;6164;0;0;0;0
2015;905,00;2886;20663;0;0;0;0
2015;736,00;10685;34403;212;5598;0;0
2015;459,00;0;0;0;0;0;0
2015;320,00;0;0;0;0;10;2081
2015;45,00;0;0;206;23099;84;11765
2015;618,00;1912;4572;0;0;0;0
2015;463,00;3008;14659;140;2499;0;0
2015;891,00;0;0;0;0;0;0
2015;958,00;2293;7003;0;0;75;2034
2015;244,00;17;88;0;0;0;0
2015;28,00;0;0;0;0;0;0
2015;444,00;52;52;0;0;0;0
2015;479,00;0;0;0;0;0;0
2015;285,00;249;1191;0;0;0;0
2015;253,00;0;0;0;0;0;0
2015;481,00;0;0;0;0;0;0
2015;540,00;0;0;0;0;0;0
2015;332,00;0;0;0;0;0;0
2015;41,00;0;0;0;0;0;0
2015;510,00;56;277;0;0;0;0
2015;305,00;26;129;0;0;0;0
2015;708,00;2661;3402;0;0;0;0
2015;755,00;38976;50547;197;4422;0;0
2015;750,00;6503;11807;2246;6362;0;0
2015;696,00;3199;15196;0;0;0;0
2015;434,00;1617;2224;0;0;0;0
2015;421,00;0;0;0;0;0;0
2015;827,00;0;0;0;0;0;0
2015;933,00;569;978;0;0;0;0
2015;1030,00;71;408;0;0;0;0
2015;1003,00;1465;2063;0;0;0;0
2015;1050,00;576;1020;0;0;0;0
2015;1043,00;0;0;0;0;0;0
2015;934,00;695;4747;0;0;0;0
2015;629,00;5903;20988;5;113;0;0
2015;21,00;0;0;0;0;1177;23059
2015;615,00;0;0;0;0;0;0
2015;626,00;0;0;0;0;0;0
2015;417,00;380;1502;0;0;0;0
2015;597,00;1172;1501;0;0;20;1543
2015;539,00;4039;18523;0;0;86;3761
2015;343,00;0;0;0;0;0;0
2015;135,00;0;0;0;0;0;0
2015;158,00;0;0;208;11413;71;5100
2015;775,00;3501;13390;0;0;0;0
2015;177,00;0;0;0;0;244;12226
2015;578,00;0;0;0;0;0;0
2015;416,00;0;0;0;0;30;3475
2015;561,00;2713;4636;0;0;196;2417
2015;62,00;0;0;0;0;53;5845
2015;828,00;0;0;0;0;45;6396
2015;860,00;0;0;0;0;0;0
2015;935,00;0;0;0;0;20;5516
2015;936,00;0;0;0;0;0;0
2015;986,00;0;0;40;6539;0;0
2015;987,00;0;0;0;0;0;0
2015;1021,00;0;0;0;0;0;0
2015;1085,00;0;0;0;0;0;0
2015;658,00;1691;2960;0;0;0;0
2015;353,00;0;0;0;0;578;3452
2015;323,00;0;0;54;4461;0;0
2015;620,00;184;2250;0;0;0;0
2015;384,00;284;1769;0;0;0;0
2015;554,00;1070;8561;138;2374;0;0
2015;209,00;0;0;0;0;0;0
2015;707,00;2792;19541;53;3729;101;1516
2015;395,00;0;0;0;0;0;0
2015;969,00;131;634;0;0;0;0
2015;1052,00;0;0;0;0;0;0
2015;739,00;1395;12340;227;11479;0;0
2015;613,00;3698;20408;0;0;0;0
2015;593,00;8522;14479;0;0;0;0
2015;704,00;13414;40244;0;0;0;0
2015;493,00;0;0;0;0;0;0
2015;686,00;8057;33215;0;0;0;0
2015;257,00;0;0;0;0;0;0
2015;494,00;0;0;0;0;0;0
2015;681,00;1751;14670;0;0;0;0
2015;286,00;0;0;0;0;0;0
2015;255,00;459;3768;0;0;0;0
2015;79,00;0;0;0;0;0;0
2015;81,00;0;0;0;0;0;0
2015;688,00;3198;7788;0;0;0;0
2015;531,00;2446;21386;0;0;0;0
2015;514,00;531;1143;0;0;0;0
2015;499,00;0;0;0;0;0;0
2015;532,00;475;7264;0;0;0;0
2015;190,00;0;0;0;0;0;0
2015;598,00;2651;5373;0;0;0;0
2015;260,00;0;0;0;0;0;0
2015;838,00;0;0;0;0;0;0
2015;839,00;0;0;0;0;0;0
2015;851,00;0;0;0;0;0;0
2015;852,00;1456;11737;87;490;0;0
2015;988,00;93;5167;375;5460;0;0
2015;1056,00;1374;5111;0;0;0;0
2015;1044,00;0;0;0;0;0;0
2015;1114,00;422;717;0;0;0;0
2015;644,00;3692;15489;60;9687;0;0
2015;752,00;4185;14975;854;17358;0;0
2015;238,00;280;460;0;0;0;0
2015;325,00;0;0;;;;
2015;622,00;264;1100;0;0;0;0
2015;879,00;0;0;0;0;0;0
2015;906,00;177;1380;0;0;0;0
2015;370,00;0;0;0;0;0;0
2015;418,00;0;0;0;0;0;0
2015;574,00;0;0;0;0;0;0
2015;399,00;0;0;0;0;0;0
2015;195,00;0;0;0;0;0;0
2015;783,00;15838;36949;0;0;0;0
2015;263,00;560;5018;0;0;0;0
2015;194,00;0;0;0;0;0;0
2015;785,00;8905;51258;0;0;0;0
2015;780,00;2809;3729;0;0;0;0
2015;782,00;2288;14053;110;1680;0;0
2015;369,00;0;0;0;0;0;0
2015;84,00;0;0;0;0;0;0
2015;713,00;0;0;0;0;0;0
2015;941,00;0;0;12;257;0;0
2015;1091,00;0;0;711;99999;0;0
2015;1045,00;69;2427;0;0;0;0
2015;1086,00;1538;6115;0;0;0;0
2015;937,00;1375;7395;58;2874;0;0
2015;1004,00;34;268;0;0;0;0
2015;737,00;1058;9526;187;5521;0;0
2015;765,00;11892;43311;0;0;0;0
2015;329,00;1461;4473;0;0;0;0
2015;87,00;0;0;0;0;0;0
2015;527,00;0;0;0;0;461;3998
2015;562,00;0;0;0;0;0;0
2015;251,00;0;0;0;0;0;0
2015;129,00;0;0;0;0;0;0
2015;154,00;0;0;0;0;492;5228
2015;516,00;3800;4180;0;0;0;0
2015;184,00;0;0;0;0;0;0
2015;652,00;0;0;0;0;0;0
2015;637,00;579;1990;0;0;0;0
2015;88,00;0;0;0;0;0;0
2015;907,00;0;0;0;0;0;0
2015;970,00;0;0;70;2785;0;0
2015;1019,00;0;0;0;0;0;0
2015;1016,00;0;0;0;0;0;0
2015;1047,00;581;5227;0;0;0;0
2015;635,00;674;2698;9;361;0;0
