"año";"NCODI";"pacienteTot_hospDom";"visitaTot_hospDom"
2015;113,00;0;0
2015;619,00;0;0
2015;163,00;0;0
2015;131,00;0;0
2015;375,00;0;0
2015;1090,00;1064;16075
2015;764,00;0;0
2015;14,00;0;0
2015;657,00;0;0
2015;362,00;0;0
2015;989,00;0;0
2015;990,00;0;0
2015;680,00;2773;25466
2015;411,00;0;0
2015;241,00;0;0
2015;558,00;1430;12546
2015;167,00;0;0
2015;248,00;0;0
2015;224,00;0;0
2015;591,00;517;10764
2015;586,00;3754;13692
2015;453,00;0;0
2015;145,00;0;0
2015;511,00;2505;13196
2015;530,00;1445;7666
2015;6,00;0;0
2015;161,00;0;0
2015;623,00;1142;13488
2015;875,00;0;0
2015;940,00;0;0
2015;946,00;0;0
2015;1023,00;846;10069
2015;1054,00;1071;15389
2015;1057,00;0;0
2015;1031,00;0;0
2015;1032,00;1033;11509
2015;1064,00;0;0
2015;226,00;0;0
2015;687,00;0;0
2015;745,00;230;973
2015;109,00;0;0
2015;808,00;0;0
2015;971,00;0;0
2015;128,00;0;0
2015;919,00;212;1516
2015;725,00;0;0
2015;3,00;0;0
2015;306,00;0;0
2015;15,00;0;0
2015;264,00;0;0
2015;867,00;0;0
2015;910,00;0;0
2015;1053,00;0;0
2015;1055,00;0;0
2015;1081,00;0;0
2015;1099,00;0;0
2015;529,00;0;0
2015;345,00;0;0
2015;515,00;0;0
2015;174,00;0;0
2015;523,00;0;0
2015;697,00;0;0
2015;239,00;0;0
2015;287,00;88;1495
2015;377,00;0;0
2015;692,00;445;5617
2015;335,00;0;0
2015;435,00;0;0
2015;423,00;0;0
2015;351,00;0;0
2015;810,00;0;0
2015;830,00;0;0
2015;892,00;0;0
2015;921,00;0;0
2015;991,00;0;0
2015;992,00;57;1071
2015;993,00;0;0
2015;1070,00;647;5098
2015;1095,00;0;0
2015;1094,00;0;0
2015;473,00;0;0
2015;663,00;148;173
2015;552,00;0;0
2015;772,00;560;6720
2015;568,00;0;0
2015;398,00;0;0
2015;394,00;0;0
2015;614,00;0;0
2015;235,00;0;0
2015;616,00;512;5214
2015;267,00;0;0
2015;565,00;0;0
2015;220,00;0;0
2015;278,00;0;0
2015;107,00;421;4531
2015;711,00;0;0
2015;204,00;0;0
2015;579,00;0;0
2015;348,00;0;0
2015;766,00;0;0
2015;761,00;137;1748
2015;728,00;0;0
2015;280,00;0;0
2015;222,00;0;0
2015;276,00;0;0
2015;11,00;0;0
2015;302,00;0;0
2015;682,00;0;0
2015;279,00;0;0
2015;282,00;0;0
2015;281,00;272;5843
2015;183,00;0;0
2015;610,00;0;0
2015;116,00;0;0
2015;115,00;0;0
2015;114,00;68;442
2015;119,00;0;0
2015;770,00;971;14825
2015;583,00;363;3336
2015;136,00;251;2974
2015;469,00;47;1504
2015;642,00;472;5690
2015;674,00;120;370
2015;193,00;0;0
2015;526,00;0;0
2015;698,00;654;9392
2015;630,00;0;0
2015;124,00;0;0
2015;364,00;0;0
2015;439,00;0;0
2015;570,00;475;6265
2015;123,00;0;0
2015;310,00;328;3592
2015;571,00;0;0
2015;296,00;0;0
2015;566,00;245;2013
2015;784,00;846;11849
2015;102,00;0;0
2015;379,00;0;0
2015;639,00;381;3397
2015;457,00;136;136
2015;609,00;0;0
2015;101,00;0;0
2015;454,00;0;0
2015;318,00;0;0
2015;600,00;296;1717
2015;545,00;340;396
2015;100,00;0;0
2015;702,00;384;5013
2015;778,00;396;1645
2015;341,00;0;0
2015;99,00;787;6070
2015;767,00;657;4875
2015;359,00;0;0
2015;98,00;0;0
2015;132,00;0;0
2015;97,00;0;0
2015;103,00;0;0
2015;110,00;0;0
2015;94,00;0;0
2015;91,00;0;0
2015;664,00;417;5958
2015;918,00;960;13449
2015;92,00;0;0
2015;95,00;0;0
2015;96,00;0;0
2015;301,00;0;0
2015;492,00;0;0
2015;811,00;0;0
2015;812,00;0;0
2015;832,00;0;0
2015;841,00;0;0
2015;856,00;0;0
2015;859,00;0;0
2015;861,00;0;0
2015;880,00;0;0
2015;883,00;0;0
2015;884,00;0;0
2015;877,00;0;0
2015;911,00;0;0
2015;913,00;0;0
2015;922,00;0;0
2015;923,00;0;0
2015;924,00;0;0
2015;947,00;0;0
2015;951,00;0;0
2015;1103,00;0;0
2015;972,00;0;0
2015;973,00;0;0
2015;974,00;0;0
2015;975,00;0;0
2015;960,00;150;1016
2015;1028,00;0;0
2015;976,00;249;294
2015;977,00;0;0
2015;1020,00;0;0
2015;994,00;0;0
2015;995,00;0;0
2015;1060,00;0;0
2015;1005,00;0;0
2015;1061,00;0;0
2015;1006,00;0;0
2015;1088,00;0;0
2015;1089,00;0;0
2015;1076,00;0;0
2015;1078,00;0;0
2015;1033,00;587;6153
2015;1037,00;0;0
2015;1039,00;0;0
2015;1067,00;0;0
2015;1065,00;0;0
2015;1066,00;0;0
2015;1100,00;0;0
2015;1105,00;0;0
2015;1107,00;0;0
2015;1111,00;0;0
2015;207,00;0;0
2015;431,00;0;0
2015;387,00;0;0
2015;179,00;0;0
2015;606,00;0;0
2015;925,00;927;11221
2015;541,00;0;0
2015;797,00;0;0
2015;627,00;0;0
2015;173,00;0;0
2015;636,00;0;0
2015;205,00;0;0
2015;814,00;0;0
2015;881,00;0;0
2015;771,00;180;1050
2015;533,00;556;1038
2015;447,00;0;0
2015;815,00;0;0
2015;801,00;0;0
2015;800,00;0;0
2015;389,00;0;0
2015;695,00;202;750
2015;816,00;0;0
2015;833,00;0;0
2015;870,00;0;0
2015;927,00;0;0
2015;961,00;277;1583
2015;962,00;0;0
2015;1079,00;0;0
2015;1101,00;0;0
2015;666,00;1219;11022
2015;392,00;0;0
2015;790,00;520;13648
2015;650,00;627;1670
2015;876,00;1157;13100
2015;944,00;0;0
2015;952,00;0;0
2015;54,00;0;0
2015;367,00;0;0
2015;538,00;0;0
2015;557,00;0;0
2015;653,00;0;0
2015;647,00;0;0
2015;978,00;0;0
2015;996,00;0;0
2015;729,00;0;0
2015;182,00;0;0
2015;633,00;0;0
2015;685,00;0;0
2015;683,00;0;0
2015;945,00;0;0
2015;953,00;0;0
2015;1022,00;0;0
2015;1049,00;0;0
2015;794,00;1085;14805
2015;415,00;73;541
2015;592,00;0;0
2015;497,00;0;0
2015;458,00;58;4972
2015;726,00;172;3262
2015;272,00;0;0
2015;805,00;701;1402
2015;5,00;0;0
2015;234,00;0;0
2015;64,00;0;0
2015;842,00;347;4445
2015;843,00;255;4370
2015;803,00;0;0
2015;211,00;0;0
2015;773,00;0;0
2015;424,00;0;0
2015;298,00;0;0
2015;594,00;0;0
2015;237,00;0;0
2015;16,00;0;0
2015;768,00;0;0
2015;617,00;0;0
2015;297,00;0;0
2015;105,00;0;0
2015;544,00;0;0
2015;804,00;0;0
2015;104,00;0;0
2015;20,00;0;0
2015;550,00;342;3597
2015;112,00;0;0
2015;818,00;0;0
2015;882,00;0;0
2015;914,00;0;0
2015;928,00;0;0
2015;964,00;0;0
2015;1026,00;0;0
2015;1068,00;0;0
2015;1108,00;0;0
2015;404,00;195;1644
2015;274,00;0;0
2015;270,00;0;0
2015;676,00;0;0
2015;709,00;0;0
2015;754,00;0;0
2015;997,00;0;0
2015;734,00;4;8
2015;299,00;0;0
2015;645,00;0;0
2015;17,00;0;0
2015;1046,00;0;0
2015;420,00;0;0
2015;802,00;0;0
2015;266,00;0;0
2015;137,00;0;0
2015;769,00;0;0
2015;776,00;475;7093
2015;640,00;823;7110
2015;315,00;0;0
2015;40,00;0;0
2015;508,00;342;4370
2015;46,00;0;0
2015;590,00;919;15319
2015;777,00;1075;18188
2015;897,00;2357;26134
2015;965,00;0;0
2015;461,00;0;0
2015;376,00;0;0
2015;621,00;0;0
2015;793,00;378;911
2015;1102,00;0;0
2015;712,00;0;0
2015;32,00;0;0
2015;361,00;0;0
2015;486,00;0;0
2015;595,00;0;0
2015;433,00;0;0
2015;1058,00;0;0
2015;261,00;0;0
2015;730,00;0;0
2015;577,00;0;0
2015;788,00;0;0
2015;865,00;0;0
2015;979,00;0;0
2015;998,00;0;0
2015;221,00;0;0
2015;506,00;0;0
2015;727,00;228;1583
2015;355,00;0;0
2015;487,00;0;0
2015;938,00;0;0
2015;886,00;0;0
2015;835,00;0;0
2015;999,00;0;0
2015;798,00;1135;9692
2015;504,00;0;0
2015;247,00;0;0
2015;216,00;0;0
2015;654,00;141;392
2015;65,00;0;0
2015;472,00;0;0
2015;427,00;0;0
2015;491,00;0;0
2015;551,00;0;0
2015;106,00;0;0
2015;819,00;0;0
2015;836,00;0;0
2015;915,00;0;0
2015;942,00;0;0
2015;748,00;1665;24776
2015;198,00;0;0
2015;871,00;702;9188
2015;948,00;0;0
2015;1051,00;0;0
2015;1083,00;0;0
2015;1096,00;0;0
2015;679,00;569;8614
2015;176,00;0;0
2015;537,00;0;0
2015;608,00;258;6579
2015;596,00;0;0
2015;749,00;0;0
2015;758,00;256;509
2015;1104,00;1696;16631
2015;436,00;0;0
2015;567,00;0;0
2015;677,00;188;1685
2015;670,00;111;1791
2015;588,00;583;4676
2015;753,00;270;2723
2015;887,00;0;0
2015;245,00;0;0
2015;603,00;0;0
2015;426,00;0;0
2015;232,00;0;0
2015;288,00;0;0
2015;246,00;0;0
2015;284,00;0;0
2015;18,00;0;0
2015;356,00;0;0
2015;401,00;2;68
2015;733,00;0;0
2015;243,00;0;0
2015;380,00;0;0
2015;716,00;0;0
2015;534,00;0;0
2015;185,00;0;0
2015;258,00;0;0
2015;505,00;0;0
2015;268,00;0;0
2015;602,00;0;0
2015;254,00;0;0
2015;705,00;0;0
2015;133,00;0;0
2015;33,00;0;0
2015;143,00;0;0
2015;36,00;0;0
2015;756,00;0;0
2015;662,00;55;2272
2015;192,00;0;0
2015;382,00;0;0
2015;322,00;0;0
2015;478,00;0;0
2015;352,00;0;0
2015;628,00;0;0
2015;291,00;0;0
2015;495,00;0;0
2015;845,00;289;3978
2015;498,00;0;0
2015;314,00;0;0
2015;720,00;0;0
2015;721,00;0;0
2015;485,00;0;0
2015;273,00;0;0
2015;846,00;0;0
2015;847,00;0;0
2015;848,00;2;63
2015;916,00;0;0
2015;930,00;0;0
2015;954,00;0;0
2015;943,00;69;151
2015;949,00;292;2540
2015;980,00;0;0
2015;981,00;0;0
2015;1024,00;0;0
2015;1017,00;60;385
2015;1000,00;0;0
2015;1018,00;0;0
2015;1001,00;0;0
2015;1007,00;0;0
2015;1008,00;0;0
2015;1009,00;316;3582
2015;1010,00;0;0
2015;1011,00;0;0
2015;1012,00;0;0
2015;1013,00;0;0
2015;1041,00;0;0
2015;1073,00;526;6022
2015;1087,00;0;0
2015;1109,00;0;0
2015;1110,00;0;0
2015;1112,00;0;0
2015;789,00;0;0
2015;326,00;0;0
2015;442,00;0;0
2015;294,00;0;0
2015;378,00;0;0
2015;402,00;0;0
2015;29,00;0;0
2015;450,00;0;0
2015;656,00;0;0
2015;333,00;0;0
2015;668,00;0;0
2015;684,00;0;0
2015;422,00;0;0
2015;763,00;785;6066
2015;741,00;0;0
2015;553,00;0;0
2015;357,00;0;0
2015;899,00;0;0
2015;900,00;0;0
2015;932,00;0;0
2015;950,00;0;0
2015;966,00;0;0
2015;967,00;1126;3901
2015;982,00;0;0
2015;1014,00;0;0
2015;1048,00;0;0
2015;1080,00;0;0
2015;1074,00;0;0
2015;1084,00;0;0
2015;1113,00;0;0
2015;722,00;278;6915
2015;660,00;243;1626
2015;75,00;71;2113
2015;249,00;0;0
2015;275,00;0;0
2015;227,00;0;0
2015;150,00;0;0
2015;47,00;0;0
2015;172,00;0;0
2015;581,00;0;0
2015;120,00;0;0
2015;445,00;0;0
2015;471,00;0;0
2015;53,00;0;0
2015;199,00;0;0
2015;575,00;0;0
2015;528,00;0;0
2015;631,00;0;0
2015;699,00;0;0
2015;823,00;0;0
2015;849,00;0;0
2015;869,00;0;0
2015;955,00;0;0
2015;983,00;0;0
2015;1002,00;0;0
2015;1015,00;0;0
2015;51,00;0;0
2015;441,00;0;0
2015;327,00;0;0
2015;690,00;0;0
2015;262,00;0;0
2015;403,00;0;0
2015;312,00;0;0
2015;589,00;255;0
2015;665,00;574;5886
2015;334,00;0;0
2015;1075,00;903;8107
2015;751,00;1077;15101
2015;186,00;0;0
2015;646,00;35;320
2015;536,00;0;0
2015;242,00;0;0
2015;490,00;0;0
2015;500,00;0;0
2015;206,00;0;0
2015;58,00;0;0
2015;572,00;392;20016
2015;180,00;0;0
2015;549,00;0;0
2015;582,00;0;0
2015;743,00;478;8064
2015;795,00;0;0
2015;269,00;2;8
2015;634,00;0;0
2015;1,00;0;0
2015;717,00;0;0
2015;373,00;0;0
2015;535,00;0;0
2015;824,00;0;0
2015;888,00;0;0
2015;902,00;0;0
2015;968,00;0;0
2015;346,00;0;0
2015;27,00;0;0
2015;165,00;0;0
2015;956,00;150;1254
2015;413,00;0;0
2015;149,00;0;0
2015;612,00;0;0
2015;559,00;0;0
2015;7,00;0;0
2015;283,00;0;0
2015;37,00;0;0
2015;153,00;0;0
2015;547,00;165;2154
2015;397,00;0;0
2015;556,00;0;0
2015;42,00;0;0
2015;31,00;0;0
2015;740,00;157;2644
2015;217,00;0;0
2015;863,00;0;0
2015;889,00;624;9670
2015;984,00;0;0
2015;1106,00;0;0
2015;34,00;0;0
2015;791,00;0;0
2015;181,00;0;0
2015;430,00;0;0
2015;715,00;1142;9878
2015;521,00;0;0
2015;524,00;0;0
2015;432,00;0;0
2015;19,00;0;0
2015;25,00;0;0
2015;26,00;0;0
2015;890,00;457;4140
2015;904,00;247;1850
2015;957,00;700;11556
2015;939,00;0;0
2015;236,00;0;0
2015;735,00;311;3379
2015;146,00;0;0
2015;363,00;0;0
2015;187,00;0;0
2015;265,00;0;0
2015;295,00;0;0
2015;496,00;0;0
2015;77,00;0;0
2015;391,00;0;0
2015;240,00;0;0
2015;448,00;0;0
2015;151,00;0;0
2015;425,00;0;0
2015;300,00;11;31
2015;339,00;0;0
2015;826,00;0;0
2015;874,00;0;0
2015;905,00;156;2408
2015;736,00;1520;20372
2015;459,00;0;0
2015;320,00;0;0
2015;45,00;0;0
2015;618,00;236;21316
2015;463,00;0;0
2015;891,00;0;0
2015;958,00;0;0
2015;244,00;0;0
2015;28,00;0;0
2015;444,00;0;0
2015;479,00;0;0
2015;285,00;0;0
2015;253,00;0;0
2015;481,00;0;0
2015;540,00;1802;1802
2015;332,00;0;0
2015;41,00;0;0
2015;510,00;0;0
2015;305,00;0;0
2015;708,00;0;0
2015;755,00;2202;11294
2015;750,00;2241;7476
2015;696,00;0;0
2015;434,00;0;0
2015;421,00;0;0
2015;827,00;0;0
2015;933,00;0;0
2015;1030,00;0;0
2015;1003,00;0;0
2015;1050,00;0;0
2015;1043,00;0;0
2015;934,00;0;0
2015;629,00;915;11186
2015;21,00;0;0
2015;615,00;0;0
2015;626,00;0;0
2015;417,00;0;0
2015;597,00;0;0
2015;539,00;0;0
2015;343,00;0;0
2015;135,00;0;0
2015;158,00;0;0
2015;775,00;386;3081
2015;177,00;0;0
2015;578,00;0;0
2015;416,00;0;0
2015;561,00;311;1933
2015;62,00;0;0
2015;828,00;0;0
2015;860,00;0;0
2015;935,00;0;0
2015;936,00;0;0
2015;986,00;0;0
2015;987,00;0;0
2015;1021,00;0;0
2015;1085,00;0;0
2015;658,00;0;0
2015;353,00;0;0
2015;323,00;0;0
2015;620,00;263;2072
2015;384,00;0;0
2015;554,00;0;0
2015;209,00;0;0
2015;707,00;0;0
2015;395,00;0;0
2015;969,00;0;0
2015;1052,00;0;0
2015;739,00;5365;42826
2015;613,00;2090;17928
2015;593,00;1013;3662
2015;704,00;1431;14894
2015;493,00;0;0
2015;686,00;2038;16565
2015;257,00;0;0
2015;494,00;0;0
2015;681,00;550;29324
2015;286,00;0;0
2015;255,00;0;0
2015;79,00;0;0
2015;81,00;0;0
2015;688,00;667;8845
2015;531,00;1996;17270
2015;514,00;381;2750
2015;499,00;0;0
2015;532,00;1224;8704
2015;190,00;0;0
2015;598,00;0;0
2015;260,00;0;0
2015;838,00;0;0
2015;839,00;0;0
2015;851,00;0;0
2015;852,00;1066;7037
2015;988,00;0;0
2015;1056,00;862;5997
2015;1044,00;0;0
2015;1114,00;434;1775
2015;644,00;404;7612
2015;752,00;2027;13965
2015;238,00;0;0
2015;325,00;0;0
2015;622,00;0;0
2015;879,00;0;0
2015;906,00;0;0
2015;370,00;0;0
2015;418,00;0;0
2015;574,00;0;0
2015;399,00;0;0
2015;195,00;0;0
2015;783,00;2105;20035
2015;263,00;0;0
2015;194,00;0;0
2015;785,00;2380;32960
2015;780,00;0;0
2015;782,00;716;13949
2015;369,00;0;0
2015;84,00;0;0
2015;713,00;0;0
2015;941,00;0;0
2015;1091,00;317;15662
2015;1045,00;0;0
2015;1086,00;125;1123
2015;937,00;246;5871
2015;1004,00;0;0
2015;737,00;0;0
2015;765,00;0;0
2015;329,00;246;2196
2015;87,00;0;0
2015;527,00;0;0
2015;562,00;0;0
2015;251,00;0;0
2015;129,00;0;0
2015;154,00;789;2035
2015;516,00;0;0
2015;184,00;0;0
2015;652,00;0;0
2015;637,00;0;0
2015;88,00;0;0
2015;907,00;0;0
2015;970,00;0;0
2015;1019,00;0;0
2015;1016,00;0;0
2015;1047,00;0;0
2015;635,00;0;0
