"año";"NCODI";"Urg_altas";"Urg_ingresos";"Urg_traslados";"Urg_exitus";"Urg_total"
2015;113,00;0;0;0;0;0
2015;619,00;17901;558;0;2;18461
2015;163,00;3726;69;5;0;3800
2015;131,00;0;0;0;0;0
2015;375,00;409;0;144;0;553
2015;1090,00;140899;21426;1685;37;164047
2015;764,00;126022;17128;513;118;143781
2015;14,00;18302;627;405;2;19336
2015;657,00;29877;3311;374;28;33590
2015;362,00;18316;733;164;1;19214
2015;989,00;25033;2296;443;26;27798
2015;990,00;28562;3585;596;26;32769
2015;680,00;127863;18708;3617;70;150258
2015;411,00;25680;2405;63;6;28154
2015;241,00;29410;2285;50;2;31747
2015;558,00;39885;7878;300;65;48128
2015;167,00;2480;107;46;0;2633
2015;248,00;9995;2758;160;3;12916
2015;224,00;21394;1023;14;2;22433
2015;591,00;81336;11410;567;68;93381
2015;586,00;72393;12736;953;94;86176
2015;453,00;44;61;10;0;115
2015;145,00;0;0;0;0;0
2015;511,00;65105;11320;687;73;77185
2015;530,00;59362;11878;415;82;71737
2015;6,00;23427;838;0;0;24265
2015;161,00;0;0;0;0;0
2015;623,00;72859;12431;725;81;86096
2015;875,00;30174;3269;30;0;33473
2015;940,00;0;0;0;0;0
2015;946,00;29264;5235;86;11;34596
2015;1023,00;62059;12748;226;81;75114
2015;1054,00;44355;8852;262;83;53552
2015;1057,00;0;0;0;0;0
2015;1031,00;0;0;0;0;0
2015;1032,00;77467;9269;263;55;87054
2015;1064,00;15484;2378;17657;3;35522
2015;226,00;36850;1925;58;2;38835
2015;687,00;53168;5172;728;83;59151
2015;745,00;133728;17066;1190;118;152102
2015;109,00;36624;2594;0;0;39218
2015;808,00;119141;10380;991;143;130655
2015;971,00;63394;637;2656;5;66692
2015;128,00;10611;640;0;0;11251
2015;919,00;32278;9851;318;54;42501
2015;725,00;125172;20063;0;75;145310
2015;3,00;0;0;0;0;0
2015;306,00;0;0;0;0;0
2015;15,00;7685;19;16;0;7720
2015;264,00;29730;2329;66;3;32128
2015;867,00;0;0;0;0;0
2015;910,00;33662;6732;651;60;41105
2015;1053,00;54270;10559;1168;63;66060
2015;1055,00;61651;12105;933;78;74767
2015;1081,00;0;0;0;0;0
2015;1099,00;3558;27;0;0;3585
2015;529,00;0;0;0;0;0
2015;345,00;0;0;0;0;0
2015;515,00;12122;487;0;0;12609
2015;174,00;0;0;0;0;0
2015;523,00;0;0;0;0;0
2015;697,00;78242;7741;599;5;86587
2015;239,00;40713;1790;53;1;42557
2015;287,00;46788;4996;173;230;52187
2015;377,00;0;0;0;0;0
2015;692,00;46670;6815;73;55;53613
2015;335,00;0;0;0;0;0
2015;435,00;20336;1632;57;2;22027
2015;423,00;8297;1562;0;0;9859
2015;351,00;22024;3608;354;4;25990
2015;810,00;7679;1027;0;0;8706
2015;830,00;58730;8980;686;63;68459
2015;892,00;86423;13591;615;118;100747
2015;921,00;85333;7228;137;0;92698
2015;991,00;16409;366;172;4;16951
2015;992,00;50552;5622;503;65;56742
2015;993,00;19277;3947;90;21;23335
2015;1070,00;117260;17215;1062;124;135661
2015;1095,00;11659;1297;141;4;13101
2015;1094,00;6828;2297;60;1;9186
2015;473,00;27362;3821;49;0;31232
2015;663,00;104346;11955;4613;233;121147
2015;552,00;11029;17;797;0;11843
2015;772,00;72336;14619;3680;382;91017
2015;568,00;5829;218;0;0;6047
2015;398,00;7147;1059;9;0;8215
2015;394,00;5716;368;4;0;6088
2015;614,00;0;0;0;0;0
2015;235,00;3999;91;8;0;4098
2015;616,00;42665;1105;2042;15;45827
2015;267,00;14047;2362;38;1;16448
2015;565,00;0;0;0;0;0
2015;220,00;18572;1659;29;1;20261
2015;278,00;15795;2130;35;2;17962
2015;107,00;0;0;0;0;0
2015;711,00;118560;20812;5196;176;144744
2015;204,00;164;0;0;0;164
2015;579,00;97420;1108;30;0;98558
2015;348,00;0;0;0;0;0
2015;766,00;14182;1143;197;1;15523
2015;761,00;0;0;0;0;0
2015;728,00;38149;6651;342;29;45171
2015;280,00;38834;3343;129;1;42307
2015;222,00;649;48;0;0;697
2015;276,00;74740;3513;569;1;78823
2015;11,00;14367;3091;31;0;17489
2015;302,00;27899;233;32;1;28165
2015;682,00;14726;1718;185;10;16639
2015;279,00;79809;5240;402;0;85451
2015;282,00;82218;6354;122;0;88694
2015;281,00;42821;7073;93;32;50019
2015;183,00;1218;19;0;0;1237
2015;610,00;13255;29;0;0;13284
2015;116,00;0;0;0;0;0
2015;115,00;0;0;0;0;0
2015;114,00;0;0;0;0;0
2015;119,00;47;11;0;0;58
2015;770,00;95094;12348;1641;89;109172
2015;583,00;49411;2628;589;31;52659
2015;136,00;0;0;0;0;0
2015;469,00;27393;2264;139;14;29810
2015;642,00;44031;6909;1011;95;52046
2015;674,00;131814;10271;158;4;142247
2015;193,00;0;0;0;0;0
2015;526,00;100183;11680;395;57;112315
2015;698,00;77485;13676;6406;205;97772
2015;630,00;49451;3998;726;33;54208
2015;124,00;0;0;0;0;0
2015;364,00;0;0;0;0;0
2015;439,00;30802;1292;304;0;32398
2015;570,00;92472;13502;4426;20;110420
2015;123,00;0;0;0;0;0
2015;310,00;1993;1046;0;0;3039
2015;571,00;49692;4669;1027;58;55446
2015;296,00;4877;0;0;0;4877
2015;566,00;66688;4297;1198;75;72258
2015;784,00;119457;11318;3665;388;134828
2015;102,00;0;0;0;0;0
2015;379,00;0;0;0;0;0
2015;639,00;80109;6579;1524;21;88233
2015;457,00;26683;1324;286;18;28311
2015;609,00;108052;8897;110;3;117062
2015;101,00;0;0;0;0;0
2015;454,00;46303;6763;868;17;53951
2015;318,00;2923;1047;115;0;4085
2015;600,00;54130;6310;666;7;61113
2015;545,00;108007;7300;565;157;116029
2015;100,00;0;0;0;0;0
2015;702,00;108125;8939;1874;146;119084
2015;778,00;47575;9112;569;39;57295
2015;341,00;5697;210;36;3;5946
2015;99,00;0;0;0;0;0
2015;767,00;38076;5129;1481;55;44741
2015;359,00;43108;100;1214;2;44424
2015;98,00;0;0;0;0;0
2015;132,00;0;0;0;0;0
2015;97,00;0;0;0;0;0
2015;103,00;0;0;0;0;0
2015;110,00;0;0;0;0;0
2015;94,00;0;0;0;0;0
2015;91,00;0;0;0;0;0
2015;664,00;98136;11297;1179;72;110684
2015;918,00;165369;30346;3119;229;199063
2015;92,00;0;0;0;0;0
2015;95,00;0;0;0;0;0
2015;96,00;0;0;0;0;0
2015;301,00;17662;2;25;0;17689
2015;492,00;64350;3970;1000;43;69363
2015;811,00;10682;1209;33;3;11927
2015;812,00;0;0;0;0;0
2015;832,00;0;0;0;0;0
2015;841,00;0;0;0;0;0
2015;856,00;0;0;0;0;0
2015;859,00;0;0;0;0;0
2015;861,00;0;0;0;0;0
2015;880,00;0;0;0;0;0
2015;883,00;0;0;0;0;0
2015;884,00;0;0;0;0;0
2015;877,00;0;0;0;0;0
2015;911,00;0;0;0;0;0
2015;913,00;1871;270;114;0;2255
2015;922,00;33377;2284;226;2;35889
2015;923,00;0;0;0;0;0
2015;924,00;0;0;0;0;0
2015;947,00;0;0;0;0;0
2015;951,00;0;0;0;0;0
2015;1103,00;0;0;0;0;0
2015;972,00;0;0;0;0;0
2015;973,00;9464;47;5;0;9516
2015;974,00;0;0;0;0;0
2015;975,00;0;0;0;0;0
2015;960,00;0;0;0;0;0
2015;1028,00;0;0;0;0;0
2015;976,00;0;0;0;0;0
2015;977,00;0;0;0;0;0
2015;1020,00;0;0;0;0;0
2015;994,00;53724;6018;647;14;60403
2015;995,00;0;0;0;0;0
2015;1060,00;329;261;63;0;653
2015;1005,00;0;0;0;0;0
2015;1061,00;0;0;0;0;0
2015;1006,00;0;0;0;0;0
2015;1088,00;0;0;0;0;0
2015;1089,00;30523;971;179;0;31673
2015;1076,00;0;0;0;0;0
2015;1078,00;0;0;0;0;0
2015;1033,00;54161;8058;1696;138;64053
2015;1037,00;0;0;0;0;0
2015;1039,00;0;0;0;0;0
2015;1067,00;0;0;0;0;0
2015;1065,00;0;0;0;0;0
2015;1066,00;32407;1705;63;0;34175
2015;1100,00;0;0;0;0;0
2015;1105,00;0;0;0;0;0
2015;1107,00;0;0;0;0;0
2015;1111,00;0;0;0;0;0
2015;207,00;16546;651;81;0;17278
2015;431,00;0;0;0;0;0
2015;387,00;24535;3974;594;15;29118
2015;179,00;0;0;0;0;0
2015;606,00;22018;4263;479;16;26776
2015;925,00;105534;18600;184;60;124378
2015;541,00;12731;2533;430;31;15725
2015;797,00;18486;2613;314;16;21429
2015;627,00;32380;7410;326;43;40159
2015;173,00;0;0;0;0;0
2015;636,00;64645;11570;873;113;77201
2015;205,00;6304;308;290;0;6902
2015;814,00;36;36;0;0;72
2015;881,00;11644;488;236;0;12368
2015;771,00;116499;10491;1136;88;128214
2015;533,00;9533;594;0;0;10127
2015;447,00;6877;3006;97;7;9987
2015;815,00;428;8;34;0;470
2015;801,00;124904;13166;1278;163;139511
2015;800,00;1032;77;20;3;1132
2015;389,00;62818;5764;413;9;69004
2015;695,00;78304;9952;827;74;89157
2015;816,00;44557;4286;342;22;49207
2015;833,00;72214;4193;656;37;77100
2015;870,00;29084;1734;70;1;30889
2015;927,00;56993;770;41;21;57825
2015;961,00;156446;11731;1307;149;169633
2015;962,00;11969;532;3;0;12504
2015;1079,00;22580;21;9;0;22610
2015;1101,00;46568;2273;1;2;48844
2015;666,00;86393;14086;752;77;101308
2015;392,00;0;0;0;0;0
2015;790,00;12696;1884;140;9;14729
2015;650,00;31996;4527;446;38;37007
2015;876,00;46773;9683;721;59;57236
2015;944,00;0;54;0;0;54
2015;952,00;49861;1657;1657;3;53178
2015;54,00;0;0;0;0;0
2015;367,00;19912;629;212;1;20754
2015;538,00;45921;8464;408;104;54897
2015;557,00;26114;3117;177;17;29425
2015;653,00;38576;4774;519;64;43933
2015;647,00;29204;3793;524;57;33578
2015;978,00;76562;14188;4;41;90795
2015;996,00;31910;2630;413;51;35004
2015;729,00;180772;18348;3995;307;203422
2015;182,00;33928;811;256;7;35002
2015;633,00;26511;130;0;0;26641
2015;685,00;53254;8431;621;48;62354
2015;683,00;27420;3644;328;41;31433
2015;945,00;41300;2583;743;44;44670
2015;953,00;10912;9;0;0;10921
2015;1022,00;46634;539;2115;36;49324
2015;1049,00;20755;398;1520;27;22700
2015;794,00;132176;26599;1215;405;160395
2015;415,00;51;24;0;0;75
2015;592,00;36606;1730;26;0;38362
2015;497,00;9902;849;10;0;10761
2015;458,00;74825;4218;69;9;79121
2015;726,00;53158;10359;1513;143;65173
2015;272,00;15581;1081;271;2;16935
2015;805,00;124806;21351;44;174;146375
2015;5,00;0;0;0;0;0
2015;234,00;25671;856;328;4;26859
2015;64,00;0;0;0;0;0
2015;842,00;23956;3001;1336;22;28315
2015;843,00;13656;2376;664;31;16727
2015;803,00;44291;10009;130;39;54469
2015;211,00;5725;117;14;0;5856
2015;773,00;55980;10551;2306;106;68943
2015;424,00;17529;364;49;1;17943
2015;298,00;21156;2305;95;1;23557
2015;594,00;6352;294;10;1;6657
2015;237,00;15973;43;208;0;16224
2015;16,00;0;0;0;0;0
2015;768,00;10484;1133;381;5;12003
2015;617,00;64967;6221;585;132;71905
2015;297,00;9730;2369;162;0;12261
2015;105,00;0;0;0;0;0
2015;544,00;31072;1886;339;15;33312
2015;804,00;58254;4768;723;74;63819
2015;104,00;0;0;0;0;0
2015;20,00;0;0;0;0;0
2015;550,00;36850;2174;1009;42;40075
2015;112,00;0;0;0;0;0
2015;818,00;0;0;0;0;0
2015;882,00;0;0;0;0;0
2015;914,00;0;0;0;0;0
2015;928,00;0;0;0;0;0
2015;964,00;39034;6945;771;25;46775
2015;1026,00;0;0;0;0;0
2015;1068,00;0;0;0;0;0
2015;1108,00;22134;1405;453;5;23997
2015;404,00;451;0;6;0;457
2015;274,00;43104;1236;27;3;44370
2015;270,00;50898;2244;280;8;53430
2015;676,00;38312;3182;301;45;41840
2015;709,00;67641;5561;765;85;74052
2015;754,00;354248;30929;3660;454;389291
2015;997,00;52702;2620;2868;12;58202
2015;734,00;78349;12888;59;67;91363
2015;299,00;15668;380;12;2;16062
2015;645,00;0;0;0;0;0
2015;17,00;0;0;0;0;0
2015;1046,00;0;0;0;0;0
2015;420,00;2732;116;0;0;2848
2015;802,00;0;0;0;0;0
2015;266,00;21774;2207;0;0;23981
2015;137,00;9784;30;14;0;9828
2015;769,00;0;0;0;0;0
2015;776,00;37928;3273;529;15;41745
2015;640,00;35393;3231;679;14;39317
2015;315,00;0;0;0;0;0
2015;40,00;0;0;0;0;0
2015;508,00;13025;2612;426;3;16066
2015;46,00;0;0;0;0;0
2015;590,00;28522;4792;563;22;33899
2015;777,00;26787;3635;708;5;31135
2015;897,00;102434;29320;155;104;132013
2015;965,00;0;0;0;0;0
2015;461,00;3092;1588;13;0;4693
2015;376,00;13410;579;41;2;14032
2015;621,00;23017;3302;343;44;26706
2015;793,00;144222;21997;2052;199;168470
2015;1102,00;62262;666;40;0;62968
2015;712,00;26646;6768;206;32;33652
2015;32,00;0;0;0;0;0
2015;361,00;0;0;0;0;0
2015;486,00;8928;700;0;0;9628
2015;595,00;26311;4993;301;61;31666
2015;433,00;9910;1140;457;6;11513
2015;1058,00;653;462;195;3;1313
2015;261,00;18007;1012;220;0;19239
2015;730,00;66692;5387;939;65;73083
2015;577,00;34326;7271;758;47;42402
2015;788,00;125397;17147;2757;74;145375
2015;865,00;53828;3386;671;72;57957
2015;979,00;14974;686;1257;9;16926
2015;998,00;17733;209;870;6;18818
2015;221,00;2647;91;24;10;2772
2015;506,00;22066;795;250;2;23113
2015;727,00;45657;9724;485;57;55923
2015;355,00;152;152;6969;3;7276
2015;487,00;1760;302;55;1;2118
2015;938,00;98299;20711;5030;175;124215
2015;886,00;1651;1844;8;0;3503
2015;835,00;3457;103;0;0;3560
2015;999,00;0;0;0;0;0
2015;798,00;74004;14109;2926;228;91267
2015;504,00;2909;884;76;0;3869
2015;247,00;20061;1700;42;1;21804
2015;216,00;16707;1321;46;1;18075
2015;654,00;11072;1043;27;0;12142
2015;65,00;0;0;0;0;0
2015;472,00;13551;1100;304;10;14965
2015;427,00;0;0;0;0;0
2015;491,00;7903;1118;272;9;9302
2015;551,00;13040;552;143;5;13740
2015;106,00;0;0;0;0;0
2015;819,00;0;0;0;0;0
2015;836,00;0;0;0;0;0
2015;915,00;0;0;0;0;0
2015;942,00;0;0;0;0;0
2015;748,00;84829;17379;101;69;102378
2015;198,00;0;0;0;0;0
2015;871,00;15447;2821;645;12;18925
2015;948,00;25670;1259;54;0;26983
2015;1051,00;0;0;0;0;0
2015;1083,00;0;0;0;0;0
2015;1096,00;0;0;0;0;0
2015;679,00;78373;15860;173;141;94547
2015;176,00;8210;512;59;0;8781
2015;537,00;10194;613;225;2;11034
2015;608,00;19580;3823;280;67;23750
2015;596,00;11168;3638;432;43;15281
2015;749,00;121820;17686;801;231;140538
2015;758,00;208858;26744;1247;299;237148
2015;1104,00;101180;23391;1027;131;125729
2015;436,00;0;0;0;0;0
2015;567,00;33;9;3;0;45
2015;677,00;81475;9765;726;95;92061
2015;670,00;64397;3443;26;0;67866
2015;588,00;0;0;0;0;0
2015;753,00;207480;30572;398;187;238637
2015;887,00;163;703;29;0;895
2015;245,00;23296;4086;140;6;27528
2015;603,00;135590;4482;436;3;140511
2015;426,00;0;0;0;0;0
2015;232,00;18838;2218;13;1;21070
2015;288,00;18013;580;244;0;18837
2015;246,00;6859;373;12;0;7244
2015;284,00;12335;965;12;18;13330
2015;18,00;0;0;0;0;0
2015;356,00;1094;881;0;0;1975
2015;401,00;0;0;0;0;0
2015;733,00;122594;16116;371;104;139185
2015;243,00;15939;1680;3;2;17624
2015;380,00;0;0;0;0;0
2015;716,00;31511;1670;59;4;33244
2015;534,00;80529;2872;46;0;83447
2015;185,00;3608;302;5;0;3915
2015;258,00;7372;672;0;0;8044
2015;505,00;5510;388;0;0;5898
2015;268,00;5676;574;0;2;6252
2015;602,00;0;0;0;0;0
2015;254,00;25237;3236;33;8;28514
2015;705,00;53210;3324;220;10;56764
2015;133,00;8547;2007;15;0;10569
2015;33,00;0;0;0;0;0
2015;143,00;1824;560;0;0;2384
2015;36,00;0;0;0;0;0
2015;756,00;57407;6993;528;21;64949
2015;662,00;119385;11991;613;79;132068
2015;192,00;0;0;0;0;0
2015;382,00;0;0;0;0;0
2015;322,00;0;0;0;0;0
2015;478,00;10543;559;357;0;11459
2015;352,00;0;0;0;0;0
2015;628,00;99453;10923;359;73;110808
2015;291,00;0;0;0;0;0
2015;495,00;8529;1074;23;0;9626
2015;845,00;79735;8726;83;22;88566
2015;498,00;36461;2713;1088;31;40293
2015;314,00;0;0;0;0;0
2015;720,00;28024;3740;18;2;31784
2015;721,00;95455;13213;533;63;109264
2015;485,00;0;0;0;0;0
2015;273,00;57232;5415;141;15;62803
2015;846,00;89263;10577;68;54;99962
2015;847,00;38074;706;119;0;38899
2015;848,00;55889;5475;243;0;61607
2015;916,00;994;1103;2;0;2099
2015;930,00;77488;3423;75;2;80988
2015;954,00;103913;11187;598;42;115740
2015;943,00;63269;2951;96;1;66317
2015;949,00;189649;27200;1644;291;218784
2015;980,00;119733;5574;619;3;125929
2015;981,00;14522;224;0;0;14746
2015;1024,00;81723;5721;0;0;87444
2015;1017,00;0;0;0;0;0
2015;1000,00;85223;6495;555;5;92278
2015;1018,00;90700;6537;467;35;97739
2015;1001,00;39588;2349;28;2;41967
2015;1007,00;105166;9786;459;68;115479
2015;1008,00;72028;7588;272;25;79913
2015;1009,00;110114;9714;1768;37;121633
2015;1010,00;75222;5894;139;31;81286
2015;1011,00;52740;3372;172;32;56316
2015;1012,00;91473;6806;110;50;98439
2015;1013,00;132692;17832;630;108;151262
2015;1041,00;0;0;0;0;0
2015;1073,00;102366;7956;306;17;110645
2015;1087,00;109284;12739;338;69;122430
2015;1109,00;70772;5745;438;25;76980
2015;1110,00;44847;4973;10;2;49832
2015;1112,00;18268;158;0;0;18426
2015;789,00;0;0;0;0;0
2015;326,00;0;0;0;0;0
2015;442,00;51159;2069;0;1;53229
2015;294,00;43026;2729;31;23;45809
2015;378,00;13124;1000;27;0;14151
2015;402,00;14938;579;0;0;15517
2015;29,00;0;0;0;0;0
2015;450,00;884;2;0;0;886
2015;656,00;58483;4480;436;99;63498
2015;333,00;93789;3130;109;2;97030
2015;668,00;36824;3860;343;53;41080
2015;684,00;74012;5372;559;143;80086
2015;422,00;;69;0;0;69
2015;763,00;316697;21674;1087;197;339655
2015;741,00;142851;13678;1147;299;157975
2015;553,00;98893;12643;531;233;112300
2015;357,00;570;1099;3;0;1672
2015;899,00;0;0;0;0;0
2015;900,00;0;0;0;0;0
2015;932,00;0;0;0;0;0
2015;950,00;0;0;0;0;0
2015;966,00;20818;1877;17;1;22713
2015;967,00;0;0;0;0;0
2015;982,00;60638;4785;67;0;65490
2015;1014,00;55486;2;1614;1;57103
2015;1048,00;0;0;0;0;0
2015;1080,00;99339;4539;4;2;103884
2015;1074,00;15959;6;8;2;15975
2015;1084,00;19734;21;9;0;19764
2015;1113,00;120;4;1;0;125
2015;722,00;173962;27170;2102;88;203322
2015;660,00;87200;8368;904;51;96523
2015;75,00;258;362;0;0;620
2015;249,00;32967;2004;0;0;34971
2015;275,00;0;0;0;0;0
2015;227,00;43824;3821;68;3;47716
2015;150,00;1982;76;0;1;2059
2015;47,00;0;0;0;0;0
2015;172,00;4504;0;0;0;4504
2015;581,00;41359;3710;522;63;45654
2015;120,00;0;0;0;0;0
2015;445,00;0;0;0;0;0
2015;471,00;13267;1286;131;10;14694
2015;53,00;0;0;0;0;0
2015;199,00;5193;17;0;0;5210
2015;575,00;58807;6618;654;66;66145
2015;528,00;22290;3380;315;28;26013
2015;631,00;69437;8828;1026;63;79354
2015;699,00;71005;10821;859;55;82740
2015;823,00;11381;193;26;0;11600
2015;849,00;34090;2310;311;26;36737
2015;869,00;57652;1759;384;0;59795
2015;955,00;0;0;0;0;0
2015;983,00;0;0;0;0;0
2015;1002,00;0;0;0;0;0
2015;1015,00;148942;18417;590;121;168070
2015;51,00;0;0;0;0;0
2015;441,00;0;0;0;0;0
2015;327,00;0;0;0;0;0
2015;690,00;13124;1640;8;1;14773
2015;262,00;14431;1192;33;3;15659
2015;403,00;0;0;0;0;0
2015;312,00;0;0;0;0;0
2015;589,00;22115;3279;404;25;25823
2015;665,00;42480;5460;487;32;48459
2015;334,00;0;0;0;0;0
2015;1075,00;145886;27038;385;102;173411
2015;751,00;74050;21249;261;146;95706
2015;186,00;30914;662;14;0;31590
2015;646,00;8337;2462;373;30;11202
2015;536,00;10848;2056;539;37;13480
2015;242,00;5524;385;60;0;5969
2015;490,00;0;0;0;0;0
2015;500,00;15941;1742;52;0;17735
2015;206,00;29158;176;0;0;29334
2015;58,00;5;28;0;0;33
2015;572,00;54271;13748;967;48;69034
2015;180,00;0;0;0;0;0
2015;549,00;11214;1943;223;6;13386
2015;582,00;17599;3218;277;23;21117
2015;743,00;81033;13955;1829;182;96999
2015;795,00;0;0;0;0;0
2015;269,00;4256;24;8;0;4288
2015;634,00;22470;5493;0;9;27972
2015;1,00;12568;690;156;0;13414
2015;717,00;27719;5725;491;46;33981
2015;373,00;938;0;0;0;938
2015;535,00;25868;4759;607;23;31257
2015;824,00;111377;20671;3501;239;135788
2015;888,00;16669;2274;457;22;19422
2015;902,00;0;0;0;0;0
2015;968,00;0;0;0;0;0
2015;346,00;0;7;0;0;7
2015;27,00;0;0;0;0;0
2015;165,00;8460;244;51;1;8756
2015;956,00;34933;11773;329;57;47092
2015;413,00;0;0;0;0;0
2015;149,00;0;0;0;0;0
2015;612,00;47041;870;396;0;48307
2015;559,00;1322;25;0;0;1347
2015;7,00;964;0;38;0;1002
2015;283,00;43980;1473;168;1;45622
2015;37,00;0;0;0;0;0
2015;153,00;82756;868;177;0;83801
2015;547,00;50253;6586;227;43;57109
2015;397,00;0;0;0;0;0
2015;556,00;34216;4059;61;59;38395
2015;42,00;;57;;;57
2015;31,00;0;0;0;0;0
2015;740,00;123263;17162;944;192;141561
2015;217,00;23417;2966;184;2;26569
2015;863,00;9941;1662;73;0;11676
2015;889,00;71314;9566;1048;385;82313
2015;984,00;32550;3655;862;10;37077
2015;1106,00;5816;15;0;0;5831
2015;34,00;0;0;0;0;0
2015;791,00;19289;2644;52;0;21985
2015;181,00;0;0;0;0;0
2015;430,00;1863;61;158;0;2082
2015;715,00;71370;10909;378;33;82690
2015;521,00;6805;345;9;0;7159
2015;524,00;22856;1919;97;3;24875
2015;432,00;2760;114;0;0;2874
2015;19,00;;27;0;0;27
2015;25,00;0;0;0;0;0
2015;26,00;0;0;0;0;0
2015;890,00;73175;14193;423;79;87870
2015;904,00;31484;3777;1009;31;36301
2015;957,00;146513;26606;1545;194;174858
2015;939,00;133430;19666;38;118;153252
2015;236,00;27813;974;14;0;28801
2015;735,00;137325;16056;3198;440;157019
2015;146,00;0;0;0;0;0
2015;363,00;4839;215;45;1;5100
2015;187,00;7844;958;16;0;8818
2015;265,00;7196;308;0;0;7504
2015;295,00;21530;1060;3;0;22593
2015;496,00;43034;11363;4216;33;58646
2015;77,00;0;0;0;0;0
2015;391,00;2594;650;7;0;3251
2015;240,00;27472;3222;4177;28;34899
2015;448,00;8210;700;193;19;9122
2015;151,00;0;0;0;0;0
2015;425,00;5164;235;92;8;5499
2015;300,00;19783;1076;19;0;20878
2015;339,00;26287;1904;92;1;28284
2015;826,00;0;0;0;0;0
2015;874,00;21126;3919;22;54;25121
2015;905,00;73124;12708;4305;348;90485
2015;736,00;149347;22032;138;305;171822
2015;459,00;3623;11;0;0;3634
2015;320,00;0;0;0;0;0
2015;45,00;0;0;0;0;0
2015;618,00;36628;4258;737;54;41677
2015;463,00;96279;7875;997;81;105232
2015;891,00;32426;1989;282;2;34699
2015;958,00;42304;7801;74;46;50225
2015;244,00;10191;252;149;0;10592
2015;28,00;0;0;0;0;0
2015;444,00;5541;352;72;1;5966
2015;479,00;0;0;0;0;0
2015;285,00;28127;1983;61;12;30183
2015;253,00;74167;2699;14;0;76880
2015;481,00;35448;1754;15;2;37219
2015;540,00;45190;6126;152;0;51468
2015;332,00;0;0;0;0;0
2015;41,00;0;0;0;0;0
2015;510,00;41829;938;64;1;42832
2015;305,00;40425;381;1655;6;42467
2015;708,00;61062;5590;472;132;67256
2015;755,00;263140;25673;4197;476;293486
2015;750,00;181278;22263;1240;281;205062
2015;696,00;111833;15266;748;170;128017
2015;434,00;52918;518;1490;5;54931
2015;421,00;17160;813;0;0;17973
2015;827,00;0;0;0;0;0
2015;933,00;92035;6407;1181;100;99723
2015;1030,00;97457;3623;40;0;101120
2015;1003,00;66793;24;2450;7;69274
2015;1050,00;17763;160;733;4;18660
2015;1043,00;51390;2942;14;0;54346
2015;934,00;24018;5682;95;37;29832
2015;629,00;74743;9509;1345;101;85698
2015;21,00;0;0;0;0;0
2015;615,00;53736;4515;356;64;58671
2015;626,00;13954;521;10;0;14485
2015;417,00;6566;0;0;0;6566
2015;597,00;15648;2131;193;8;17980
2015;539,00;74739;9609;657;73;85078
2015;343,00;19495;491;207;0;20193
2015;135,00;0;0;0;0;0
2015;158,00;3339;784;0;0;4123
2015;775,00;35067;7024;491;49;42631
2015;177,00;0;0;0;0;0
2015;578,00;20909;380;249;2;21540
2015;416,00;22637;238;65;0;22940
2015;561,00;30879;3683;301;105;34968
2015;62,00;0;0;0;0;0
2015;828,00;0;0;0;0;0
2015;860,00;33130;785;672;22;34609
2015;935,00;0;0;0;0;0
2015;936,00;0;0;0;0;0
2015;986,00;894;183;0;0;1077
2015;987,00;68696;3380;1114;0;73190
2015;1021,00;0;0;0;0;0
2015;1085,00;0;0;0;0;0
2015;658,00;27127;5456;342;15;32940
2015;353,00;0;0;0;0;0
2015;323,00;0;0;0;0;0
2015;620,00;18046;3385;175;20;21626
2015;384,00;0;0;0;0;0
2015;554,00;59549;7232;227;146;67154
2015;209,00;13390;390;186;0;13966
2015;707,00;127659;23617;100;113;151489
2015;395,00;4938;45;0;0;4983
2015;969,00;37477;1011;147;1;38636
2015;1052,00;0;0;0;0;0
2015;739,00;216707;25538;6970;104;249319
2015;613,00;102052;17298;477;42;119869
2015;593,00;52925;9193;446;59;62623
2015;704,00;136026;14075;930;102;151133
2015;493,00;0;0;0;0;0
2015;686,00;115178;15144;714;96;131132
2015;257,00;65929;4266;15;4;70214
2015;494,00;0;0;0;0;0
2015;681,00;5727;1811;5;1;7544
2015;286,00;27094;2133;9156;0;38383
2015;255,00;66277;2115;29;0;68421
2015;79,00;0;0;0;0;0
2015;81,00;0;0;0;0;0
2015;688,00;60047;9912;796;75;70830
2015;531,00;52044;7860;520;96;60520
2015;514,00;24949;1852;591;19;27411
2015;499,00;8786;1981;59;0;10826
2015;532,00;60922;6557;803;57;68339
2015;190,00;0;0;0;0;0
2015;598,00;22350;2465;607;52;25474
2015;260,00;105108;8963;135;11;114217
2015;838,00;15432;345;284;0;16061
2015;839,00;6892;85;51;1;7029
2015;851,00;0;0;0;0;0
2015;852,00;92550;15049;189;105;107893
2015;988,00;0;0;0;0;0
2015;1056,00;90133;10997;249;49;101428
2015;1044,00;0;0;0;0;0
2015;1114,00;21120;2037;278;24;23459
2015;644,00;96748;15644;322;44;112758
2015;752,00;83687;14010;1172;68;98937
2015;238,00;15890;563;25;1;16479
2015;325,00;0;0;0;0;0
2015;622,00;24333;3081;369;19;27802
2015;879,00;7505;115;30;0;7650
2015;906,00;55379;486;18;0;55883
2015;370,00;1457;4727;75;49;6308
2015;418,00;6318;684;32;0;7034
2015;574,00;8816;156;0;0;8972
2015;399,00;0;0;0;0;0
2015;195,00;3048;0;0;0;3048
2015;783,00;103833;21601;1301;250;126985
2015;263,00;11925;1122;104;4;13155
2015;194,00;3591;4;0;0;3595
2015;785,00;171370;25987;2508;392;200257
2015;780,00;32423;3368;599;27;36417
2015;782,00;85693;12781;2964;173;101611
2015;369,00;0;0;0;0;0
2015;84,00;0;0;0;0;0
2015;713,00;42140;176;1933;241;44490
2015;941,00;330;200;0;0;530
2015;1091,00;0;0;0;0;0
2015;1045,00;28341;1073;23;0;29437
2015;1086,00;66485;5330;599;0;72414
2015;937,00;55955;12425;444;98;68922
2015;1004,00;6326;457;232;3;7018
2015;737,00;111473;16646;409;100;128628
2015;765,00;165055;27784;1586;230;194655
2015;329,00;68063;7145;1712;66;76986
2015;87,00;0;0;0;0;0
2015;527,00;21764;739;296;9;22808
2015;562,00;21276;1214;72;0;22562
2015;251,00;24676;1507;72;1;26256
2015;129,00;0;0;0;0;0
2015;154,00;0;0;0;0;0
2015;516,00;47957;5388;8;1;53354
2015;184,00;6510;1218;251;0;7979
2015;652,00;10131;1856;403;0;12390
2015;637,00;20125;2969;303;22;23419
2015;88,00;0;0;0;0;0
2015;907,00;0;0;0;0;0
2015;970,00;0;0;0;0;0
2015;1019,00;1082;464;246;8;1800
2015;1016,00;45086;830;44;0;45960
2015;1047,00;62691;5148;20;32;67891
2015;635,00;54038;5505;9;22;59574
