"año";"NCODI";"biopsias_hosp";"biopsias_CEP";"necropsias_hosp";"angio_hosp";"angio_CEP";"densiometrias_hosp";"densiometrias_CEP";"gamma_hosp";"gamma_CEP";"mamo_hosp";"mamo_CEP";"pet_hosp";"pet_CEP";"resonancia_hosp";"resonancia_CEP";"rx_hosp";"rx_CEP";"spect_hosp";"spect_CEP";"tac_hosp";"tac_CEP";"Colonosopia";"Broncoscopia";"ERCP"
2015;423,00;0;0;0;0;0;201;0;0;0;476;0;0;0;1832;0;11897;0;0;0;1543;0;0;0;0
2015;351,00;0;0;0;0;0;84;0;0;0;741;0;0;0;1566;0;17467;0;0;0;1201;0;139;15;0
2015;810,00;0;0;0;0;0;55;0;0;0;891;0;0;0;0;0;10683;0;0;0;1228;0;0;0;0
2015;830,00;9060;0;10;0;0;0;0;0;0;1971;0;0;0;0;0;55929;0;0;0;8962;0;1451;171;16
2015;892,00;18358;0;65;65;0;1201;0;0;0;6324;0;0;0;5832;0;105499;0;0;0;14244;0;1294;380;103
2015;921,00;5274;0;0;0;0;2867;0;0;0;6501;0;0;0;14350;0;55077;0;278;0;10096;0;1454;52;34
2015;991,00;0;0;0;0;0;0;0;0;0;297;0;0;0;0;0;6346;0;0;0;0;0;0;0;0
2015;992,00;6698;0;19;0;0;0;0;0;0;1316;0;0;0;5074;0;55743;0;0;0;6988;0;1613;80;32
2015;993,00;5191;0;5;0;0;860;0;0;0;1029;0;0;0;4263;0;34097;13989;0;0;5081;0;843;62;0
2015;1070,00;25219;0;141;1043;0;1343;0;6283;0;6534;0;1989;0;21823;0;143359;0;875;0;29093;0;2548;953;197
2015;1095,00;84;0;0;0;0;0;0;0;0;245;0;0;0;1051;0;8846;0;0;0;1253;0;113;117;0
2015;1094,00;0;0;0;0;0;0;0;0;0;131;0;0;0;2920;0;2268;0;0;0;1095;0;416;0;0
2015;473,00;0;0;0;0;0;0;0;0;0;0;0;0;0;0;0;14092;0;0;0;0;0;0;0;0
2015;663,00;22234;0;0;1955;0;2625;0;2130;0;17352;0;383;0;12692;0;97606;8891;734;0;27782;0;0;0;0
2015;552,00;0;0;0;850;0;1121;0;0;0;7854;0;0;0;0;0;25966;0;0;0;5021;0;0;0;0
2015;772,00;43688;0;391;3416;0;4501;0;7616;0;7872;0;2920;0;22492;0;230282;0;1265;0;38724;0;0;0;0
2015;568,00;0;0;0;0;0;0;0;0;0;0;0;0;0;7004;0;16598;0;0;0;1801;0;0;0;0
2015;398,00;185;0;0;0;0;0;0;0;0;0;0;0;0;7534;0;11471;0;0;0;4314;0;0;0;0
2015;394,00;0;0;0;0;0;0;0;0;0;0;0;0;0;1184;0;6923;0;0;0;0;0;0;0;0
2015;614,00;0;0;0;0;0;0;0;0;0;0;0;0;0;0;0;0;0;0;0;0;0;0;0;0
2015;235,00;0;0;0;0;0;0;0;0;0;0;0;0;0;0;0;8901;0;0;0;0;0;0;0;0
2015;616,00;3595;0;0;0;0;0;0;0;0;0;0;0;0;0;0;0;0;0;0;0;0;0;0;0
2015;267,00;1691;0;0;0;0;0;0;0;0;0;0;0;0;0;0;0;0;0;0;0;0;0;0;0
2015;565,00;1899;0;0;0;0;0;0;0;0;453;0;0;0;1386;0;14059;0;0;0;5944;0;0;0;0
2015;220,00;0;0;0;33;0;207;0;0;0;590;0;0;0;0;0;12820;0;0;0;1938;0;0;0;0
2015;278,00;0;0;0;0;0;0;0;0;0;0;0;0;0;0;0;0;0;0;0;0;0;0;0;0
2015;107,00;0;0;0;0;0;0;0;0;0;0;0;0;0;0;0;0;0;0;0;0;0;0;0;0
2015;711,00;23829;0;61;745;0;3961;0;0;0;21495;0;3101;0;10500;0;101609;0;5323;0;29878;0;0;0;0
2015;204,00;0;0;0;0;0;0;0;0;0;134;0;0;0;0;0;609;0;0;0;0;0;0;0;0
2015;579,00;0;0;0;0;0;0;0;0;0;0;0;0;0;0;0;48345;0;0;0;51;0;0;0;0
2015;348,00;22;0;0;0;0;0;0;0;0;0;0;0;0;0;0;2593;0;0;0;0;0;0;0;0
2015;766,00;3114;0;0;178;0;0;0;405;0;0;0;0;0;442;0;22305;0;0;0;3702;0;0;0;0
2015;761,00;0;0;0;0;0;0;0;0;0;0;0;0;0;0;0;0;0;0;0;0;0;0;0;0
2015;728,00;10913;0;9;0;0;0;0;1334;0;5704;0;0;0;7601;0;99865;0;0;0;12925;0;0;0;0
2015;113,00;0;0;0;0;0;0;0;0;0;0;0;0;0;0;0;0;0;0;0;0;0;0;0;0
2015;619,00;0;0;0;0;0;0;0;0;0;1096;0;0;0;4514;0;11288;0;0;0;1351;0;0;0;0
2015;163,00;0;0;0;0;0;657;0;0;0;920;0;0;0;5273;0;6464;0;0;0;1677;0;0;0;0
2015;131,00;0;0;0;0;0;0;0;0;0;0;0;0;0;0;0;0;0;0;0;0;0;0;0;0
2015;375,00;0;0;0;0;0;0;0;0;0;0;0;0;0;0;0;2561;0;0;0;0;0;0;0;0
2015;1090,00;28635;0;336;95;0;0;0;0;0;3866;0;0;0;0;0;140414;55534;0;0;24628;0;0;0;0
2015;764,00;21414;0;25;343;0;2689;0;0;0;4954;0;0;0;6729;0;190752;0;0;0;24601;0;2095;590;393
2015;14,00;0;0;0;0;0;0;0;0;0;0;0;0;0;2;0;1;0;0;0;1;0;463;0;0
2015;657,00;5544;0;5;0;0;0;0;0;0;1222;0;0;0;0;0;42610;0;0;0;4727;0;1191;62;0
2015;362,00;3500;0;0;0;0;0;0;1131;0;21160;0;0;0;6460;0;9929;0;0;0;1736;0;777;0;0
2015;989,00;0;0;0;0;0;0;0;0;0;1112;0;0;0;0;0;32049;0;0;0;4317;0;878;44;0
2015;990,00;0;0;0;0;0;0;0;0;0;1334;0;0;0;0;0;46780;0;0;0;4630;0;826;234;0
2015;680,00;27472;0;29;2605;0;5609;0;0;0;6329;0;0;0;8917;0;156691;23673;0;0;23642;0;3981;1019;230
2015;411,00;6743;0;0;395;0;5471;0;0;0;3819;0;0;0;8125;0;29446;0;0;0;4824;0;1541;9;76
2015;241,00;2654;0;0;0;0;0;0;0;0;224;0;0;0;9534;0;19195;0;0;0;4944;0;0;0;0
2015;558,00;10277;0;8;0;0;2789;0;0;0;4009;0;0;0;0;0;59848;0;0;0;10125;0;2240;190;151
2015;167,00;0;0;0;0;0;114;0;0;0;0;0;0;0;0;0;3267;0;0;0;0;0;0;0;0
2015;248,00;0;0;0;280;0;650;0;1137;0;1048;0;1207;0;17156;0;23737;0;0;0;9088;0;632;33;0
2015;224,00;28;0;0;0;0;532;0;0;0;1041;0;0;0;1768;0;9984;0;0;0;1696;0;435;0;0
2015;591,00;14864;0;15;0;0;2600;0;0;0;5254;0;0;0;9597;0;113518;0;0;0;12844;0;2962;334;160
2015;586,00;22795;0;20;0;0;1963;0;0;0;6648;0;0;0;0;0;143602;0;0;0;21712;0;3183;265;133
2015;453,00;0;0;0;0;0;0;0;0;0;0;0;0;0;0;0;18390;0;0;0;3659;0;527;17;0
2015;145,00;0;0;0;0;0;0;0;0;0;0;0;0;0;0;0;0;0;0;0;0;0;0;0;0
2015;511,00;12911;0;5;0;0;0;0;0;0;4251;0;0;0;0;0;67314;37281;0;0;12613;0;3676;233;80
2015;530,00;17818;0;17;0;0;0;0;0;0;2280;0;0;0;0;0;69057;29371;0;0;13198;0;6043;287;106
2015;6,00;668;0;0;141;0;2176;0;1111;0;3309;0;409;0;6181;0;30228;0;0;0;3937;0;0;1;0
2015;161,00;0;0;0;0;0;0;0;0;0;0;0;0;0;0;0;0;0;0;0;0;0;0;0;0
2015;623,00;17570;0;4;0;0;0;1999;0;0;9968;0;0;0;5945;0;63144;5826;9477;0;12698;0;1895;1496;74
2015;875,00;3013;0;0;51;0;1202;0;118;0;2571;0;129;0;3864;0;43969;0;42;0;5784;0;817;62;5
2015;940,00;0;0;0;0;0;0;0;0;0;0;0;0;0;0;0;0;0;0;0;0;0;0;0;0
2015;946,00;4730;0;0;142;0;1284;0;293;0;1899;0;0;0;6178;0;27185;0;0;0;4477;0;660;40;19
2015;1023,00;13708;0;19;1139;0;7245;0;0;0;4527;0;0;0;6121;0;138729;0;0;0;17217;0;3328;365;95
2015;1054,00;12044;0;0;1624;0;5282;0;0;0;3527;0;0;0;9321;0;81934;0;0;0;13260;0;2394;122;38
2015;1057,00;0;0;0;0;0;0;0;0;0;0;0;0;0;0;0;1192;0;0;0;405;0;0;0;0
2015;1031,00;0;0;0;0;0;0;0;0;0;0;0;0;0;0;0;0;0;0;0;0;0;0;0;0
2015;1032,00;12150;0;7;771;0;4799;0;0;0;3943;0;3276;0;5380;0;128176;0;1682;0;13788;0;2946;587;146
2015;1064,00;3712;0;0;101;0;949;0;0;0;2612;0;0;0;7875;0;21569;0;0;0;3987;0;592;26;44
2015;226,00;221;0;0;192;0;1687;0;422;0;2071;0;0;0;7440;0;8660;0;0;0;2440;0;2048;0;0
2015;687,00;12444;0;2;0;0;0;0;0;0;2733;0;0;0;5902;0;109829;0;0;0;9250;0;1615;137;0
2015;745,00;11233;0;21;814;0;3090;0;2873;0;8808;14971;0;0;5055;0;164926;74640;1156;0;16645;4049;3845;663;277
2015;109,00;0;0;0;0;0;1378;0;0;0;1025;0;0;0;4838;0;1630;0;0;0;3782;0;1274;0;0
2015;808,00;14936;0;13;0;0;0;0;0;0;9527;0;0;0;6071;0;145320;0;0;0;9837;0;3591;270;154
2015;971,00;2733;0;0;0;0;0;0;0;0;460;0;0;0;0;0;44153;0;0;0;1606;0;973;0;0
2015;128,00;0;0;0;0;0;425;0;0;0;1028;0;0;0;0;0;15052;0;0;0;0;0;171;0;0
2015;919,00;10599;0;18;0;0;931;0;0;0;5838;0;0;0;8505;0;86640;11038;0;0;19499;0;3016;153;109
2015;725,00;25376;0;8;361;0;3162;0;0;0;4614;0;2889;0;10487;0;172424;0;8193;0;23815;0;4055;609;362
2015;3,00;0;0;0;0;0;0;0;0;0;0;0;0;0;0;0;0;0;0;0;0;0;0;0;0
2015;306,00;0;0;0;0;0;0;0;0;0;0;0;0;0;0;0;0;0;0;0;0;0;0;0;0
2015;15,00;132;0;0;0;0;41;0;0;0;93;0;0;0;0;0;2412;0;0;0;0;0;43;0;0
2015;264,00;0;0;0;0;0;0;0;0;0;1008;0;0;0;4986;0;20096;0;0;0;4118;0;578;37;0
2015;867,00;36;0;0;0;0;363;0;0;0;749;0;0;0;0;0;8108;0;0;0;0;0;102;0;0
2015;910,00;7397;0;0;0;0;0;0;0;0;1774;0;0;0;1740;0;28802;0;0;0;3972;0;1322;90;0
2015;1053,00;13564;0;8;0;0;0;0;0;0;6324;0;0;0;4646;0;75541;7273;0;0;12495;0;3648;180;0
2015;1055,00;16260;0;6;0;0;4340;0;0;0;6270;0;0;0;4027;0;96615;0;0;0;16049;0;2227;340;0
2015;1081,00;0;0;0;0;0;0;0;0;0;0;0;0;0;0;0;0;0;0;0;0;0;0;0;0
2015;1099,00;0;0;0;0;0;61;0;0;0;45;0;0;0;455;0;3221;0;0;0;441;0;0;0;0
2015;529,00;0;0;0;0;0;0;0;0;0;0;0;0;0;0;0;947;0;0;0;0;0;0;0;0
2015;345,00;0;0;0;0;0;0;0;0;0;0;0;0;0;0;0;0;0;0;0;0;0;0;0;0
2015;515,00;0;0;0;0;0;0;0;0;0;0;0;0;0;3256;0;21924;0;0;0;684;0;0;0;0
2015;174,00;0;0;0;0;0;0;0;0;0;0;0;0;0;0;0;0;0;0;0;0;0;1215;0;0
2015;523,00;0;0;0;0;0;0;0;0;0;0;0;0;0;0;0;11064;0;0;0;0;0;0;0;0
2015;697,00;0;0;0;72;0;3516;0;943;0;7775;0;487;0;11792;0;78145;0;176;0;8716;0;2564;62;6
2015;239,00;7750;0;0;0;0;1149;0;0;0;3106;0;0;0;8104;0;32144;0;0;0;7512;0;1381;82;21
2015;287,00;4349;0;0;39;0;2961;0;795;0;4425;0;0;0;9425;0;44208;0;146;0;7357;0;2358;86;8
2015;377,00;0;0;0;0;0;0;0;0;0;0;0;0;0;0;0;3788;0;0;0;0;0;0;0;0
2015;692,00;8580;0;9;0;0;203;0;0;0;5632;0;0;0;2511;0;77982;0;0;0;7722;0;1593;92;0
2015;335,00;0;0;0;0;0;0;0;0;0;0;0;0;0;0;0;0;0;0;0;0;0;0;0;0
2015;435,00;2225;0;7;1;0;634;0;0;0;2075;0;0;0;6989;0;18647;0;0;0;5064;0;319;0;0
2015;280,00;0;0;0;0;0;2722;0;0;0;8424;0;0;0;20186;0;76602;0;0;0;11900;0;0;0;0
2015;222,00;0;0;0;0;0;249;0;0;0;1390;0;0;0;0;0;9210;0;0;0;1302;0;0;0;0
2015;276,00;13628;0;18;0;0;3183;0;4125;0;7276;0;1368;0;17598;0;120350;0;0;0;27099;0;0;0;0
2015;11,00;0;0;0;0;0;0;0;0;0;0;0;0;0;0;0;14893;0;0;0;0;0;0;0;0
2015;302,00;0;0;0;0;0;0;0;0;0;2934;0;0;0;0;0;0;0;0;0;0;0;0;0;0
2015;682,00;4509;0;1;0;0;388;0;0;0;264;0;0;0;3080;0;24565;0;0;0;5300;0;0;0;0
2015;279,00;12168;0;20;0;0;0;0;0;0;0;0;0;0;22538;0;84543;0;0;0;22796;0;0;0;0
2015;282,00;11406;0;0;175;0;2109;0;0;0;8439;0;1936;0;24651;0;85855;0;4191;0;19900;0;0;0;0
2015;281,00;5075;0;6;807;0;0;0;0;0;0;0;0;0;1616;0;44603;0;0;0;7091;0;0;0;0
2015;183,00;0;0;0;0;0;583;0;0;0;486;0;0;0;1576;0;7174;0;0;0;425;0;0;0;0
2015;610,00;0;0;0;1254;0;0;0;0;0;0;0;0;0;0;0;3741;0;0;0;0;0;0;0;0
2015;116,00;0;0;0;0;0;0;0;0;0;0;0;0;0;0;0;0;0;0;0;0;0;0;0;0
2015;115,00;0;0;0;0;0;0;0;0;0;0;0;0;0;0;0;212;0;0;0;0;0;0;0;0
2015;114,00;0;0;0;0;0;0;0;0;0;0;0;0;0;0;0;0;0;0;0;0;0;0;0;0
2015;119,00;0;0;0;0;0;10;0;0;0;397;0;0;0;0;0;689;0;0;0;0;0;0;0;0
2015;770,00;36069;0;35;1693;0;4074;0;0;0;14247;0;0;0;16384;0;100907;0;6317;0;24672;0;0;0;0
2015;583,00;4282;0;0;0;0;1418;0;0;0;5877;0;0;0;3641;0;64487;0;0;0;6172;0;0;0;0
2015;136,00;0;0;0;0;0;0;0;0;0;0;0;0;0;0;0;91;0;0;0;0;0;0;0;0
2015;469,00;2901;0;1;0;0;0;0;0;0;2712;0;0;0;0;0;29222;0;0;0;3029;0;0;0;0
2015;642,00;9674;0;0;0;0;0;0;0;0;8013;0;0;0;0;0;70367;0;0;0;9864;0;0;0;0
2015;674,00;5973;0;77;288;0;692;0;0;0;4925;0;0;0;5849;0;45105;1906;0;0;4959;0;0;0;0
2015;193,00;0;0;0;0;0;0;0;0;0;0;0;0;0;0;0;1605;0;0;0;0;0;0;0;0
2015;526,00;16076;0;25;0;0;0;0;0;0;12773;0;0;0;7109;0;112296;0;0;0;12808;0;0;0;0
2015;698,00;31917;0;80;1067;0;6966;0;11321;0;5467;0;0;0;0;0;146363;0;0;0;36027;0;0;0;0
2015;630,00;5097;0;14;0;0;0;0;0;0;5469;0;0;0;7183;0;10998;0;0;0;6759;0;0;0;0
2015;124,00;0;0;0;0;0;0;0;0;0;0;0;0;0;0;0;0;0;0;0;0;0;0;0;0
2015;364,00;0;0;0;0;0;0;0;0;0;0;0;0;0;0;0;0;0;0;0;0;0;0;0;0
2015;439,00;0;0;0;0;0;0;0;0;0;933;0;0;0;0;0;30602;0;0;0;2413;0;0;0;0
2015;570,00;16007;0;30;0;0;0;0;0;0;3651;0;0;0;4798;0;124734;0;0;0;15860;0;0;0;0
2015;123,00;0;0;0;0;0;0;0;0;0;0;0;0;0;0;0;0;0;0;0;0;0;0;0;0
2015;310,00;0;0;0;0;0;0;0;0;0;0;0;0;0;0;0;0;0;0;0;0;0;0;0;0
2015;571,00;0;0;0;195;0;0;0;0;0;7267;0;0;0;0;0;59537;0;0;0;6034;0;0;0;0
2015;296,00;0;0;0;0;0;0;0;0;0;812;0;0;0;0;0;6807;0;0;0;0;0;0;0;0
2015;566,00;0;0;0;0;0;0;0;0;0;7881;0;0;0;5951;0;56876;0;0;0;8950;0;0;0;0
2015;784,00;16972;0;108;0;0;0;0;11198;0;24863;0;1046;0;22425;0;150799;0;0;0;29697;0;0;0;0
2015;102,00;0;0;0;0;0;0;0;0;0;0;0;0;0;0;0;986;0;0;0;0;0;0;0;0
2015;379,00;0;0;0;0;0;0;0;0;0;0;0;0;0;0;0;0;0;0;0;0;0;0;0;0
2015;639,00;16291;0;0;0;0;562;0;0;0;6136;0;0;0;3760;0;69388;0;0;0;8717;0;0;0;0
2015;457,00;1631;0;0;0;0;0;0;0;0;2274;0;0;0;0;0;27244;0;0;0;3254;0;0;0;0
2015;609,00;16487;0;22;1105;0;2127;0;0;0;6516;0;0;0;12751;0;71157;0;95;0;13786;0;0;0;0
2015;101,00;0;0;0;0;0;0;0;0;0;0;0;0;0;0;0;0;0;0;0;0;0;0;0;0
2015;454,00;5846;0;14;0;0;0;0;0;0;2333;0;0;0;6726;0;46027;0;0;0;8497;0;0;0;0
2015;318,00;0;0;0;0;0;0;0;0;0;0;0;0;0;0;0;0;0;0;0;0;0;0;0;0
2015;600,00;6498;0;3;0;0;1150;0;0;0;5049;0;0;0;0;0;56886;0;0;0;7518;0;0;0;0
2015;545,00;9609;0;34;879;0;432;0;0;0;8616;0;0;0;4197;0;72662;0;0;0;9512;0;0;0;0
2015;100,00;0;0;0;0;0;0;0;0;0;0;0;0;0;0;0;0;0;0;0;0;0;0;0;0
2015;702,00;15087;0;38;0;0;0;0;0;0;14771;0;0;0;14233;0;166091;0;0;0;20344;0;0;0;0
2015;778,00;9102;0;17;0;0;0;0;0;0;9998;0;0;0;4378;0;49934;0;0;0;11259;0;0;0;0
2015;341,00;0;0;0;0;0;0;0;0;0;850;0;0;0;0;0;12380;0;0;0;0;0;0;0;0
2015;99,00;0;0;0;0;0;0;0;0;0;0;0;0;0;0;0;0;0;0;0;0;0;0;0;0
2015;767,00;0;0;0;0;0;0;0;0;0;1922;0;0;0;4698;0;60009;0;0;0;7224;0;0;0;0
2015;359,00;0;0;0;0;0;1347;0;0;0;4722;0;0;0;0;0;22541;0;0;0;0;0;0;0;0
2015;98,00;0;0;0;0;0;0;0;0;0;0;0;0;0;0;0;0;0;0;0;0;0;0;0;0
2015;132,00;0;0;0;0;0;0;0;0;0;0;0;0;0;0;0;0;0;0;0;0;0;0;0;0
2015;97,00;0;0;0;0;0;0;0;0;0;0;0;0;0;0;0;0;0;0;0;0;0;0;0;0
2015;103,00;0;0;0;0;0;0;0;0;0;0;0;0;0;0;0;0;0;0;0;0;0;0;0;0
2015;110,00;0;0;0;0;0;0;0;0;0;0;0;0;0;0;0;0;0;0;0;0;0;0;0;0
2015;94,00;0;0;0;0;0;0;0;0;0;0;0;0;0;0;0;0;0;0;0;0;0;0;0;0
2015;91,00;0;0;0;0;0;0;0;0;0;0;0;0;0;0;0;0;0;0;0;0;0;0;0;0
2015;664,00;11959;0;38;115;0;0;0;0;0;2407;0;0;0;8681;0;90317;0;0;0;14945;0;0;0;0
2015;918,00;36602;0;284;2380;0;6088;0;9254;0;18805;0;4149;0;36452;0;207298;0;4268;0;77591;0;0;0;0
2015;92,00;0;0;0;0;0;0;0;0;0;0;0;0;0;0;0;0;0;0;0;0;0;0;0;0
2015;95,00;0;0;0;0;0;0;0;0;0;0;0;0;0;0;0;0;0;0;0;0;0;0;0;0
2015;96,00;0;0;0;0;0;0;0;0;0;0;0;0;0;0;0;0;0;0;0;0;0;0;0;0
2015;301,00;0;0;0;0;0;0;0;0;0;0;0;0;0;0;0;10308;0;0;0;0;0;0;0;0
2015;492,00;0;0;0;0;0;0;0;0;0;7549;0;0;0;0;0;47023;0;0;0;9421;0;0;0;0
2015;811,00;0;0;0;0;0;0;0;0;0;0;0;0;0;0;0;1;0;0;0;0;0;0;0;0
2015;812,00;0;0;0;0;0;0;0;0;0;0;0;0;0;0;0;0;0;0;0;0;0;0;0;0
2015;832,00;0;0;0;0;0;0;0;0;0;0;0;0;0;0;0;0;0;0;0;0;0;0;0;0
2015;841,00;0;0;0;0;0;0;0;0;0;0;0;0;0;0;0;0;0;0;0;0;0;0;0;0
2015;856,00;0;0;0;0;0;0;0;0;0;0;0;0;0;0;0;0;0;0;0;0;0;0;0;0
2015;859,00;0;0;0;0;0;0;0;0;0;0;0;0;0;0;0;0;0;0;0;0;0;0;0;0
2015;861,00;0;0;0;0;0;0;0;0;0;0;0;0;0;0;0;0;0;0;0;0;0;0;0;0
2015;880,00;0;0;0;0;0;0;0;0;0;0;0;0;0;0;0;0;0;0;0;0;0;0;0;0
2015;883,00;0;0;0;0;0;0;0;0;0;0;0;0;0;0;0;0;0;0;0;0;0;0;0;0
2015;884,00;0;0;0;0;0;0;0;0;0;0;0;0;0;0;0;0;0;0;0;0;0;0;0;0
2015;877,00;0;0;0;0;0;0;0;0;0;0;0;0;0;0;0;0;0;0;0;0;0;0;0;0
2015;911,00;0;0;0;0;0;0;0;0;0;0;0;0;0;0;0;0;0;0;0;0;0;0;0;0
2015;913,00;0;0;0;0;0;0;0;0;0;0;0;0;0;0;0;0;0;0;0;0;0;0;0;0
2015;922,00;6987;0;0;0;0;1504;0;0;0;2370;0;0;0;12884;0;23031;0;0;0;6674;0;0;0;0
2015;923,00;0;0;0;0;0;0;0;0;0;0;0;0;0;0;0;0;0;0;0;0;0;0;0;0
2015;924,00;0;0;0;0;0;0;0;0;0;0;0;0;0;0;0;0;0;0;0;0;0;0;0;0
2015;947,00;0;0;0;0;0;0;0;0;0;0;0;0;0;0;0;0;0;0;0;0;0;0;0;0
2015;951,00;0;0;0;0;0;0;0;0;0;0;0;0;0;0;0;0;0;0;0;0;0;0;0;0
2015;1103,00;0;0;0;0;0;0;0;0;0;0;0;0;0;0;0;0;0;0;0;0;0;0;0;0
2015;972,00;0;0;0;0;0;0;0;0;0;0;0;0;0;0;0;0;0;0;0;0;0;0;0;0
2015;973,00;2109;0;0;46;0;264;0;0;0;786;0;0;0;12809;0;19016;0;0;0;3919;0;0;0;0
2015;974,00;0;0;0;0;0;0;0;0;0;0;0;0;0;0;0;0;0;0;0;0;0;0;0;0
2015;975,00;0;0;0;0;0;0;0;0;0;0;0;0;0;0;0;0;0;0;0;0;0;0;0;0
2015;960,00;0;0;0;0;0;0;0;0;0;0;0;0;0;0;0;0;0;0;0;0;0;0;0;0
2015;1028,00;0;0;0;0;0;0;0;0;0;0;0;0;0;0;0;0;0;0;0;0;0;0;0;0
2015;976,00;0;0;0;0;0;0;0;0;0;0;0;0;0;0;0;0;0;0;0;0;0;0;0;0
2015;977,00;0;0;0;0;0;0;0;0;0;0;0;0;0;0;0;0;0;0;0;0;0;0;0;0
2015;1020,00;0;0;0;0;0;0;0;0;0;0;0;0;0;0;0;0;0;0;0;0;0;0;0;0
2015;994,00;0;0;0;0;0;0;0;0;0;6708;0;0;0;3988;0;53197;0;0;0;7420;0;0;0;0
2015;995,00;0;0;0;0;0;0;0;0;0;0;0;0;0;0;0;0;0;0;0;0;0;0;0;0
2015;1060,00;0;0;0;0;0;0;0;0;0;0;0;0;0;0;0;0;0;0;0;0;0;0;0;0
2015;1005,00;0;0;0;0;0;0;0;0;0;0;0;0;0;0;0;0;0;0;0;0;0;0;0;0
2015;1061,00;0;0;0;0;0;0;0;0;0;0;0;0;0;0;0;0;0;0;0;0;0;0;0;0
2015;1006,00;0;0;0;0;0;0;0;0;0;0;0;0;0;0;0;0;0;0;0;0;0;0;0;0
2015;1088,00;0;0;0;0;0;0;0;0;0;0;0;0;0;0;0;0;0;0;0;0;0;0;0;0
2015;1089,00;2948;0;0;0;0;1227;0;0;0;1368;0;0;0;4475;0;17220;0;0;0;2362;0;0;0;0
2015;1076,00;0;0;0;0;0;0;0;0;0;0;0;0;0;0;0;0;0;0;0;0;0;0;0;0
2015;1078,00;0;0;0;0;0;0;0;0;0;0;0;0;0;0;0;0;0;0;0;0;0;0;0;0
2015;1033,00;10815;0;19;0;0;0;0;0;0;267;0;0;0;6764;0;14027;0;0;0;19833;0;0;0;0
2015;1037,00;0;0;0;0;0;0;0;0;0;0;0;0;0;0;0;0;0;0;0;0;0;0;0;0
2015;1039,00;0;0;0;0;0;0;0;0;0;0;0;0;0;0;0;0;0;0;0;0;0;0;0;0
2015;1067,00;0;0;0;0;0;0;0;0;0;0;0;0;0;0;0;0;0;0;0;0;0;0;0;0
2015;1065,00;0;0;0;0;0;0;0;0;0;0;0;0;0;0;0;1563;0;0;0;0;0;0;0;0
2015;1066,00;0;0;0;0;0;1433;0;0;0;1769;0;0;0;8677;1420;13416;1650;0;0;5145;0;0;0;0
2015;1100,00;0;0;0;0;0;0;0;0;0;0;0;0;0;0;0;0;0;0;0;0;0;0;0;0
2015;1105,00;0;0;0;0;0;0;0;0;0;0;0;0;0;0;0;0;0;0;0;0;0;0;0;0
2015;1107,00;0;0;0;0;0;0;0;0;0;0;0;0;0;0;0;0;0;0;0;0;0;0;0;0
2015;1111,00;0;0;0;0;0;0;0;0;0;0;0;0;0;0;0;0;0;0;0;0;0;0;0;0
2015;207,00;53;0;0;0;0;0;0;0;0;0;0;0;0;0;0;0;0;0;0;0;0;738;53;0
2015;431,00;0;0;0;0;0;0;0;0;0;0;0;0;0;0;0;1953;0;0;0;0;0;0;0;0
2015;387,00;6787;0;1;0;0;0;0;0;0;3084;0;0;0;0;0;36261;0;0;0;5114;0;1071;0;0
2015;179,00;0;0;0;0;0;0;0;0;0;0;0;0;0;0;0;292;0;0;0;0;0;0;0;0
2015;606,00;4390;0;5;0;0;0;0;0;0;3124;759;0;0;0;0;30283;3072;0;0;4514;0;1029;0;0
2015;925,00;18846;0;19;2617;0;1844;0;5975;0;4871;0;0;0;9548;0;155896;0;0;0;18565;0;5344;550;319
2015;541,00;5601;0;0;0;0;0;0;0;0;1605;0;0;0;0;0;27109;0;0;0;3895;0;785;0;0
2015;797,00;1595;0;2;0;0;0;0;0;0;1753;0;0;0;0;0;32547;0;0;0;4675;0;588;0;0
2015;627,00;9515;0;0;0;0;0;0;0;0;2055;0;0;0;3272;0;54074;16871;0;0;8317;0;1899;163;0
2015;173,00;0;0;0;0;0;0;0;0;0;0;0;0;0;0;0;0;0;0;0;0;0;0;0;0
2015;636,00;15094;0;16;0;0;0;0;0;0;7821;0;0;0;6233;0;107809;0;831;0;13630;0;2724;729;267
2015;205,00;642;0;0;0;0;0;0;0;0;182;0;0;0;0;0;5757;0;0;0;0;0;187;0;0
2015;814,00;173;0;0;0;0;0;0;0;0;0;0;0;0;0;0;845;0;0;0;0;0;58;0;0
2015;881,00;0;0;0;0;0;0;0;0;0;1210;0;0;0;0;0;0;0;0;0;0;0;277;21;5
2015;771,00;15653;0;15;622;0;0;1949;10013;0;4225;0;0;0;7739;0;219716;17980;2283;0;18092;3060;2152;493;451
2015;533,00;2399;0;0;0;0;344;0;0;0;1325;0;0;0;0;0;4514;0;0;0;0;0;214;0;0
2015;447,00;6021;0;3;0;0;0;0;0;0;65;0;0;0;2775;0;22883;0;0;0;2128;0;1141;28;24
2015;815,00;559;0;0;15;0;278;0;0;0;715;0;0;0;6786;0;3928;0;0;0;6572;0;185;0;0
2015;801,00;10555;930;14;0;0;3736;0;0;0;3830;15544;0;0;5969;0;143646;34774;0;0;15805;0;4604;330;0
2015;800,00;450;0;0;0;0;0;0;0;0;412;0;0;0;1280;0;10625;0;0;0;152;0;255;34;0
2015;389,00;8895;0;0;0;0;0;0;0;0;925;0;0;0;2297;0;76787;0;0;0;4428;0;1431;56;34
2015;695,00;8247;0;13;490;0;737;0;0;0;5695;0;0;0;15411;0;173275;57225;0;0;16575;0;3114;985;256
2015;816,00;2388;0;0;0;0;0;0;0;0;2388;0;0;0;0;0;63348;0;0;0;4188;0;856;48;77
2015;833,00;3785;0;0;0;0;0;0;0;0;4171;0;0;0;0;0;80050;0;0;0;4607;0;1789;24;46
2015;870,00;1936;0;1;0;0;444;0;0;0;685;0;0;0;6836;0;19362;0;0;0;3702;0;680;0;22
2015;927,00;2714;0;0;0;0;0;0;0;0;701;0;0;0;5262;0;11018;0;0;0;0;0;376;0;0
2015;961,00;12568;0;12;0;0;0;0;2612;0;2836;0;0;0;0;0;187040;31560;0;0;13382;0;2240;309;0
2015;962,00;0;0;0;0;0;0;0;0;0;125;0;0;0;819;0;3539;0;0;0;373;0;0;0;0
2015;1079,00;597;0;0;0;0;638;0;0;0;1427;0;0;0;2182;0;16628;0;0;0;0;0;235;0;0
2015;1101,00;3650;0;0;0;0;0;0;0;0;561;0;0;0;1569;0;14662;0;0;0;2192;0;706;81;12
2015;666,00;19439;0;65;3291;0;0;9698;0;0;5942;769;0;0;12558;0;104397;38087;0;0;23482;0;759;365;146
2015;392,00;0;0;0;0;0;0;0;0;0;0;0;0;0;0;0;2134;0;0;0;0;0;0;0;0
2015;790,00;7082;0;0;0;0;4045;0;4657;0;3117;0;0;0;6364;0;21680;0;515;0;9150;0;1593;53;11
2015;650,00;6607;0;10;0;0;0;0;0;0;475;0;0;0;0;0;60130;0;0;0;7384;0;1160;74;0
2015;876,00;13661;0;35;0;0;0;0;0;0;2117;0;0;0;6850;0;49487;0;0;0;10653;0;2066;131;120
2015;944,00;0;0;0;0;0;0;0;0;0;0;0;0;0;1783;0;4830;0;0;0;387;0;0;0;0
2015;952,00;8952;0;0;0;0;1025;0;0;0;3731;0;0;0;6352;0;60792;0;0;0;3352;0;1421;22;6
2015;54,00;0;0;0;0;0;0;0;0;0;0;0;0;0;0;0;0;0;0;0;0;0;0;0;0
2015;367,00;2343;0;0;0;0;1241;0;0;0;19996;0;0;0;4855;0;19853;0;0;0;3175;0;892;12;0
2015;538,00;13775;0;7;0;0;0;0;0;0;3004;0;0;0;5029;0;96561;4007;0;0;9842;0;2438;110;356
2015;557,00;4287;0;2;0;0;0;0;0;0;1902;0;0;0;0;0;39281;0;0;0;4312;0;921;48;0
2015;653,00;5854;0;1;0;0;0;0;0;0;2120;0;0;0;4735;0;67337;5315;0;0;6621;276;1271;93;0
2015;647,00;4188;0;2;0;0;0;0;0;0;1354;0;0;0;0;0;50405;0;0;0;5376;0;217;25;0
2015;978,00;20504;0;11;469;0;3784;0;9145;0;2263;0;4614;0;6374;0;170730;12112;0;0;17383;256;3670;283;154
2015;996,00;0;0;0;0;0;0;0;0;0;702;0;0;0;6093;0;41027;0;0;0;3472;0;927;36;5
2015;729,00;27406;0;42;2648;0;11609;0;5561;0;12134;21963;4076;0;21265;0;413630;36126;1197;0;47795;0;5192;1036;625
2015;182,00;5248;0;1;0;0;0;0;0;0;1197;0;0;0;4907;0;16346;0;0;0;5719;0;0;0;0
2015;633,00;1192;0;1;140;0;0;0;0;0;115;0;0;0;156;0;48459;0;0;0;126;0;449;10;4
2015;685,00;871;0;0;0;0;0;0;0;0;19585;0;0;0;0;0;99632;0;0;0;9617;0;2601;84;0
2015;683,00;0;0;0;0;0;0;0;0;0;4278;0;0;0;0;0;60800;0;0;0;4263;0;512;58;0
2015;945,00;4205;0;1;0;0;0;0;0;0;6074;0;0;0;2210;0;50157;0;0;0;3788;0;490;24;0
2015;953,00;0;0;0;274;0;0;0;0;0;0;0;0;0;0;0;0;0;0;0;0;0;0;0;0
2015;1022,00;1047;0;0;0;0;0;0;0;0;1999;0;0;0;1152;0;34683;0;0;0;1855;0;208;0;0
2015;1049,00;896;0;0;0;0;0;0;0;0;1369;0;0;0;432;0;22096;0;0;0;1301;0;141;0;0
2015;794,00;47569;0;119;727;0;0;1385;0;0;8093;0;0;0;14420;0;175676;74283;0;0;44047;0;7549;897;392
2015;415,00;183;0;0;0;0;0;0;0;0;1347;0;0;0;0;0;2404;0;6941;0;5622;0;48;0;0
2015;592,00;4288;0;0;63;0;559;0;0;0;2116;0;0;0;2666;0;34759;0;0;0;2850;0;0;0;0
2015;497,00;2129;0;0;33;0;242;0;0;0;1435;0;0;0;3121;0;22906;0;0;0;1991;0;675;9;0
2015;458,00;10016;0;2;133;0;2910;0;1127;0;7425;0;1517;0;6345;0;83354;0;793;0;7904;0;2746;117;19
2015;726,00;19991;0;24;0;0;2509;0;0;0;3261;0;0;0;4165;0;132851;18478;0;0;21009;0;2843;283;135
2015;272,00;2605;0;0;0;0;0;0;0;0;1108;0;0;0;6649;0;27981;0;0;0;3364;0;33;15;0
2015;805,00;32153;0;105;2047;0;2957;0;3760;0;8205;0;1900;0;12673;0;193612;44883;1091;0;36379;0;6733;1566;565
2015;5,00;871;0;0;0;0;896;0;0;0;678;0;0;0;2485;0;4282;0;0;0;434;0;202;0;0
2015;234,00;12449;0;0;0;0;0;0;0;0;2618;0;0;0;5438;0;18423;0;0;0;2811;0;881;12;1
2015;64,00;0;0;0;0;0;0;0;0;0;0;0;0;0;0;0;0;0;0;0;0;0;0;0;0
2015;842,00;0;0;0;0;0;0;0;0;0;445;0;0;0;0;0;42268;0;0;0;6116;0;863;0;0
2015;843,00;0;0;0;0;0;0;0;0;0;401;0;0;0;0;0;24637;0;0;0;4119;0;865;0;0
2015;803,00;10304;0;1;0;0;0;0;0;0;3313;0;0;0;5193;0;77983;9457;2588;0;9863;65;3543;143;125
2015;211,00;1837;0;0;0;0;0;0;0;0;0;0;0;0;0;0;0;0;0;0;0;0;86;0;0
2015;773,00;15340;0;103;970;0;3868;0;5359;0;3533;0;0;0;11740;0;81307;0;0;0;27850;0;0;0;0
2015;424,00;0;0;0;0;0;0;0;0;0;0;0;0;0;0;0;219408;0;0;0;0;0;0;0;0
2015;298,00;16837;0;0;272;0;2253;0;5193;0;5215;0;0;0;18812;0;28740;0;314;0;6633;0;0;0;0
2015;594,00;0;0;0;0;0;0;0;0;0;633;0;0;0;1923;0;3231;0;0;0;822;0;0;0;0
2015;237,00;404;0;0;0;0;0;0;0;0;0;0;0;0;0;0;12839;0;0;0;0;0;0;0;0
2015;16,00;0;0;0;0;0;0;0;0;0;0;0;0;0;0;0;0;0;0;0;0;0;0;0;0
2015;768,00;2146;0;1;0;0;0;0;0;0;1754;0;0;0;0;0;10098;0;0;0;0;0;0;0;0
2015;617,00;8677;0;17;0;0;0;0;0;0;6403;0;0;0;3187;0;60106;0;0;0;7278;0;0;0;0
2015;297,00;20360;0;0;0;0;910;0;0;0;4348;0;0;0;6296;0;19468;0;0;0;0;0;0;0;0
2015;105,00;0;0;0;0;0;0;0;0;0;0;0;0;0;0;0;0;0;0;0;0;0;0;0;0
2015;544,00;2408;0;0;0;0;0;0;0;0;3344;0;0;0;0;0;29943;0;0;0;1759;0;0;0;0
2015;804,00;9492;0;14;0;0;1599;0;0;0;6940;0;0;0;5441;0;31194;0;0;0;5658;0;0;0;0
2015;104,00;0;0;0;0;0;0;0;0;0;0;0;0;0;0;0;0;0;0;0;0;0;0;0;0
2015;20,00;0;0;0;0;0;0;0;0;0;0;0;0;0;0;0;0;0;0;0;0;0;0;0;0
2015;550,00;0;0;0;0;0;0;0;0;0;5615;0;0;0;0;0;53836;0;0;0;0;0;0;0;0
2015;112,00;0;0;0;0;0;0;0;0;0;0;0;0;0;0;0;0;0;0;0;0;0;0;0;0
2015;818,00;0;0;0;0;0;0;0;0;0;0;0;0;0;0;0;0;0;0;0;0;0;0;0;0
2015;882,00;0;0;0;0;0;0;0;0;0;0;0;0;0;0;0;0;0;0;0;0;0;0;0;0
2015;914,00;0;0;0;0;0;0;0;0;0;0;0;0;0;0;0;0;0;0;0;0;0;0;0;0
2015;928,00;0;0;0;0;0;0;0;0;0;0;0;0;0;0;0;0;0;0;0;0;0;0;0;0
2015;964,00;4774;0;15;0;0;0;0;0;0;2144;0;0;0;3810;0;39386;0;0;0;6822;0;0;0;0
2015;1026,00;0;0;0;0;0;0;0;0;0;0;0;0;0;0;0;0;0;0;0;0;0;0;0;0
2015;1068,00;0;0;0;0;0;0;0;0;0;0;0;0;0;0;0;0;0;0;0;0;0;0;0;0
2015;1108,00;0;0;0;0;0;0;0;0;0;1333;0;0;0;0;0;18661;0;0;0;2449;0;0;0;0
2015;404,00;0;0;0;0;0;0;0;0;0;0;0;0;0;7269;0;3203;0;0;0;79;0;1672;0;0
2015;274,00;0;0;0;0;0;0;0;1305;0;3859;0;0;0;6872;0;70132;0;998;0;5873;0;970;0;0
2015;270,00;3154;0;0;0;0;0;0;825;0;3294;0;0;0;4074;0;28112;0;0;0;4849;0;2652;40;27
2015;676,00;4072;0;0;0;0;0;0;0;0;6819;0;0;0;0;0;77295;0;0;0;5768;0;953;67;64
2015;709,00;193;0;6;0;0;0;0;0;0;6798;0;0;0;0;0;89102;0;0;0;7418;0;1473;52;0
2015;754,00;43058;0;75;2481;0;13345;0;7146;0;15571;0;5547;0;28479;0;526622;0;1752;0;65297;0;9847;1770;789
2015;997,00;0;0;0;0;0;0;0;0;0;2736;0;0;0;0;0;44453;0;0;0;3201;0;748;0;0
2015;734,00;23923;0;7;1264;0;0;0;0;0;3316;0;0;0;7465;0;119131;20108;0;0;15776;881;4547;766;237
2015;299,00;2030;0;0;0;0;498;0;0;0;1456;0;0;0;4416;0;17003;0;0;0;194;0;329;0;0
2015;645,00;0;0;0;0;0;670;0;0;0;985;0;0;0;0;0;12322;0;0;0;0;0;0;0;0
2015;17,00;0;0;0;0;0;0;0;0;0;0;0;0;0;0;0;0;0;0;0;0;0;0;0;0
2015;1046,00;0;0;0;0;0;0;0;0;0;0;0;0;0;0;0;0;0;0;0;0;0;0;0;0
2015;420,00;0;0;0;0;0;0;0;0;0;0;0;0;0;1199;0;5648;0;0;0;0;0;0;0;0
2015;802,00;0;0;0;0;0;0;0;0;0;0;0;0;0;0;0;2507;0;0;0;0;0;0;0;0
2015;266,00;2782;0;0;0;0;287;0;0;0;878;0;0;0;11251;0;28379;0;0;0;4760;0;0;0;0
2015;137,00;1425;0;0;0;0;6371;0;0;0;1464;0;0;0;3926;0;8884;0;0;0;765;0;0;0;0
2015;769,00;9984;0;6;0;0;106;0;3389;0;46638;0;1691;0;2939;0;6165;0;2855;0;8398;0;0;0;0
2015;776,00;3743;0;0;0;0;0;0;0;0;0;0;0;0;0;0;32339;18807;0;0;6371;0;0;0;0
2015;640,00;3692;0;0;0;0;0;0;0;0;0;0;0;0;0;0;45495;0;0;0;4080;0;0;0;0
2015;315,00;0;0;0;0;0;0;0;0;0;0;0;0;0;0;0;0;0;0;0;0;0;0;0;0
2015;40,00;0;0;0;0;0;0;0;0;0;0;0;0;0;0;0;0;0;0;0;0;0;0;0;0
2015;508,00;3354;0;0;0;0;0;0;0;0;0;0;0;0;4837;0;20891;11157;0;0;5018;0;0;0;0
2015;46,00;0;0;0;0;0;0;0;0;0;0;0;0;0;0;0;0;0;0;0;0;0;0;0;0
2015;590,00;6371;0;7;0;0;0;0;0;0;0;0;0;0;230;0;38045;17720;0;0;5552;0;0;0;0
2015;777,00;5158;0;7;0;0;0;0;0;0;0;0;0;0;0;0;37398;15184;0;0;4328;0;0;0;0
2015;897,00;24865;0;36;1309;0;0;0;0;0;6961;0;13;0;19000;0;134479;103665;0;0;34981;0;0;0;0
2015;965,00;0;0;0;0;0;0;0;0;0;0;0;0;0;0;0;0;0;0;0;0;0;0;0;0
2015;461,00;3346;0;0;0;0;0;0;0;0;5;0;0;0;0;0;12778;0;0;0;0;0;1924;0;0
2015;376,00;725;0;0;0;0;240;0;0;0;180;0;0;0;0;0;9730;0;0;0;1290;0;225;0;0
2015;621,00;3359;0;2;0;0;0;0;0;0;4153;0;0;0;3022;0;64739;0;0;0;4361;0;770;63;0
2015;793,00;16251;0;32;1227;0;0;3510;2987;0;24686;850;0;0;13227;0;299603;87620;2592;0;28902;0;3244;878;171
2015;1102,00;2352;0;0;0;0;0;0;0;0;1236;0;0;0;0;0;17752;0;0;0;2057;0;856;5;0
2015;712,00;14399;0;5;0;0;0;0;0;0;1643;0;0;0;0;0;61216;0;0;0;7100;0;2008;108;215
2015;32,00;0;0;0;0;0;0;0;0;0;0;0;0;0;0;0;0;0;0;0;0;0;0;0;0
2015;361,00;0;0;0;0;0;0;0;0;0;10065;0;0;0;0;0;2103;0;0;0;1508;0;0;0;0
2015;486,00;0;0;0;0;0;0;0;1088;0;724;0;0;0;0;0;5418;0;0;0;1563;0;1217;0;0
2015;595,00;2829;0;1;0;0;0;0;0;0;3301;0;0;0;0;0;53400;6450;0;0;8299;0;1479;55;0
2015;433,00;0;0;0;0;0;0;0;0;0;342;0;0;0;0;0;14478;0;0;0;0;0;0;0;0
2015;1058,00;0;0;0;0;0;0;0;0;0;0;0;0;0;0;0;8973;0;0;0;0;0;212;0;0
2015;261,00;1912;0;0;0;0;0;0;0;0;0;0;0;0;0;0;6783;0;0;0;0;0;782;0;0
2015;730,00;9610;0;4;0;0;0;0;0;0;9123;0;0;0;0;0;90223;0;0;0;9437;0;1429;82;0
2015;577,00;4907;0;2;0;0;0;0;0;0;6314;0;0;0;0;0;83087;0;0;0;9692;0;1813;81;0
2015;788,00;10234;0;15;1547;0;0;0;4953;0;4532;0;0;0;1351;0;244442;0;0;0;23681;0;4435;70;189
2015;865,00;2904;0;2;0;0;0;0;0;0;5220;0;0;0;1784;0;58028;0;0;0;4502;0;751;19;0
2015;979,00;689;0;0;0;0;0;0;0;0;1344;0;0;0;740;0;21185;0;0;0;2128;0;162;0;0
2015;998,00;224;0;0;0;0;0;0;0;0;2341;0;0;0;977;0;30088;0;0;0;938;0;173;1;0
2015;221,00;0;0;0;0;0;264;0;0;0;287;0;0;0;859;0;2605;0;0;0;700;0;288;24;0
2015;506,00;0;0;0;0;0;664;0;444;0;308;0;0;0;3763;0;30579;0;0;0;2834;0;570;0;0
2015;727,00;12957;0;5;0;0;0;0;0;0;2233;0;0;0;5453;0;99633;0;0;0;15768;0;4201;316;0
2015;355,00;454;0;0;0;0;0;0;0;0;809;0;0;0;1526;0;17511;0;0;0;1516;0;213;0;0
2015;487,00;371;0;0;0;0;2;0;0;0;30;0;0;0;961;0;9256;0;0;0;1545;0;186;13;0
2015;938,00;21872;0;30;1478;0;3657;0;6724;0;4034;6637;0;0;12515;0;164090;76261;0;0;28345;0;8133;637;255
2015;886,00;380;0;1;0;0;87;0;0;0;190;0;0;0;2225;0;7929;0;0;0;732;0;147;0;0
2015;835,00;726;0;0;0;0;427;0;0;0;0;0;0;0;1560;0;0;0;0;0;765;0;648;0;0
2015;999,00;0;0;0;0;0;0;0;0;0;0;0;0;0;0;0;95;0;0;0;0;0;0;0;0
2015;798,00;22503;0;83;608;0;0;0;0;0;6271;0;0;0;0;0;120209;0;0;0;27284;0;0;0;0
2015;504,00;0;0;0;270;0;0;0;0;0;953;0;0;0;8366;0;36418;0;0;0;10592;0;0;0;0
2015;247,00;1189;0;0;0;0;0;815;0;0;280;2716;0;0;0;0;3796;4857;0;0;2867;0;0;0;0
2015;216,00;1296;0;1;0;0;1286;0;0;0;2035;0;0;0;3694;0;18180;0;0;0;2540;0;0;0;0
2015;654,00;2630;0;0;0;0;0;0;0;0;1901;0;0;0;3771;0;13614;0;0;0;3336;0;0;0;0
2015;65,00;0;0;0;0;0;0;0;0;0;0;0;0;0;0;0;0;0;0;0;0;0;0;0;0
2015;472,00;605;0;0;0;0;0;0;0;0;1195;0;0;0;0;0;15083;0;0;0;1831;0;0;0;0
2015;427,00;0;0;0;0;0;0;0;0;0;0;0;0;0;0;0;4142;0;0;0;0;0;0;0;0
2015;491,00;503;0;0;0;0;0;0;0;0;1497;0;0;0;0;0;13606;0;0;0;2145;0;0;0;0
2015;551,00;607;0;0;0;0;0;0;0;0;381;0;0;0;0;0;8508;0;0;0;854;0;0;0;0
2015;106,00;0;0;0;0;0;0;0;0;0;0;0;0;0;0;0;0;0;0;0;0;0;0;0;0
2015;819,00;0;0;0;0;0;0;0;0;0;0;0;0;0;0;0;0;0;0;0;0;0;0;0;0
2015;836,00;0;0;0;0;0;0;0;0;0;0;0;0;0;0;0;0;0;0;0;0;0;0;0;0
2015;915,00;0;0;0;0;0;0;0;0;0;0;0;0;0;0;0;0;0;0;0;0;0;0;0;0
2015;942,00;0;0;0;0;0;0;0;0;0;0;0;0;0;0;0;0;0;0;0;0;0;0;0;0
2015;748,00;16969;2227;15;187;0;0;2596;0;2406;8182;18656;0;1333;12528;3657;128043;47766;0;629;25516;4055;4548;435;253
2015;198,00;0;0;0;0;0;0;0;0;0;0;0;0;0;0;0;0;0;0;0;0;0;0;0;0
2015;871,00;3775;0;1;0;0;863;0;0;0;621;0;0;0;5342;0;31055;0;0;0;4750;0;2123;76;15
2015;948,00;0;0;0;0;0;98;0;0;0;0;0;0;0;2979;0;20270;0;0;0;1436;0;188;1;0
2015;1051,00;0;0;0;0;0;0;0;0;0;0;0;0;0;0;0;0;0;0;0;0;0;0;0;0
2015;1083,00;0;0;0;0;0;0;0;0;0;0;0;0;0;0;0;0;0;0;0;0;0;0;0;0
2015;1096,00;0;0;0;0;0;0;0;0;0;0;0;0;0;0;0;0;0;0;0;0;0;0;0;0
2015;679,00;18884;0;16;1613;0;3081;0;0;0;5175;0;0;0;13855;0;201729;0;0;0;25905;0;4172;359;500
2015;176,00;0;0;0;0;0;0;0;0;0;573;0;0;0;5235;0;11384;0;0;0;2901;0;568;0;0
2015;537,00;0;0;0;0;0;0;0;0;0;585;0;0;0;6171;0;9556;0;0;0;2482;0;636;0;0
2015;608,00;8232;0;4;0;0;0;0;0;0;1326;0;0;0;2842;0;62294;0;0;0;5853;0;1483;115;0
2015;596,00;2255;0;0;0;0;0;0;0;0;754;0;0;0;0;0;40601;0;0;0;4423;0;958;0;0
2015;749,00;44003;0;19;1232;0;3125;0;9877;0;9069;930;0;0;20972;0;203861;86944;0;0;52463;0;8597;931;352
2015;758,00;31042;1956;127;546;0;8718;0;5960;0;11413;4293;3258;0;25964;0;206542;82939;1008;0;42875;0;7527;1328;445
2015;1104,00;23632;0;95;1600;0;12322;0;3669;0;4187;7691;4822;0;35408;0;170116;67945;955;0;41411;0;6847;1126;225
2015;436,00;0;0;0;0;0;0;0;0;0;0;3691;0;0;0;0;7888;31482;0;0;0;1802;0;0;0
2015;567,00;8571;0;0;0;0;15146;0;0;0;4820;0;0;0;0;0;10669;0;0;0;3263;0;2149;0;0
2015;677,00;13352;0;13;544;0;2968;0;0;0;3199;0;0;0;12734;0;99535;19537;2938;0;23543;0;4397;687;365
2015;670,00;4111;0;1;0;0;0;0;0;0;0;0;0;0;5909;0;31888;0;0;0;1646;0;60;99;0
2015;588,00;5546;0;0;0;0;0;0;1691;0;1702;0;0;0;0;0;19367;0;0;0;5890;0;782;0;0
2015;753,00;29338;0;49;880;0;6253;0;6869;0;6240;4465;2121;0;20686;0;217715;45857;1390;0;47194;0;9884;844;548
2015;887,00;0;0;0;0;0;0;0;0;0;0;0;0;0;0;0;702;0;0;0;0;0;0;0;0
2015;245,00;0;0;0;0;0;9397;0;0;0;24772;0;0;0;22022;0;58490;0;0;0;10545;0;842;46;18
2015;603,00;5651;0;0;0;0;0;0;0;0;1574;0;0;0;10972;0;76025;0;0;0;6877;0;2343;15;0
2015;426,00;0;0;0;0;0;0;0;0;0;8004;0;0;0;3324;0;6348;0;0;0;904;0;1857;0;0
2015;232,00;4772;0;0;0;0;1181;0;0;0;5052;0;0;0;5050;0;8503;0;0;0;1544;0;1448;0;0
2015;288,00;4362;0;0;0;0;0;0;0;0;7080;0;0;0;13110;0;59493;0;0;0;9155;0;9999;0;0
2015;246,00;3902;0;0;0;0;0;0;0;0;2318;0;0;0;1901;0;9551;0;0;0;1346;0;2117;0;1
2015;284,00;0;0;0;0;0;3772;0;0;0;19088;0;0;0;0;0;78945;0;0;0;7176;0;2396;33;0
2015;18,00;0;0;0;0;0;0;0;0;0;0;0;0;0;0;0;0;0;0;0;0;0;0;0;0
2015;356,00;0;0;0;0;0;0;0;0;0;0;0;0;0;0;0;0;0;0;0;0;0;0;0;0
2015;401,00;0;0;0;0;0;0;0;0;0;0;0;0;0;0;0;317;0;0;0;0;0;0;0;0
2015;733,00;38298;0;14;3911;0;4109;4349;2698;0;6648;10389;0;0;29697;10204;149158;69846;0;0;31556;7710;10388;1438;180
2015;243,00;0;0;0;0;0;0;0;0;0;0;0;0;0;6484;0;15818;0;0;0;1516;0;2445;0;0
2015;380,00;0;0;0;0;0;0;0;0;0;0;0;0;0;0;0;1358;0;0;0;0;0;0;0;0
2015;716,00;9958;0;0;0;0;567;0;0;0;1090;0;0;0;8035;0;55931;0;0;0;6457;0;2589;0;0
2015;534,00;5310;0;0;197;0;1745;0;6453;0;2185;0;0;0;14939;0;38970;0;0;0;6019;0;2059;14;0
2015;185,00;0;0;0;0;0;283;0;0;0;837;0;0;0;1686;0;8673;0;0;0;1384;0;1215;599;0
2015;258,00;5712;0;0;54;0;1178;0;0;0;1532;0;570;0;6027;0;15257;0;0;0;4425;0;1455;213;25
2015;505,00;388;0;0;0;0;978;0;0;0;8760;0;0;0;3222;0;20226;0;0;0;1339;0;1406;0;0
2015;268,00;10406;0;0;109;0;495;0;0;0;1065;0;0;0;9507;0;27975;0;0;0;3009;0;1273;8;26
2015;602,00;5474;0;1;377;0;2401;0;0;0;5867;0;696;0;8650;0;38796;0;808;0;4019;0;856;56;12
2015;254,00;0;0;0;89;0;6842;0;2864;0;4891;0;546;0;17422;0;52365;0;0;0;5038;0;1476;42;7
2015;705,00;15848;0;0;538;0;0;0;0;0;4559;0;0;0;14139;0;47869;0;0;0;10923;0;2923;69;103
2015;133,00;3337;0;4;0;0;0;0;0;0;8438;0;0;0;0;0;1485;0;0;0;118;0;0;0;0
2015;33,00;0;0;0;0;0;0;0;0;0;0;0;0;0;0;0;0;0;0;0;0;0;0;0;0
2015;143,00;0;0;0;0;0;0;0;0;0;0;0;0;0;0;0;0;0;0;0;0;0;0;0;0
2015;36,00;0;0;0;0;0;0;0;0;0;0;0;0;0;0;0;0;0;0;0;0;0;0;0;0
2015;756,00;7986;0;8;144;0;1922;0;1628;0;2501;0;0;0;7192;0;87895;0;906;0;12357;0;2038;186;107
2015;662,00;35228;0;8;0;0;2603;0;0;0;3868;2639;0;0;8442;5084;112474;51814;0;0;16148;3970;5440;574;112
2015;192,00;0;0;0;0;0;0;0;0;0;0;0;0;0;0;0;4346;0;0;0;0;0;0;0;0
2015;382,00;0;0;0;0;0;0;0;0;0;0;0;0;0;0;0;865;0;0;0;0;0;0;0;0
2015;322,00;0;0;0;0;0;0;0;0;0;0;0;0;0;0;0;1365;0;0;0;0;0;0;0;0
2015;478,00;0;0;0;0;0;0;0;0;0;0;0;0;0;6569;0;4856;0;0;0;1807;0;0;0;0
2015;352,00;0;0;0;0;0;0;0;0;0;0;0;0;0;0;0;3600;0;0;0;0;0;0;0;0
2015;628,00;17865;0;5;280;0;0;0;0;0;7389;0;0;0;5027;0;74972;42629;0;0;16626;0;3125;412;132
2015;291,00;0;0;0;0;0;0;0;0;0;0;0;0;0;0;0;0;0;0;0;0;0;0;0;0
2015;495,00;0;0;0;0;0;0;0;0;0;0;0;0;0;7735;0;43819;0;0;0;3501;0;0;0;0
2015;845,00;12000;0;20;0;0;0;0;0;0;5596;0;0;0;9483;0;38626;86975;0;0;10527;0;3455;301;140
2015;498,00;5301;0;0;0;0;0;0;0;0;2560;0;0;0;4155;0;52147;0;0;0;5525;0;1352;18;0
2015;314,00;0;0;0;0;0;0;0;0;0;0;0;0;0;0;0;2383;0;0;0;0;0;0;0;0
2015;720,00;4977;0;0;0;0;0;0;0;0;3599;0;0;0;15606;0;76481;0;0;0;5734;0;2142;124;33
2015;721,00;18433;0;52;1106;0;0;0;0;0;5210;0;2308;0;14513;0;88807;27846;7701;0;15099;0;1756;366;113
2015;485,00;8;0;4;0;0;0;0;0;0;0;0;0;0;0;0;0;0;0;0;0;0;0;0;0
2015;273,00;9718;0;0;680;0;0;0;0;0;1853;0;0;0;8017;0;45125;0;0;0;10342;0;4891;98;73
2015;846,00;28627;0;85;220;0;1298;0;3927;0;5809;0;0;0;11044;0;115839;0;0;0;16547;0;4408;314;74
2015;847,00;0;0;0;0;0;0;0;2961;0;0;0;0;0;31921;0;70755;0;0;0;5188;0;1431;0;0
2015;848,00;12845;0;6;248;0;1794;0;0;0;6997;0;0;0;14709;0;65743;0;0;0;8321;0;3587;36;78
2015;916,00;9126;0;0;0;0;0;0;1163;0;3368;0;965;0;4218;0;6556;0;0;0;6762;0;1268;82;13
2015;930,00;0;0;0;184;0;1795;0;0;0;3120;0;0;0;15094;0;41320;0;0;0;5096;0;3213;68;52
2015;954,00;18509;0;39;70;0;0;0;2313;0;5709;0;1334;0;8481;0;90059;32273;215;0;16368;0;3729;366;95
2015;943,00;7291;0;0;0;0;0;0;0;0;5392;0;0;0;12560;0;73847;0;0;0;4268;0;2219;17;0
2015;949,00;49257;0;160;71;0;7965;0;9309;0;15340;0;2840;0;19226;0;218031;43267;1483;0;43064;0;8276;1798;380
2015;980,00;14780;0;0;296;0;2817;0;0;0;7196;0;525;0;14824;0;30563;0;2919;0;11035;0;0;0;0
2015;981,00;781;0;0;0;0;0;0;0;0;1213;0;0;0;6743;0;2599;0;0;0;713;0;122;66;0
2015;1024,00;21132;0;0;420;0;3186;0;3251;0;6214;0;1987;0;22729;0;55064;0;158;0;13762;0;4217;530;116
2015;1017,00;0;0;0;0;0;0;0;0;0;0;0;0;0;0;0;0;0;0;0;0;0;0;0;0
2015;1000,00;31897;0;0;448;0;2813;0;2743;0;6843;0;1427;0;19203;0;75209;0;361;0;14722;0;4527;222;122
2015;1018,00;13691;0;7;262;0;2122;0;0;0;2709;0;0;0;12976;0;87511;0;0;0;11467;0;7081;109;44
2015;1001,00;15916;0;0;57;0;1057;0;0;0;2896;0;0;0;6028;0;14298;0;0;0;2336;0;1177;0;0
2015;1007,00;13323;0;17;1702;0;4135;0;0;0;5647;0;0;0;12856;0;140642;0;0;0;15805;0;2949;365;117
2015;1008,00;16537;0;3;0;0;0;0;0;0;3183;0;0;0;6877;0;103595;0;0;0;10241;0;3838;306;109
2015;1009,00;24162;0;10;0;0;2221;0;0;0;3001;0;0;0;9325;0;102658;0;0;0;14444;0;4320;166;0
2015;1010,00;11006;0;6;0;0;0;0;0;0;2381;0;0;0;6710;0;76457;0;0;0;7938;0;2433;204;108
2015;1011,00;7833;0;4;34;0;0;0;0;0;1866;0;0;0;4924;0;62133;0;0;0;6242;0;1568;81;32
2015;1012,00;10116;0;9;0;0;0;0;0;0;3537;0;0;0;6368;0;82444;0;0;0;10561;0;2547;171;59
2015;1013,00;38261;0;87;2558;0;3127;0;0;0;13200;0;3463;0;22695;0;203386;0;6195;0;34002;0;5466;1343;0
2015;1041,00;0;0;0;0;0;0;0;0;0;0;0;0;0;0;0;0;0;0;0;0;0;0;0;0
2015;1073,00;17949;0;17;0;0;1442;0;0;0;9214;0;0;0;11095;0;67868;9405;0;0;12633;0;3008;323;136
2015;1087,00;17607;0;12;2423;0;2312;0;2408;0;3141;0;1848;0;21071;0;146077;0;0;0;19479;0;4448;742;120
2015;1109,00;8208;0;0;0;0;684;0;696;0;2438;0;0;0;9025;0;82447;0;0;0;8409;0;2261;123;49
2015;1110,00;14586;0;2;343;0;0;0;0;0;2948;0;268;0;7253;0;22935;0;36;0;3413;0;1372;24;13
2015;1112,00;2732;0;0;0;0;1609;0;1185;0;1997;0;0;0;2592;0;17404;0;0;0;223;0;849;0;0
2015;789,00;0;0;0;0;0;0;0;0;0;0;0;0;0;0;0;0;0;0;0;0;0;0;0;0
2015;326,00;0;0;0;0;0;0;0;0;0;0;0;0;0;0;0;0;0;0;0;0;0;0;0;0
2015;442,00;191;0;0;0;0;2057;0;1342;0;2974;0;0;0;7780;0;10091;0;0;0;3956;0;618;18;35
2015;294,00;0;0;0;0;0;551;0;0;0;1961;0;0;0;5524;0;33052;0;0;0;6020;0;1436;32;21
2015;378,00;0;0;0;0;0;0;0;0;0;0;0;0;0;0;0;3495;0;0;0;859;0;274;1;0
2015;402,00;305;0;0;0;0;0;0;0;0;545;0;0;0;1552;0;6828;0;0;0;706;0;184;2;0
2015;29,00;0;0;0;0;0;0;0;0;0;0;0;0;0;0;0;0;0;0;0;0;0;0;0;0
2015;450,00;55;0;0;0;0;0;0;0;0;0;0;0;0;0;0;1934;0;0;0;0;0;69;0;0
2015;656,00;8577;0;8;0;0;0;0;0;0;8133;0;0;0;0;0;119331;0;0;0;7570;0;2022;35;0
2015;333,00;8013;0;0;0;0;773;0;0;0;1254;0;0;0;6026;0;37165;0;0;0;5860;0;1392;87;24
2015;668,00;5840;0;0;0;0;0;0;0;0;3792;0;0;0;0;0;71012;0;0;0;4713;0;1323;86;0
2015;684,00;4975;0;0;0;0;0;0;0;0;11351;0;0;0;0;0;141526;0;0;0;8168;0;1869;178;0
2015;422,00;22;0;0;59;0;0;0;0;0;226;0;0;0;3304;0;12292;0;0;0;4038;0;472;35;12
2015;763,00;21054;0;28;656;0;4101;0;5139;0;6704;0;0;0;29061;0;379395;34018;2496;0;49004;0;5372;533;664
2015;741,00;21508;0;21;843;0;4037;0;6773;0;6224;3601;0;0;11982;0;300020;105994;0;0;30899;0;3214;542;198
2015;553,00;19676;0;18;166;0;0;0;0;0;8284;0;0;0;8890;0;128082;9572;0;0;24390;0;3119;434;204
2015;357,00;4641;0;0;0;0;0;0;0;0;621;0;0;0;0;0;9686;0;0;0;0;0;4885;0;36
2015;899,00;0;0;0;0;0;0;0;0;0;0;0;0;0;0;0;0;0;0;0;0;0;0;0;0
2015;900,00;54;0;0;0;0;0;0;0;0;164;0;233;0;0;0;413;0;0;0;625;0;108;0;0
2015;932,00;0;0;0;0;0;0;0;0;0;0;0;0;0;0;0;0;0;0;0;0;0;168;0;8
2015;950,00;878;0;0;0;0;450;0;0;0;1462;0;0;0;1687;0;6700;0;0;0;804;0;264;4;0
2015;966,00;2301;0;0;236;0;424;0;0;0;1285;0;0;0;1406;0;8765;0;0;0;738;0;243;4;3
2015;967,00;0;0;0;0;0;0;0;0;0;0;0;0;0;0;0;0;0;0;0;0;0;0;0;0
2015;982,00;4444;0;0;9;0;709;0;0;0;3121;0;0;0;8836;0;46943;0;1417;0;9173;0;412;67;44
2015;1014,00;0;0;0;0;0;0;0;0;0;971;0;0;0;0;0;31144;0;0;0;5364;0;1821;76;0
2015;1048,00;0;0;0;0;0;0;0;0;0;0;0;0;0;0;0;0;0;0;0;0;0;0;0;0
2015;1080,00;7668;0;0;0;0;1793;0;0;0;4460;0;0;0;7856;0;36811;0;0;0;6252;0;1734;70;49
2015;1074,00;0;0;0;0;0;0;0;0;0;0;0;0;0;1468;0;0;0;0;0;0;0;172;0;0
2015;1084,00;1458;0;0;0;0;35;0;0;0;1006;0;0;0;334;0;19994;0;0;0;111;0;275;0;0
2015;1113,00;39;0;0;0;0;0;0;0;0;0;0;0;0;0;0;44;0;0;0;0;0;0;0;0
2015;722,00;20296;0;53;670;0;2854;0;6792;0;3679;0;3208;0;8733;0;167813;22559;1022;0;25754;0;5235;615;340
2015;660,00;19648;0;43;659;0;0;0;0;0;1954;0;0;0;4169;0;130330;0;0;0;19574;0;2178;524;67
2015;75,00;0;0;0;0;0;0;0;0;0;0;0;0;0;0;0;0;0;0;0;0;0;0;0;0
2015;249,00;3302;0;0;10;0;480;0;0;0;543;0;0;0;2440;0;26978;0;0;0;2049;0;704;0;0
2015;275,00;0;0;0;0;0;0;0;0;0;0;0;0;0;0;0;0;0;0;0;0;0;0;0;0
2015;227,00;0;0;0;0;0;4672;0;0;0;3633;0;0;0;7749;0;51793;0;0;0;5820;0;1518;45;48
2015;150,00;672;0;0;0;0;0;0;0;0;620;0;0;0;0;0;2563;0;0;0;0;0;841;0;1
2015;47,00;0;0;0;0;0;0;0;0;0;0;0;0;0;0;0;0;0;0;0;0;0;0;0;0
2015;172,00;61;0;0;0;0;0;0;0;0;0;0;0;0;4301;0;9468;0;0;0;1688;0;210;0;0
2015;581,00;3021;0;1;0;0;0;0;0;0;997;0;0;0;0;0;63935;0;0;0;6564;0;885;23;0
2015;120,00;61;0;0;0;0;0;0;0;0;0;0;0;0;0;0;1117;0;0;0;0;0;0;0;0
2015;445,00;0;0;0;0;0;0;0;0;0;0;0;0;0;0;0;0;0;0;0;0;0;81;0;0
2015;471,00;0;0;0;0;0;0;0;0;0;0;0;0;0;0;0;19995;0;0;0;0;0;197;15;0
2015;53,00;0;0;0;0;0;0;0;0;0;0;0;0;0;0;0;0;0;0;0;0;0;0;0;0
2015;199,00;204;0;0;0;0;0;0;0;0;274;0;0;0;0;0;7449;0;0;0;0;0;315;0;0
2015;575,00;321;0;0;0;0;0;0;0;0;1023;0;0;0;353;0;69911;0;0;0;5768;0;1229;218;0
2015;528,00;5101;0;1;0;0;0;0;0;0;928;0;0;0;0;0;29832;7197;0;0;3293;0;996;0;0
2015;631,00;12199;0;11;0;0;0;0;0;0;2306;0;0;0;0;0;112840;25017;0;0;7855;0;2504;260;0
2015;699,00;17576;0;0;0;0;0;0;0;0;4003;0;0;0;3011;0;82297;11435;0;0;15603;0;5671;435;121
2015;823,00;0;0;0;0;0;0;0;0;0;0;0;0;0;0;0;16676;0;0;0;0;0;0;0;0
2015;849,00;3917;0;0;0;0;0;0;0;0;3114;0;0;0;0;0;46744;0;0;0;4015;0;763;235;0
2015;869,00;942;0;0;0;0;142;0;0;0;254;0;0;0;0;0;84242;0;0;0;1467;0;572;0;0
2015;955,00;0;0;0;0;0;0;0;0;0;0;0;0;0;0;0;0;0;0;0;0;0;0;0;0
2015;983,00;0;0;0;0;0;0;0;0;0;0;0;0;0;0;0;0;0;0;0;0;0;0;0;0
2015;1002,00;0;0;0;0;0;0;0;0;0;0;0;0;0;0;0;0;0;0;0;0;0;0;0;0
2015;1015,00;24942;0;45;679;0;0;0;1723;0;5378;0;2400;0;13030;0;191792;0;157;0;19461;0;4869;538;366
2015;51,00;0;0;0;0;0;0;0;0;0;0;0;0;0;0;0;0;0;0;0;0;0;0;0;0
2015;441,00;1273;0;0;0;0;0;0;0;0;0;0;0;0;0;0;5269;0;0;0;0;0;0;0;0
2015;327,00;0;0;0;0;0;0;0;0;0;0;0;0;0;0;0;0;0;0;0;0;0;0;0;0
2015;690,00;11532;0;6;815;0;3896;0;0;0;5071;0;3035;0;8838;0;38949;0;2498;0;15325;0;4218;250;50
2015;262,00;3423;0;0;0;0;1527;0;0;0;1096;0;0;0;5995;0;12892;0;0;0;4117;0;2019;33;15
2015;403,00;0;0;0;0;0;0;0;0;0;0;0;0;0;0;0;0;0;0;0;0;0;0;0;0
2015;312,00;0;0;0;0;0;0;0;0;0;0;0;0;0;0;0;0;0;0;0;0;0;0;0;0
2015;589,00;0;0;0;0;0;0;0;0;0;550;0;0;0;0;0;43989;0;0;0;3764;0;1486;39;0
2015;665,00;6171;0;4;0;0;0;0;0;0;745;0;0;0;0;0;66755;0;0;0;8704;0;1179;87;0
2015;334,00;0;0;0;0;0;0;0;0;0;0;0;0;0;0;0;0;0;0;0;0;0;0;0;0
2015;1075,00;75425;0;142;1567;0;0;0;5883;0;12233;0;0;0;14984;0;368667;0;0;0;38063;0;4077;612;639
2015;751,00;28726;0;33;272;0;2514;0;3661;0;5491;0;0;0;8426;0;140109;16239;1061;0;21607;0;4406;752;400
2015;186,00;553;0;0;0;0;66;0;0;0;839;0;0;0;7704;0;9586;0;0;0;1269;0;340;0;0
2015;646,00;1977;0;2;0;0;0;0;0;0;467;0;0;0;0;0;27571;0;0;0;2614;0;678;0;0
2015;536,00;0;0;0;0;0;0;0;0;0;596;0;0;0;0;0;26214;0;0;0;2728;0;754;0;0
2015;242,00;260;0;0;0;0;0;0;0;0;0;0;0;0;0;0;0;0;0;0;0;0;256;0;0
2015;490,00;0;0;0;0;0;0;0;0;0;20049;0;0;0;0;0;10355;0;0;0;0;0;907;0;0
2015;500,00;4742;0;0;0;0;1503;0;421;0;3285;0;326;0;11874;0;30103;0;16;0;5306;0;1912;36;34
2015;206,00;1300;0;0;0;0;703;0;0;0;1249;0;0;0;14061;0;12496;0;0;0;1747;0;289;10;0
2015;58,00;0;0;0;0;0;0;0;0;0;0;0;0;0;0;0;0;0;0;0;0;0;0;0;0
2015;572,00;8461;0;23;0;0;0;0;0;0;3323;0;0;0;4408;0;111770;0;0;0;10164;0;2731;373;132
2015;180,00;469;0;0;0;0;844;0;0;0;7532;0;0;0;0;0;2174;0;0;0;0;0;0;0;0
2015;549,00;2249;0;2;0;0;0;0;0;0;1861;0;0;0;0;0;29570;0;0;0;2059;0;554;31;0
2015;582,00;2389;0;3;0;0;0;0;0;0;3111;0;0;0;0;0;34444;0;0;0;3460;0;427;17;17
2015;743,00;17604;0;75;0;0;0;0;0;0;3652;0;0;0;6408;0;125946;41628;0;0;16546;0;4693;208;150
2015;795,00;6035;0;0;0;0;0;0;0;0;17113;0;0;0;0;0;6787;0;0;0;0;0;0;0;0
2015;269,00;324;0;0;0;0;0;0;0;0;0;0;0;0;3458;0;31124;0;0;0;0;0;827;0;0
2015;634,00;4122;0;4;0;0;0;0;0;0;3196;0;0;0;6812;0;45536;0;0;0;5795;0;1531;48;141
2015;1,00;0;0;0;0;0;0;0;0;0;2722;0;0;0;0;0;165893;0;0;0;0;0;95;71;0
2015;717,00;4554;0;8;0;0;0;0;0;0;1257;0;0;0;2304;0;57188;0;0;0;7297;0;1619;87;0
2015;373,00;0;0;0;0;0;0;0;0;0;4844;0;0;0;0;0;3592;0;0;0;0;0;0;0;0
2015;535,00;7857;0;5;0;0;0;0;0;0;5154;0;0;0;4785;0;52489;0;0;0;6224;0;1995;77;112
2015;824,00;25844;0;121;604;0;5800;0;5108;0;15365;0;1758;0;22040;0;235505;58093;702;0;40576;0;4519;755;317
2015;888,00;2182;0;2;0;0;0;0;0;0;3013;0;0;0;0;0;34692;0;0;0;3708;0;794;20;0
2015;902,00;0;0;0;0;0;0;0;0;0;0;0;0;0;0;0;115;0;0;0;0;0;0;0;0
2015;968,00;0;0;0;0;0;0;0;0;0;0;0;0;0;0;0;0;0;0;0;0;0;0;0;0
2015;346,00;0;0;0;0;0;0;0;0;0;0;0;0;0;0;0;0;0;0;0;0;0;0;0;0
2015;27,00;0;0;0;0;0;0;0;0;0;0;0;0;0;0;0;0;0;0;0;0;0;0;0;0
2015;165,00;770;0;0;0;0;0;0;0;0;446;0;0;0;0;0;5463;0;0;0;1064;0;592;0;0
2015;956,00;15044;0;5;0;0;751;0;0;0;4845;0;0;0;5163;0;123040;0;0;0;12871;0;3999;269;694
2015;413,00;0;0;0;0;0;0;0;0;0;0;0;0;0;0;0;0;0;0;0;0;0;0;0;0
2015;149,00;0;0;0;0;0;0;0;0;0;780;0;0;0;0;0;1524;0;0;0;0;0;0;0;0
2015;612,00;0;0;0;0;0;1556;0;0;0;4624;0;0;0;7945;0;29133;0;0;0;2951;0;1083;872;58
2015;559,00;292;0;0;0;0;0;0;0;0;815;0;0;0;1853;0;5604;0;0;0;677;0;279;0;0
2015;7,00;0;0;0;0;0;0;0;0;0;629;0;0;0;0;0;4132;0;0;0;453;0;0;0;0
2015;283,00;4881;0;0;61;0;891;0;4463;0;4042;0;2027;0;12948;0;30950;0;1298;0;7223;0;813;13;27
2015;37,00;0;0;0;0;0;0;0;0;0;0;0;0;0;0;0;0;0;0;0;0;0;0;0;0
2015;153,00;3208;0;0;0;0;1593;0;0;0;3978;0;0;0;11439;0;58761;0;0;0;6076;0;1015;38;0
2015;547,00;11316;0;9;0;0;0;0;0;0;1284;0;0;0;0;0;70514;0;0;0;5967;0;2374;162;89
2015;397,00;0;0;0;0;0;0;0;0;0;0;0;0;0;0;0;631;0;0;0;0;0;0;0;0
2015;556,00;3296;0;2;0;0;0;0;0;0;730;0;0;0;0;0;43151;0;0;0;3493;0;1077;0;0
2015;42,00;0;0;0;0;0;0;0;0;0;0;0;0;0;0;0;0;0;0;0;0;0;0;0;0
2015;31,00;0;0;0;0;0;0;0;0;0;0;0;0;0;0;0;0;0;0;0;0;0;0;0;0
2015;740,00;20225;0;33;1464;0;1637;0;4032;0;6155;5991;0;0;2907;0;156848;68976;2064;0;21244;0;6605;638;202
2015;217,00;1869;0;0;0;0;250;0;0;0;1427;0;0;0;2411;0;25902;0;0;0;1711;0;559;25;0
2015;863,00;643;0;0;0;0;63;0;0;0;399;0;0;0;4485;0;9506;0;0;0;1212;0;258;0;0
2015;889,00;23894;0;37;2104;0;1460;0;4644;0;4403;0;2007;0;4095;0;140635;103288;785;0;22874;0;5033;649;227
2015;984,00;1464;0;0;0;0;385;0;0;0;1935;0;0;0;4652;0;29980;0;0;0;3162;0;602;256;0
2015;1106,00;0;0;0;0;0;0;0;0;0;159;0;0;0;865;0;1436;0;0;0;437;0;163;0;0
2015;34,00;0;0;0;0;0;0;0;0;0;0;0;0;0;0;0;0;0;0;0;0;0;0;0;0
2015;791,00;2116;0;0;0;0;1493;0;0;0;1475;0;0;0;8434;0;65953;0;0;0;9982;0;2208;18;0
2015;181,00;0;0;0;0;0;0;0;0;0;0;0;0;0;0;0;104;0;0;0;0;0;0;0;0
2015;430,00;0;0;0;0;0;0;0;0;0;0;0;0;0;0;0;6548;0;0;0;0;0;0;0;0
2015;715,00;16648;0;3;150;0;0;0;3921;0;4254;0;0;0;18609;0;123802;0;657;0;29229;0;3103;355;93
2015;521,00;0;0;0;0;0;0;0;0;0;0;0;0;0;1637;0;9968;0;0;0;452;0;0;0;0
2015;524,00;0;0;0;62;0;0;0;611;0;2960;0;0;0;3922;0;10035;0;0;0;2674;0;345;76;28
2015;432,00;0;0;0;0;0;0;0;0;0;0;0;0;0;0;0;3639;0;0;0;0;0;92;0;0
2015;19,00;112;0;0;0;0;0;0;0;0;0;0;0;0;0;0;0;0;0;0;0;0;0;0;0
2015;25,00;0;0;0;0;0;0;0;0;0;0;0;0;0;0;0;0;0;0;0;0;0;0;0;0
2015;26,00;0;0;0;0;0;0;0;0;0;0;0;0;0;0;0;0;0;0;0;0;0;0;0;0
2015;890,00;22739;0;33;1043;0;0;0;0;0;4568;0;0;0;6188;0;98027;33415;0;0;20245;0;4574;357;263
2015;904,00;0;0;0;0;0;0;0;0;0;1558;0;0;0;1282;0;41854;0;0;0;5655;0;898;0;0
2015;957,00;28605;0;105;286;0;3178;0;0;0;9418;0;3150;0;23245;0;221099;51729;11295;0;43992;0;3466;1287;240
2015;939,00;23230;0;37;528;0;4461;0;8675;0;6056;55;4212;0;10190;0;172938;5880;2615;0;23638;0;7188;764;507
2015;236,00;0;0;0;0;0;0;0;0;0;0;0;0;0;0;0;0;0;0;0;0;0;1944;47;0
2015;735,00;21268;0;17;4030;0;7179;0;6196;0;9713;1179;2481;0;8756;0;121768;81096;1509;0;25801;0;5455;874;362
2015;146,00;0;0;0;0;0;0;0;0;0;0;0;0;0;0;0;74;0;0;0;0;0;0;0;0
2015;363,00;2288;0;0;0;0;0;0;0;0;0;0;0;0;4744;0;13344;0;0;0;1809;0;2105;0;0
2015;187,00;1236;0;0;0;0;0;0;0;0;762;0;0;0;6541;0;15988;0;0;0;1532;0;624;5;29
2015;265,00;0;0;0;0;0;0;0;0;0;1749;0;0;0;931;0;15673;0;0;0;782;0;473;0;0
2015;295,00;669;0;0;0;0;1666;0;0;0;2425;0;0;0;6541;0;31997;0;0;0;2713;0;1077;19;0
2015;496,00;3189;0;0;756;0;476;0;0;0;1724;0;0;0;9495;0;61578;0;0;0;10218;0;703;44;0
2015;77,00;0;0;0;0;0;0;0;0;0;0;0;0;0;0;0;0;0;0;0;0;0;0;0;0
2015;391,00;524;0;0;0;0;0;0;0;0;0;0;0;0;0;0;2500;0;0;0;862;0;73;0;0
2015;240,00;1354;0;0;0;0;439;0;0;0;1125;0;0;0;6600;0;40171;0;0;0;3671;0;787;3;0
2015;448,00;0;0;0;0;0;0;0;0;0;159;0;0;0;0;0;6142;0;0;0;1071;0;486;0;186
2015;151,00;0;0;0;0;0;0;0;0;0;0;0;0;0;0;0;389;0;0;0;0;0;0;0;0
2015;425,00;0;0;0;0;0;0;0;0;0;116;0;0;0;0;0;4162;0;0;0;480;0;219;0;0
2015;300,00;0;0;0;0;0;0;0;0;0;794;0;0;0;0;0;8863;0;0;0;1405;0;221;0;0
2015;339,00;4145;0;0;1381;0;483;0;1070;0;2033;0;0;0;10828;0;23501;0;67;0;3237;0;952;56;0
2015;826,00;0;0;0;0;0;0;0;0;0;0;0;0;0;0;0;0;0;0;0;0;0;0;0;0
2015;874,00;4965;0;1;0;0;0;0;0;0;474;0;0;0;0;0;32264;12914;0;0;4996;0;978;68;0
2015;905,00;36088;0;83;2733;0;5296;0;4587;0;4094;3586;0;0;17688;0;169999;120913;1010;0;51740;0;5672;862;508
2015;736,00;34647;0;236;2391;0;0;0;4984;0;7860;0;2748;0;16786;0;208783;0;17;0;34356;0;5938;998;388
2015;459,00;0;0;0;0;0;0;0;0;0;0;0;0;0;0;0;7017;0;0;0;0;0;0;0;0
2015;320,00;296;0;0;0;0;0;0;0;0;0;0;0;0;0;0;6910;0;0;0;0;0;0;0;0
2015;45,00;0;0;0;0;0;0;0;0;0;0;0;0;0;0;0;0;0;0;0;0;0;0;0;0
2015;618,00;4216;0;2;0;0;0;0;0;0;3709;0;0;0;0;0;55038;4195;0;0;4366;0;1367;94;0
2015;463,00;8933;0;6;0;0;0;0;0;0;3562;0;0;0;5015;0;78295;18299;0;0;9747;0;2769;414;101
2015;891,00;3647;0;3;0;0;0;0;0;0;0;0;0;0;141;0;17122;0;0;0;702;0;716;66;0
2015;958,00;11879;0;7;0;0;880;0;0;0;3118;0;0;0;6420;0;73142;0;0;0;18332;0;2676;159;82
2015;244,00;743;0;0;0;0;366;0;0;0;4;0;0;0;17;0;2951;0;0;0;153;0;351;0;0
2015;28,00;0;0;0;0;0;0;0;0;0;0;0;0;0;0;0;0;0;0;0;0;0;0;0;0
2015;444,00;3327;0;0;0;0;0;0;0;0;547;0;0;0;0;0;6978;0;0;0;206;0;1242;0;0
2015;479,00;201;0;0;0;0;0;0;0;0;0;0;0;0;0;0;1399;0;0;0;0;0;177;0;0
2015;285,00;0;0;0;1;0;3109;0;0;0;4597;0;0;0;5277;0;32863;0;0;0;5865;0;4246;56;36
2015;253,00;11971;0;2;140;0;3225;0;0;0;9099;0;0;0;16346;0;71755;0;0;0;9833;0;3257;109;0
2015;481,00;2261;0;0;0;0;1319;0;0;0;2178;0;0;0;5657;0;36491;0;0;0;2976;0;645;11;11
2015;540,00;8603;0;0;87;0;0;0;1103;0;5234;0;203;0;7215;0;27943;0;0;0;6213;0;0;0;0
2015;332,00;0;0;0;0;0;0;0;0;0;0;0;0;0;0;0;0;0;0;0;0;0;0;0;0
2015;41,00;0;0;0;0;0;0;0;0;0;0;0;0;0;0;0;0;0;0;0;0;0;0;0;0
2015;510,00;0;0;0;0;0;505;0;0;0;1110;0;0;0;2801;0;27543;0;0;0;1371;0;502;4;1
2015;305,00;0;0;0;0;0;0;0;0;0;962;0;0;0;0;0;15369;0;0;0;0;0;0;0;0
2015;708,00;4619;0;0;0;0;0;0;0;0;9798;0;0;0;0;0;107919;0;0;0;9737;0;1788;276;114
2015;755,00;32813;0;136;2687;0;9451;0;7665;0;10179;3095;5747;0;24575;0;376492;94254;4762;0;66068;0;6283;1385;512
2015;750,00;18006;2137;77;0;0;3532;0;4153;;10252;3425;0;0;8708;0;308117;52825;2482;0;43402;0;8197;1428;429
2015;696,00;21487;0;20;219;0;0;0;0;0;15442;0;0;0;7635;0;197612;88062;0;0;23915;0;4675;429;225
2015;434,00;2283;0;0;0;0;0;0;0;0;3448;0;0;0;0;0;19457;0;0;0;1919;0;647;23;0
2015;421,00;0;0;0;0;0;0;0;0;0;0;0;0;0;3444;0;22821;0;0;0;2004;0;0;0;0
2015;827,00;0;0;0;0;0;0;0;0;0;0;0;0;0;0;0;0;0;0;0;0;0;0;0;0
2015;933,00;15531;0;0;0;0;0;0;0;0;5999;0;0;0;5472;0;152382;0;0;0;15228;0;5114;421;132
2015;1030,00;8985;0;1;0;0;1258;0;0;0;2981;0;0;0;5230;0;23355;0;0;0;3078;0;723;19;0
2015;1003,00;5213;0;0;0;0;0;0;0;0;3175;0;0;0;0;0;16237;0;0;0;1437;0;646;23;0
2015;1050,00;896;0;0;0;0;0;0;0;0;1524;0;0;0;0;0;9720;0;0;0;670;0;119;6;0
2015;1043,00;4673;0;2;0;0;1280;0;0;0;7277;0;0;0;5261;0;26587;0;0;0;7081;0;775;6;7
2015;934,00;9427;0;5;0;0;1789;0;0;0;5148;0;0;0;3722;0;53935;0;0;0;7953;0;1854;86;61
2015;629,00;13818;0;80;350;0;2328;0;3476;0;9177;0;0;0;10615;0;98144;0;1154;0;17613;0;0;0;0
2015;21,00;0;0;0;0;0;0;0;0;0;0;0;0;0;0;0;0;0;0;0;0;0;0;0;0
2015;615,00;301;0;14;0;0;2167;0;0;0;5183;0;0;0;6918;0;0;0;0;0;7969;0;0;0;0
2015;626,00;2035;0;0;0;0;558;0;0;0;877;0;0;0;0;0;9948;0;0;0;0;0;0;0;0
2015;417,00;0;0;0;0;0;0;0;0;0;0;0;0;0;0;0;9312;0;0;0;0;0;0;0;0
2015;597,00;0;0;0;0;0;461;0;0;0;2185;0;0;0;0;0;14493;0;0;0;1717;0;0;0;0
2015;539,00;15524;0;0;0;0;1866;0;0;0;9857;0;554;0;0;0;49223;0;0;0;16612;0;;;
2015;343,00;0;0;0;0;0;0;0;0;0;1729;0;0;0;0;0;31270;0;0;0;1696;0;0;0;0
2015;135,00;0;0;0;0;0;0;0;0;0;0;0;0;0;0;0;0;0;0;0;0;0;0;0;0
2015;158,00;0;0;0;0;0;0;0;0;0;0;0;0;0;0;0;1617;0;0;0;0;0;0;0;0
2015;775,00;15643;0;41;0;0;1125;0;0;0;5872;0;0;0;4893;0;60316;0;0;0;11557;0;0;0;0
2015;177,00;0;0;0;0;0;0;0;0;0;0;0;0;0;0;0;1849;0;0;0;0;0;0;0;0
2015;578,00;0;0;0;0;0;0;0;0;0;988;0;0;0;0;0;24820;0;0;0;0;0;0;0;0
2015;416,00;496;0;0;0;0;412;0;0;0;1073;0;0;0;3014;0;18977;0;0;0;0;0;0;0;0
2015;561,00;4431;0;0;0;0;0;0;0;0;3627;0;0;0;0;0;39392;0;0;0;4929;0;0;0;0
2015;62,00;0;0;0;0;0;0;0;0;0;0;0;0;0;0;0;0;0;0;0;0;0;0;0;0
2015;828,00;0;0;0;0;0;0;0;0;0;0;0;0;0;0;0;0;0;0;0;0;0;0;0;0
2015;860,00;0;0;0;0;0;0;0;0;0;3122;0;0;0;0;0;32743;0;0;0;1421;0;0;0;0
2015;935,00;0;0;0;0;0;0;0;0;0;0;0;0;0;0;0;0;0;0;0;0;0;0;0;0
2015;936,00;0;0;0;0;0;0;0;0;0;0;0;0;0;0;0;0;0;0;0;0;0;0;0;0
2015;986,00;0;0;0;0;0;0;0;0;0;0;0;0;0;0;0;0;0;0;0;0;0;0;0;0
2015;987,00;167;0;0;0;0;0;0;0;0;5408;0;0;0;0;0;71155;0;0;0;6918;0;0;0;0
2015;1021,00;0;0;0;0;0;0;0;0;0;0;0;0;0;0;0;0;0;0;0;0;0;0;0;0
2015;1085,00;0;0;0;0;0;0;0;0;0;0;0;0;0;0;0;0;0;0;0;0;0;0;0;0
2015;658,00;6424;0;8;0;0;0;0;0;0;2111;0;0;0;3150;0;53096;0;0;0;5939;0;1524;75;0
2015;353,00;0;0;0;0;0;0;0;0;0;25645;0;0;0;0;0;11667;0;0;0;0;0;0;0;0
2015;323,00;0;0;0;0;0;0;0;0;0;0;0;0;0;0;0;0;0;0;0;0;0;0;0;0
2015;620,00;2696;0;3;0;0;0;0;0;0;1682;0;0;0;0;0;37991;0;0;0;3651;0;1029;70;0
2015;384,00;0;0;0;0;0;0;0;0;0;0;0;0;0;5061;0;12613;0;0;0;0;0;0;37;0
2015;554,00;10020;0;2;0;0;2845;0;0;0;2741;0;0;0;6901;0;114861;0;0;0;13671;0;2333;280;194
2015;209,00;844;0;0;0;0;304;0;0;0;1003;0;0;0;1977;0;22790;0;0;0;1647;0;739;0;0
2015;707,00;35647;0;31;141;0;0;0;0;0;22579;0;0;0;17201;0;145052;67417;0;0;30932;805;5684;542;232
2015;395,00;10;0;0;0;0;0;0;0;0;0;0;0;0;0;0;7785;0;0;0;0;0;0;0;0
2015;969,00;3401;0;0;0;0;718;0;0;0;1275;0;0;0;4062;0;23438;0;2202;0;2805;0;1127;0;0
2015;1052,00;0;0;0;0;0;0;0;0;0;0;0;0;0;0;0;0;0;0;0;0;0;0;0;0
2015;739,00;35290;0;78;6372;0;8708;0;3120;0;11691;0;4458;0;35133;0;217657;56863;753;0;39186;0;3816;1400;268
2015;613,00;23299;0;46;1310;0;0;4118;4141;0;8299;0;0;0;8715;0;100617;32385;0;0;22245;0;3096;484;126
2015;593,00;19674;0;3;0;0;0;4410;0;0;3125;0;0;0;11248;0;69692;40727;0;0;14044;0;2572;358;169
2015;704,00;34634;0;60;1866;0;0;0;4739;0;8574;0;0;0;37130;0;147651;28932;0;0;29935;0;4317;1897;364
2015;493,00;0;0;0;0;0;13348;0;0;0;0;0;0;0;0;0;10204;0;0;0;1735;0;0;0;0
2015;686,00;24113;0;61;1329;0;5932;0;1064;0;5573;0;1016;0;26005;0;183432;0;87;0;25436;0;3801;498;243
2015;257,00;8269;0;;0;0;3032;0;0;0;6700;0;0;0;10672;0;74684;0;0;0;4771;0;1452;0;37
2015;494,00;0;0;0;0;0;0;0;0;0;57;0;0;0;0;0;1474;0;0;0;0;0;0;0;0
2015;681,00;26593;0;2;35;0;2596;0;2524;0;9463;0;494;0;4847;0;10759;0;0;0;26623;0;2324;109;0
2015;286,00;15855;0;0;0;0;2118;0;0;0;16221;0;0;0;6801;0;32875;0;0;0;4116;0;2377;34;21
2015;255,00;6390;0;0;0;0;2731;0;0;0;4266;0;0;0;15694;0;68061;0;0;0;8091;0;1458;177;16
2015;79,00;0;0;0;0;0;0;0;0;0;0;0;0;0;0;0;0;0;0;0;0;0;0;0;0
2015;81,00;0;0;0;0;0;0;0;0;0;0;0;0;0;0;0;0;0;0;0;0;0;0;0;0
2015;688,00;12068;0;2;0;0;2023;0;0;0;5136;0;0;0;0;0;94249;0;0;0;11023;0;1921;112;139
2015;531,00;16622;0;3;0;0;0;4197;0;0;3857;0;0;0;11570;0;69012;30049;0;0;9292;0;1766;2036;74
2015;514,00;0;0;0;0;0;0;0;0;0;838;0;0;0;0;0;28446;0;0;0;2399;0;0;0;0
2015;499,00;104;0;0;0;0;0;0;0;0;0;0;0;0;11532;0;24092;0;0;0;5242;0;2;1;0
2015;532,00;9852;3429;8;0;0;1527;358;0;0;4472;134;0;0;12415;0;66090;28125;0;0;10588;0;2138;249;80
2015;190,00;0;0;0;0;0;0;0;0;0;0;0;0;0;0;0;5613;0;0;0;0;0;0;0;0
2015;598,00;3800;0;9;0;0;0;0;0;0;1338;0;0;0;0;0;42458;0;0;0;3480;0;1131;34;0
2015;260,00;17167;0;0;584;0;4221;0;1216;0;25850;0;2543;0;17587;0;138116;0;36;0;10442;0;831;48;31
2015;838,00;1148;0;0;0;0;0;0;0;0;1368;0;0;0;943;0;21485;0;0;0;1287;0;401;0;0
2015;839,00;384;0;0;0;0;367;0;0;0;1614;0;0;0;1356;0;12482;0;0;0;372;0;250;0;0
2015;851,00;0;0;0;0;0;0;0;0;0;0;0;0;0;0;0;0;0;0;0;0;0;0;0;0
2015;852,00;18871;0;18;0;0;0;3823;2694;0;3305;0;637;0;16074;0;89123;59416;821;0;23796;0;3411;312;145
2015;988,00;0;0;0;0;0;0;0;0;0;0;0;0;0;0;0;1532;0;0;0;0;0;0;0;0
2015;1056,00;17892;0;9;49;0;7255;0;0;0;6362;0;0;0;11623;0;144839;30721;0;0;18249;0;2955;175;163
2015;1044,00;0;0;0;0;0;0;0;0;0;0;0;0;0;0;0;0;0;0;0;0;0;0;0;0
2015;1114,00;0;0;0;0;0;0;0;0;0;0;0;0;0;0;0;25895;8996;0;0;4322;0;0;0;0
2015;644,00;16587;0;7;2016;0;4089;0;0;0;4095;0;0;0;11061;0;115131;45078;0;0;19200;0;4673;326;992
2015;752,00;16335;0;30;1410;0;0;0;0;0;4628;0;0;0;18895;0;144364;41535;7975;0;21186;0;4281;1022;0
2015;238,00;0;0;0;0;0;0;0;0;0;0;0;0;0;0;0;0;0;0;0;0;0;4008;15;0
2015;325,00;0;0;0;0;0;0;0;0;0;0;0;0;0;0;0;0;0;0;0;0;0;0;0;0
2015;622,00;3243;0;1;0;0;0;0;0;0;735;0;0;0;0;0;38632;0;0;0;6119;0;1263;0;0
2015;879,00;517;0;0;0;0;0;0;0;0;0;0;0;0;0;0;1972;0;0;0;164;0;0;0;0
2015;906,00;1487;0;0;0;0;0;0;0;0;7;0;0;0;279;0;23308;0;0;0;1558;0;857;0;58
2015;370,00;0;0;0;0;0;0;0;0;0;0;0;0;0;0;0;11113;0;0;0;0;0;0;0;0
2015;418,00;0;0;0;0;0;0;0;0;0;0;0;0;0;3620;0;17803;0;0;0;0;0;0;0;0
2015;574,00;0;0;0;0;0;0;0;0;0;0;0;0;0;3716;0;10730;0;0;0;0;0;0;0;0
2015;399,00;0;0;0;0;0;0;0;0;0;0;0;0;0;0;0;3625;0;0;0;0;0;0;0;0
2015;195,00;0;0;0;0;0;0;0;0;0;0;0;0;0;0;0;5958;0;0;0;0;0;0;0;0
2015;783,00;27124;0;43;616;0;3349;0;0;0;10597;0;0;0;9281;0;140865;118262;756;0;22134;6847;;;
2015;263,00;0;0;0;0;0;0;0;0;0;0;0;0;0;0;0;22806;0;0;0;0;0;0;0;0
2015;194,00;0;0;0;0;0;0;0;0;0;2737;0;0;0;0;0;17890;0;0;0;0;0;0;0;0
2015;785,00;32384;0;81;1778;0;587;0;0;0;8505;898;2768;0;13436;0;163526;100289;356;0;46079;0;0;0;0
2015;780,00;647;0;0;0;0;0;0;0;0;1333;8572;0;0;0;0;40261;51474;0;0;8039;0;0;0;0
2015;782,00;17505;0;24;272;0;0;0;0;0;4101;0;0;0;0;0;93335;111085;0;0;19387;0;0;0;0
2015;369,00;0;0;0;0;0;0;0;0;0;0;0;0;0;0;0;4627;0;0;0;0;0;0;0;0
2015;84,00;0;0;0;0;0;0;0;0;0;0;0;0;0;0;0;0;0;0;0;0;0;0;0;0
2015;713,00;0;0;0;0;0;0;0;0;0;347;0;0;0;10016;0;30367;0;0;0;12456;0;0;0;0
2015;941,00;0;0;0;0;0;0;0;0;0;0;0;0;0;0;0;0;0;0;0;0;0;0;0;0
2015;1091,00;0;0;0;0;0;0;0;0;0;0;0;0;0;0;0;0;0;0;0;0;0;0;0;0
2015;1045,00;2395;0;0;0;0;372;0;231;0;1737;0;69;0;4938;0;15013;0;0;0;2331;0;0;0;0
2015;1086,00;0;0;0;0;0;1124;0;1575;0;2391;0;1575;0;11506;0;68114;0;0;0;16073;0;0;0;0
2015;937,00;19380;0;7;0;0;2720;0;0;0;3958;0;0;0;7497;0;91776;0;0;0;16927;0;9256;169;0
2015;1004,00;0;0;0;0;0;0;0;0;0;0;0;0;0;0;0;0;0;0;0;0;0;475;0;0
2015;737,00;23174;0;36;411;0;0;0;6381;0;5739;3332;0;0;5226;0;124768;35371;908;0;18294;0;5034;587;448
2015;765,00;39483;0;82;258;0;6607;0;7402;0;10385;3203;0;0;18683;0;284064;44636;760;0;42350;0;7021;1007;510
2015;329,00;8833;0;0;0;0;0;0;0;0;0;0;0;0;0;0;59174;39496;0;0;8357;0;3169;262;3
2015;87,00;0;0;0;0;0;0;0;0;0;0;0;0;0;0;0;0;0;0;0;0;0;0;0;0
2015;527,00;4664;0;0;0;0;0;0;0;0;4966;0;0;0;6941;0;14544;0;0;0;2807;0;0;0;0
2015;562,00;199;0;0;23;0;0;0;0;0;0;0;0;0;5595;0;53508;0;0;0;2555;0;0;0;0
2015;251,00;0;0;0;0;0;3268;0;0;0;862;0;0;0;5315;0;27899;0;0;0;3556;0;476;16;0
2015;129,00;0;0;0;0;0;0;0;0;0;0;0;0;0;0;0;0;0;0;0;0;0;0;0;0
2015;154,00;0;0;0;0;0;0;0;0;0;0;0;0;0;0;0;1018;0;0;0;0;0;0;0;0
2015;516,00;0;0;0;0;0;0;0;0;0;937;0;0;0;10345;0;73799;0;0;0;4484;0;231;13;0
2015;184,00;0;0;0;0;0;0;0;0;0;0;0;0;0;2600;0;8240;0;0;0;150;0;516;0;0
2015;652,00;1426;0;0;0;0;814;0;0;0;2780;0;0;0;0;0;40048;0;0;0;3572;0;684;54;27
2015;637,00;4529;0;0;0;0;0;0;0;0;1270;0;0;0;0;0;36372;0;0;0;3712;0;988;60;0
2015;88,00;0;0;0;0;0;0;0;0;0;0;0;0;0;0;0;0;0;0;0;0;0;0;0;0
2015;907,00;0;0;0;0;0;0;0;0;0;0;0;0;0;0;0;0;0;0;0;0;0;0;0;0
2015;970,00;0;0;0;0;0;0;0;0;0;0;0;0;0;0;0;0;0;0;0;0;0;0;0;0
2015;1019,00;0;0;0;0;0;0;0;0;0;0;0;0;0;0;0;10905;0;0;0;0;0;0;0;0
2015;1016,00;0;0;0;19;0;0;0;0;0;414;0;0;0;6201;0;24230;0;0;0;1408;0;261;0;0
2015;1047,00;3845;0;0;0;0;1;0;0;0;810;0;0;0;2882;0;45129;0;0;0;4900;0;399;87;0
2015;635,00;3148;0;1;0;0;241;0;0;0;319;0;0;0;0;0;44418;0;0;0;6768;0;352;81;0
