"año";"NCODI";"totHemodina_Paciente";"totPaciente_radioInterv";"totLitofrag_Paciente";"totLitofrag_Sesion";"totAceleLineal_Paciente";"totAceleLineal_Sesion";"totBomCobal_Paciente";"totBomCobal_Sesion";"totOtraRadio_Paciente";"totOtraRadio_Sesion";"totFisiot_Paciente";"totFisiot_Sesion";"totLogop_Paciente";"totLogop_Sesion";"totTerapOcupa_Paciente";"totTerapOcupa_Sesion";"totHemodial_Paciente";"totHemodial_Sesion";"totHemodialDom_Paciente";"totHemodialDom_Sesion";"totDialPerito_Paciente";"totDialPerito_Sesion"
2015;113,00;0;0;0;0;0;0;0;0;0;0;0;0;0;0;194;3492;0;0;0;0;0;0
2015;619,00;0;0;0;0;0;0;0;0;0;0;0;0;0;0;0;0;0;0;0;0;0;0
2015;163,00;0;0;0;0;0;0;0;0;0;0;0;0;0;0;0;0;0;0;0;0;0;0
2015;131,00;0;0;0;0;0;0;0;0;0;0;43;450;0;0;0;0;0;0;0;0;0;0
2015;375,00;0;0;0;0;0;0;0;0;0;0;1172;14972;0;0;0;0;0;0;0;0;0;0
2015;1090,00;1974;2377;286;374;751;13545;0;0;0;0;15978;335527;0;0;0;0;185;16579;0;0;0;0
2015;764,00;1431;2431;399;554;823;18699;0;0;60;145;11685;96150;2833;5336;2034;15762;85;11624;1;155;52;17478
2015;14,00;0;0;0;0;0;0;0;0;0;0;0;0;0;0;0;0;0;0;0;0;0;0
2015;657,00;0;370;0;0;0;0;0;0;0;0;2368;18354;0;0;0;0;0;0;0;0;0;0
2015;362,00;159;30;0;0;0;0;0;0;0;0;1636;14459;0;0;0;0;0;0;0;0;0;0
2015;989,00;0;247;0;0;0;0;0;0;0;0;2842;16385;536;2590;182;1638;0;0;0;0;0;0
2015;990,00;0;0;0;0;0;0;0;0;0;0;2270;18328;416;1017;244;2496;0;0;0;0;0;0
2015;680,00;2385;4866;217;325;0;0;0;0;0;0;6027;271676;0;0;0;0;709;14291;0;0;30;10986
2015;411,00;9121;448;0;0;0;0;0;0;0;0;956;20560;0;0;0;0;85;13022;0;0;0;0
2015;241,00;206;133;0;0;0;0;0;0;0;0;0;0;0;0;0;0;370;26379;0;0;0;0
2015;558,00;0;725;0;0;0;0;0;0;0;0;1623;29209;0;0;0;0;87;13133;0;0;7;2555
2015;167,00;0;0;0;0;0;0;0;0;0;0;0;0;0;0;0;0;0;0;0;0;0;0
2015;248,00;230;212;0;0;590;666;0;0;118;250;1250;15220;0;0;0;0;429;14553;0;0;0;0
2015;224,00;0;0;0;0;0;0;0;0;0;0;0;0;0;0;0;0;0;0;0;0;0;0
2015;591,00;441;5894;180;180;0;0;0;0;0;0;13621;339750;0;0;0;970;197;8681;0;0;35;38325
2015;586,00;0;1232;0;0;0;0;0;0;0;0;14628;407921;0;0;0;0;1233;13396;0;0;16;20220
2015;453,00;0;0;0;0;0;0;0;0;0;0;2778;90353;292;789;1069;2942;0;0;0;0;0;0
2015;145,00;0;0;0;0;0;0;0;0;0;0;22;4722;0;0;0;0;0;0;0;0;0;0
2015;511,00;0;645;0;0;0;0;0;0;0;0;5601;100814;0;0;0;0;427;4494;0;0;96;96
2015;530,00;0;0;0;0;0;0;0;0;0;0;7102;288014;0;0;0;0;0;0;0;0;0;0
2015;6,00;0;0;116;116;0;0;0;0;0;0;1611;19497;25;69;0;0;0;0;0;0;0;0
2015;161,00;0;0;0;0;0;0;0;0;0;0;0;0;0;0;85;1200;0;0;0;0;0;0
2015;623,00;1759;0;0;0;702;18130;0;0;0;0;11369;217714;0;0;0;0;0;0;0;0;0;0
2015;875,00;148;97;0;0;638;12083;0;0;0;0;3024;28868;54;406;0;0;0;0;0;0;0;0
2015;940,00;0;0;0;0;0;0;0;0;0;0;0;0;0;0;61;450;0;0;0;0;0;0
2015;946,00;170;377;0;0;0;0;0;0;0;0;2494;34695;0;0;0;0;191;1974;0;0;0;0
2015;1023,00;767;376;0;0;0;0;0;0;0;0;4746;78430;83;509;0;0;278;17349;0;0;15;5626
2015;1054,00;579;1144;0;0;0;0;0;0;0;0;1697;54299;146;2411;0;0;224;14290;0;0;0;0
2015;1057,00;0;0;0;0;0;0;0;0;0;0;311;10336;144;3397;124;3737;0;0;0;0;0;0
2015;1031,00;0;0;0;0;0;0;0;0;0;0;34;1693;35;1046;36;3586;0;0;0;0;0;0
2015;1032,00;523;431;86;87;0;0;0;0;0;0;6722;105588;30;643;0;0;149;14796;0;0;7;2376
2015;1064,00;0;242;0;0;625;14130;0;0;0;0;2050;31001;0;0;0;0;0;0;0;0;0;0
2015;226,00;89;51;58;62;0;0;0;0;37;37;2269;27237;0;0;0;0;7;1331;0;0;0;0
2015;687,00;0;0;0;0;0;0;0;0;0;0;1163;26695;0;0;46;4321;0;0;0;0;0;0
2015;745,00;1174;2461;0;0;860;21589;0;0;0;0;8507;50980;0;0;474;1615;332;16087;1;260;58;14139
2015;109,00;0;31;0;0;0;0;0;0;0;0;572;7025;0;0;0;0;0;0;0;0;0;0
2015;808,00;0;819;0;0;0;0;0;0;0;0;43492;98580;0;0;0;0;57;8735;0;0;0;0
2015;971,00;0;0;0;0;0;0;0;0;0;0;706;35919;0;0;0;0;0;0;0;0;0;0
2015;128,00;0;0;0;0;0;0;0;0;0;0;680;12921;459;7170;0;0;0;0;0;0;0;0
2015;919,00;0;1247;0;0;0;0;0;0;0;0;48729;137646;0;0;2411;7262;62;9365;1;245;15;4985
2015;725,00;2009;965;0;0;1757;21962;0;0;84;436;5280;85103;261;5824;376;12678;71;11076;7;1820;20;7300
2015;3,00;0;0;0;0;0;0;0;0;0;0;49;11172;0;0;0;0;0;0;0;0;0;0
2015;306,00;0;0;0;0;0;0;0;0;0;0;0;0;0;0;100;1000;0;0;0;0;0;0
2015;15,00;0;0;0;0;0;0;0;0;0;0;378;6898;0;0;0;0;0;0;0;0;0;0
2015;264,00;0;0;0;0;0;0;0;0;0;0;0;0;0;0;0;0;0;0;0;0;0;0
2015;867,00;0;0;0;0;0;0;0;0;0;0;0;0;0;0;0;0;0;0;0;0;0;0
2015;910,00;0;0;0;0;0;0;0;0;0;0;852;23164;0;0;0;0;76;9231;0;0;0;0
2015;1053,00;0;935;0;0;0;0;0;0;0;0;3310;29033;0;0;0;0;0;0;0;0;0;0
2015;1055,00;613;845;743;943;322;349;0;0;0;0;0;0;0;0;0;0;0;0;0;0;0;0
2015;1081,00;0;0;0;0;0;0;0;0;0;0;238;47531;162;14940;238;36762;0;0;0;0;0;0
2015;1099,00;0;0;0;0;0;0;0;0;0;0;0;0;0;0;0;0;0;0;0;0;0;0
2015;529,00;0;0;0;0;0;0;0;0;0;0;1256;30632;382;8430;683;13814;0;0;0;0;0;0
2015;345,00;0;0;0;0;0;0;0;0;0;0;81;715;0;0;72;3322;0;0;0;0;0;0
2015;515,00;0;0;0;0;0;0;0;0;0;0;2154;46348;0;0;0;0;0;0;0;0;0;0
2015;174,00;0;0;0;0;0;0;0;0;0;0;358;12708;0;0;0;0;0;0;0;0;0;0
2015;523,00;0;0;0;0;0;0;0;0;0;0;4553;141244;240;8272;520;14058;0;0;0;0;0;0
2015;697,00;363;340;29;29;0;0;0;0;0;0;2069;5069;0;0;101383;101383;0;0;0;0;0;0
2015;239,00;412;46;0;0;0;0;0;0;0;0;5125;82148;24;133;0;0;0;0;0;0;0;0
2015;287,00;334;87;163;446;349;7210;0;0;0;0;3440;214302;111;1866;0;0;235;14790;0;0;0;0
2015;377,00;0;0;0;0;0;0;0;0;0;0;805;53074;0;0;40;2613;0;0;0;0;0;0
2015;692,00;0;5;0;0;0;0;0;0;0;0;4871;78515;209;2829;0;0;60;7559;0;0;26;7611
2015;335,00;0;0;0;0;0;0;0;0;0;0;294;5354;0;0;99;10881;0;0;0;0;0;0
2015;435,00;474;0;0;0;0;0;0;0;0;0;3120;56190;0;0;0;0;0;0;0;0;0;0
2015;423,00;0;0;0;0;0;0;0;0;0;0;1365;13640;75;813;0;0;0;0;0;0;0;0
2015;351,00;0;0;0;0;0;0;0;0;0;0;1462;24708;0;0;0;0;0;0;0;0;0;0
2015;810,00;0;0;0;0;0;0;0;0;0;0;2450;16373;142;952;0;0;0;0;0;0;0;0
2015;830,00;0;0;0;0;0;0;0;0;0;0;7338;83982;0;0;0;0;60;8956;5;3750;0;0
2015;892,00;0;993;0;0;0;0;0;0;0;0;5212;208779;153;1687;245;9798;79;10488;0;0;20;5874
2015;921,00;107;145;196;198;0;0;0;0;0;0;4550;67487;0;0;0;0;0;0;0;0;0;0
2015;991,00;0;0;0;0;0;0;0;0;0;0;254;2373;0;0;0;0;0;0;0;0;0;0
2015;992,00;0;0;0;0;0;0;0;0;0;0;2082;61558;0;0;156;2349;75;6190;0;0;0;0
2015;993,00;0;53;0;0;0;0;0;0;0;0;61861;193175;235;1153;1331;2051;90;5631;0;0;2;480
2015;1070,00;3350;4022;650;650;1401;33395;0;0;72;220;8256;148652;160;1756;405;7302;66;8718;0;0;0;0
2015;1095,00;0;0;0;0;0;0;0;0;0;0;637;10122;0;0;0;0;0;0;0;0;0;0
2015;1094,00;0;0;0;0;0;0;0;0;0;0;997;6798;0;0;0;0;0;0;0;0;0;0
2015;473,00;0;0;0;0;0;0;0;0;0;0;0;0;0;0;0;0;0;0;0;0;0;0
2015;663,00;1270;0;0;0;0;0;0;0;0;0;2932;29026;0;0;0;0;296;8031;0;0;0;0
2015;552,00;0;0;0;0;1032;16735;0;0;98;1595;3212;44150;71;720;252;5429;0;0;0;0;0;0
2015;772,00;3120;4416;0;0;1089;19248;0;0;0;0;2028;33275;0;0;0;0;658;24305;4;991;63;14900
2015;568,00;0;0;0;0;0;0;0;0;0;0;37135;67087;32;349;4139;8334;0;0;0;0;0;0
2015;398,00;0;109;0;0;0;0;0;0;0;0;2495;17780;0;0;183;576;0;0;0;0;0;0
2015;394,00;0;524;0;0;0;0;0;0;0;0;280;11641;0;0;0;0;0;0;0;0;0;0
2015;614,00;0;257;0;0;0;0;0;0;0;0;349;10008;0;0;117;3076;0;0;0;0;0;0
2015;235,00;0;0;0;0;0;0;0;0;0;0;305;7143;0;0;0;0;0;0;0;0;0;0
2015;616,00;0;0;0;0;0;0;0;0;0;0;2739;27318;0;0;0;0;0;0;0;0;0;0
2015;267,00;1101;36;0;0;0;0;0;0;0;0;2792;27796;0;0;0;0;0;0;0;0;0;0
2015;565,00;0;0;0;0;0;0;0;0;0;0;4673;41744;281;3435;0;0;0;0;0;0;0;0
2015;220,00;0;0;0;0;0;0;0;0;0;0;128;2863;0;0;0;0;0;0;0;0;0;0
2015;278,00;0;0;0;0;0;0;0;0;0;0;0;0;0;0;0;0;0;0;0;0;0;0
2015;107,00;0;0;0;0;0;0;0;0;0;0;0;0;0;0;0;0;0;0;0;0;0;0
2015;711,00;0;517;0;0;839;19043;0;0;83;423;3857;51492;623;3469;253;3951;0;0;0;0;0;0
2015;204,00;0;0;0;0;0;0;0;0;0;0;633;11513;0;0;284;915;0;0;0;0;0;0
2015;579,00;0;0;0;0;0;0;0;0;0;0;1565;11420;385;2012;0;0;0;0;0;0;0;0
2015;348,00;0;0;0;0;0;0;0;0;0;0;487;14861;0;0;0;0;0;0;0;0;0;0
2015;766,00;0;2557;1701;2267;0;0;0;0;0;0;0;0;0;0;0;0;526;18501;0;0;35;11036
2015;761,00;0;0;0;0;0;0;0;0;0;0;2811;29215;0;0;300;3500;0;0;0;0;0;0
2015;728,00;0;0;221;250;0;0;0;0;0;0;4976;51645;181;2594;0;0;0;0;0;0;0;0
2015;280,00;0;0;0;0;0;0;0;0;0;0;3545;52750;0;0;0;0;0;0;0;0;0;0
2015;222,00;0;0;0;0;0;0;0;0;0;0;0;0;0;0;0;0;0;0;0;0;0;0
2015;276,00;334;671;143;295;581;12403;0;0;0;0;2287;36343;0;0;0;0;0;0;0;0;0;0
2015;11,00;52;54;219;219;0;0;0;0;0;0;0;0;0;0;0;0;0;0;0;0;0;0
2015;302,00;0;0;0;0;0;0;0;0;0;0;882;9003;39;377;0;0;0;0;0;0;0;0
2015;682,00;0;0;0;0;1025;21385;0;0;0;0;247;6289;0;0;0;0;0;0;0;0;0;0
2015;279,00;0;0;0;0;0;0;0;0;0;0;1475;7225;0;0;0;0;0;0;0;0;0;0
2015;282,00;514;291;0;0;437;6804;0;0;0;0;1654;19626;0;0;0;0;0;0;0;0;0;0
2015;281,00;455;460;0;0;0;0;0;0;0;0;0;0;0;0;0;0;0;0;0;0;0;0
2015;183,00;0;0;0;0;0;0;0;0;0;0;0;0;0;0;0;0;0;0;0;0;0;0
2015;610,00;0;0;0;0;0;0;0;0;0;0;0;0;0;0;0;0;0;0;0;0;0;0
2015;116,00;0;0;0;0;0;0;0;0;0;0;1360;41766;43;436;362;1455;0;0;0;0;0;0
2015;115,00;0;0;0;0;0;0;0;0;0;0;45;2884;0;0;0;0;0;0;0;0;0;0
2015;114,00;0;0;0;0;0;0;0;0;0;0;124;4096;0;0;67;3057;0;0;0;0;0;0
2015;119,00;0;0;0;0;0;0;0;0;0;0;0;0;0;0;0;0;0;0;0;0;0;0
2015;770,00;2172;1988;385;504;0;0;0;0;0;0;1054;16868;486;4334;756;5626;503;8284;196;4953;55;11248
2015;583,00;0;0;0;0;0;0;0;0;0;0;39;598;0;0;0;0;0;0;0;0;0;0
2015;136,00;0;0;0;0;0;0;0;0;0;0;1596;34345;73;1422;463;5208;0;0;0;0;0;0
2015;469,00;0;88;0;0;0;0;0;0;0;0;2823;19972;143;711;96;1074;0;0;0;0;0;0
2015;642,00;0;0;0;0;0;0;0;0;0;0;3132;52092;104;1451;170;6440;0;0;0;0;0;0
2015;674,00;538;49;0;0;0;0;0;0;0;0;2495;15688;441;2237;239;1933;5;43;0;0;4;911
2015;193,00;0;0;0;0;0;0;0;0;0;0;862;13636;0;0;0;0;0;0;0;0;0;0
2015;526,00;0;0;0;0;0;0;0;0;0;0;1061;14208;58;296;0;0;0;0;0;0;0;0
2015;698,00;3057;6812;613;785;0;0;0;0;0;0;2126;32970;92;1614;297;4330;140;7902;0;0;0;0
2015;630,00;0;472;0;0;0;0;0;0;0;0;3598;44707;728;8527;0;0;0;0;0;0;0;0
2015;124,00;0;0;0;0;0;0;0;0;0;0;0;0;492;6055;0;0;0;0;0;0;0;0
2015;364,00;0;0;0;0;0;0;0;0;0;0;2473;8997;0;0;0;0;0;0;0;0;0;0
2015;439,00;0;109;0;0;0;0;0;0;0;0;2642;32411;0;0;261;3205;0;0;0;0;0;0
2015;570,00;0;2410;0;0;0;0;0;0;0;0;3602;44193;0;0;356;4371;209;24386;0;0;48;5657
2015;123,00;0;0;0;0;0;0;0;0;0;0;904;25838;0;0;0;0;0;0;0;0;0;0
2015;310,00;0;0;0;0;0;0;0;0;0;0;0;0;0;0;0;0;0;0;0;0;0;0
2015;571,00;0;344;0;0;0;0;0;0;0;0;1222;4953;0;0;0;0;0;0;0;0;0;0
2015;296,00;0;0;0;0;0;0;0;0;0;0;1472;39714;93;638;518;7674;0;0;0;0;0;0
2015;566,00;0;0;0;0;0;0;0;0;0;0;1250;8874;0;0;50;453;198;10065;0;0;22;4216
2015;784,00;0;6464;0;0;0;0;0;0;0;0;6684;124332;110;1980;168;12573;211;23323;0;0;27;8557
2015;102,00;0;0;0;0;0;0;0;0;0;0;439;18877;0;0;0;0;0;0;0;0;0;0
2015;379,00;0;0;0;0;0;0;0;0;0;0;0;0;0;0;92;24025;0;0;0;0;0;0
2015;639,00;0;543;0;0;0;0;0;0;0;0;1743;62501;0;0;0;0;0;0;0;0;0;0
2015;457,00;0;0;0;0;0;0;0;0;0;0;1470;18497;47;337;12;111;0;0;0;0;0;0
2015;609,00;1293;525;0;0;1015;25048;0;0;0;0;7031;67186;0;0;0;0;5;22;0;0;0;0
2015;101,00;0;0;0;0;0;0;0;0;0;0;330;20397;0;0;202;5782;0;0;0;0;0;0
2015;454,00;0;1017;0;0;0;0;0;0;0;0;1523;5901;17;98;299;6762;0;0;0;0;0;0
2015;318,00;0;0;0;0;0;0;0;0;0;0;58;1525;0;0;0;0;0;0;0;0;0;0
2015;600,00;0;0;0;0;0;0;0;0;0;0;121;2163;0;0;0;0;0;0;0;0;0;0
2015;545,00;0;0;0;0;1055;21319;0;0;0;0;3856;57528;416;1505;301;2708;198;10737;0;0;33;8272
2015;100,00;0;0;0;0;0;0;0;0;0;0;1;1;0;0;1;1;0;0;0;0;0;0
2015;702,00;1005;1370;0;0;0;0;0;0;0;0;3244;22805;400;1941;158;2693;0;0;0;0;0;0
2015;778,00;0;0;0;0;0;0;0;0;0;0;3030;87173;0;0;0;0;161;14511;0;0;9;1545
2015;341,00;0;0;0;0;0;0;0;0;0;0;1218;13401;0;0;46;432;0;0;0;0;0;0
2015;99,00;0;0;0;0;0;0;0;0;0;0;966;13867;0;0;393;4812;0;0;0;0;0;0
2015;767,00;0;892;0;0;0;0;0;0;0;0;674;1190;0;0;0;0;0;0;0;0;0;0
2015;359,00;0;0;0;0;0;0;0;0;0;0;739;12608;207;1202;152;2028;195;21916;0;0;0;0
2015;98,00;0;0;0;0;0;0;0;0;0;0;396;23760;12;180;172;4300;0;0;0;0;0;0
2015;132,00;0;0;0;0;0;0;0;0;0;0;320;7421;0;0;311;6893;0;0;0;0;0;0
2015;97,00;0;0;0;0;0;0;0;0;0;0;338;9159;2;4;294;909;0;0;0;0;0;0
2015;103,00;0;0;0;0;0;0;0;0;0;0;0;0;0;0;0;0;0;0;0;0;0;0
2015;110,00;0;0;0;0;0;0;0;0;0;0;0;0;0;0;121;3630;0;0;0;0;0;0
2015;94,00;0;0;0;0;0;0;0;0;0;0;43;1811;0;0;38;1206;0;0;0;0;0;0
2015;91,00;0;0;0;0;0;0;0;0;0;0;549;11166;11;144;130;2470;0;0;0;0;0;0
2015;664,00;0;0;0;0;0;0;0;0;0;0;4005;48459;37;64;759;4622;0;0;0;0;0;0
2015;918,00;2729;4497;0;0;1512;30861;0;0;4;4;9870;168397;1124;5545;2307;39837;196;7914;0;0;56;13659
2015;92,00;0;0;0;0;0;0;0;0;0;0;117;5226;0;0;131;1848;0;0;0;0;0;0
2015;95,00;0;0;0;0;0;0;0;0;0;0;680;9848;95;380;210;1260;0;0;0;0;0;0
2015;96,00;0;0;0;0;0;0;0;0;0;0;0;0;0;0;92;710;0;0;0;0;0;0
2015;301,00;0;0;0;0;0;0;0;0;0;0;3868;33112;0;0;0;0;0;0;0;0;0;0
2015;492,00;0;333;0;0;0;0;0;0;0;0;2815;33612;0;0;0;0;0;0;0;0;0;0
2015;811,00;0;0;0;0;0;0;0;0;0;0;0;0;0;0;0;0;0;0;0;0;0;0
2015;812,00;0;0;0;0;2581;53495;0;0;0;0;627;4044;0;0;0;0;0;0;0;0;0;0
2015;832,00;0;0;0;0;0;0;0;0;0;0;32;3587;0;0;32;4670;0;0;0;0;0;0
2015;841,00;0;0;0;0;0;0;0;0;0;0;105;4250;0;0;33;1200;0;0;0;0;0;0
2015;856,00;0;0;0;0;0;0;0;0;0;0;415;9177;242;1613;219;3536;0;0;0;0;0;0
2015;859,00;0;0;0;0;0;0;0;0;0;0;0;0;0;0;0;0;0;0;0;0;0;0
2015;861,00;0;0;0;0;0;0;0;0;0;0;0;0;0;0;0;0;0;0;0;0;0;0
2015;880,00;0;0;0;0;0;0;0;0;0;0;508;13568;66;2381;252;5131;0;0;0;0;0;0
2015;883,00;0;0;0;0;0;0;0;0;0;0;0;0;0;0;0;0;0;0;0;0;0;0
2015;884,00;0;0;0;0;0;0;0;0;0;0;354;10432;17;84;438;2395;0;0;0;0;0;0
2015;877,00;0;0;0;0;0;0;0;0;0;0;0;0;0;0;0;0;0;0;0;0;0;0
2015;911,00;0;0;0;0;0;0;0;0;0;0;3235;47483;1821;3127;5609;18901;0;0;0;0;0;0
2015;913,00;0;0;0;0;0;0;0;0;0;0;0;0;0;0;0;0;0;0;0;0;0;0
2015;922,00;0;0;37;37;0;0;0;0;0;0;0;0;59;59;0;0;0;0;0;0;0;0
2015;923,00;0;0;0;0;0;0;0;0;0;0;0;0;0;0;0;0;0;0;0;0;0;0
2015;924,00;0;0;0;0;1582;30143;0;0;0;0;0;0;0;0;0;0;0;0;0;0;0;0
2015;947,00;0;0;0;0;0;0;0;0;0;0;25;2915;0;0;30;130;0;0;0;0;0;0
2015;951,00;0;0;0;0;0;0;0;0;0;0;973;1942;0;0;815;1715;0;0;0;0;0;0
2015;1103,00;0;0;0;0;0;0;0;0;0;0;640;14720;32;416;158;632;0;0;0;0;0;0
2015;972,00;0;0;0;0;0;0;0;0;0;0;185;829;40;192;185;720;0;0;0;0;0;0
2015;973,00;38;47;0;0;0;0;0;0;0;0;0;0;0;0;0;0;0;0;0;0;0;0
2015;974,00;0;0;0;0;0;0;0;0;0;0;576;8522;0;0;288;472;0;0;0;0;0;0
2015;975,00;0;0;0;0;0;0;0;0;0;0;224;15315;0;0;172;13840;0;0;0;0;0;0
2015;960,00;0;0;0;0;0;0;0;0;0;0;813;26384;17;588;468;17386;0;0;0;0;0;0
2015;1028,00;0;0;0;0;0;0;0;0;0;0;58;1388;0;0;0;0;0;0;0;0;0;0
2015;976,00;0;0;0;0;0;0;0;0;0;0;687;1136;0;0;0;0;0;0;0;0;0;0
2015;977,00;0;0;0;0;0;0;0;0;0;0;725;12523;60;953;563;6355;0;0;0;0;0;0
2015;1020,00;0;0;0;0;0;0;0;0;0;0;72;192;0;0;0;0;0;0;0;0;0;0
2015;994,00;0;387;0;0;0;0;0;0;0;0;3204;42371;0;0;0;0;96;14113;0;0;5;995
2015;995,00;0;0;0;0;0;0;0;0;0;0;661;7837;42;384;210;760;0;0;0;0;0;0
2015;1060,00;0;0;0;0;0;0;0;0;0;0;0;0;0;0;0;0;0;0;0;0;0;0
2015;1005,00;0;0;0;0;0;0;0;0;0;0;102;1768;0;0;2;39;0;0;0;0;0;0
2015;1061,00;0;0;0;0;0;0;0;0;0;0;8;620;0;0;7;547;0;0;0;0;0;0
2015;1006,00;0;0;0;0;0;0;0;0;0;0;0;0;0;0;0;0;0;0;0;0;0;0
2015;1088,00;0;0;0;0;0;0;0;0;0;0;0;0;0;0;0;0;0;0;0;0;0;0
2015;1089,00;0;0;0;0;0;0;0;0;0;0;434;6325;0;0;0;0;0;0;0;0;0;0
2015;1076,00;0;0;0;0;0;0;0;0;0;0;0;0;0;0;0;0;0;0;0;0;0;0
2015;1078,00;0;0;0;0;0;0;0;0;0;0;73;7416;0;0;40;7900;0;0;0;0;0;0
2015;1033,00;0;1474;0;0;0;0;0;0;0;0;5373;49328;0;0;0;0;0;0;0;0;0;0
2015;1037,00;0;0;0;0;0;0;0;0;0;0;0;0;0;0;122;10811;0;0;0;0;0;0
2015;1039,00;0;0;0;0;0;0;0;0;0;0;0;0;0;0;0;0;0;0;0;0;0;0
2015;1067,00;0;0;0;0;0;0;0;0;0;0;665;18685;0;0;0;0;0;0;0;0;0;0
2015;1065,00;0;0;0;0;0;0;0;0;0;0;519;31140;0;0;262;15720;0;0;0;0;0;0
2015;1066,00;0;0;0;0;0;0;0;0;0;0;4265;51215;0;0;0;0;0;0;0;0;0;0
2015;1100,00;0;0;0;0;0;0;0;0;0;0;577;22187;0;0;0;0;0;0;0;0;0;0
2015;1105,00;0;0;0;0;0;0;0;0;0;0;1096;17632;58;819;853;11795;0;0;0;0;0;0
2015;1107,00;0;0;0;0;0;0;0;0;0;0;0;0;0;0;0;0;0;0;0;0;0;0
2015;1111,00;0;0;0;0;0;0;0;0;0;0;0;0;0;0;0;0;0;0;0;0;0;0
2015;207,00;0;0;0;0;0;0;0;0;0;0;2569;27902;216;7560;0;0;0;0;0;0;0;0
2015;431,00;0;0;0;0;0;0;0;0;0;0;1978;20376;0;0;430;4853;0;0;0;0;0;0
2015;387,00;0;0;0;0;0;0;0;0;0;0;5541;49573;0;0;0;0;0;0;0;0;0;0
2015;179,00;0;0;0;0;0;0;0;0;0;0;71;8672;0;0;0;0;0;0;0;0;0;0
2015;606,00;0;0;0;0;0;0;0;0;0;0;2078;44697;0;0;0;0;36;2342;0;0;0;0
2015;925,00;1644;2529;0;0;952;20330;0;0;0;0;29566;532198;0;0;1289;23204;202;17659;0;0;21;4821
2015;541,00;0;0;0;0;0;0;0;0;0;0;1871;59618;0;0;0;0;0;0;0;0;0;0
2015;797,00;0;0;0;0;0;0;0;0;0;0;981;12160;0;0;0;0;0;0;0;0;0;0
2015;627,00;0;0;0;0;320;6996;0;0;0;0;2885;89748;0;0;0;0;15;798;0;0;0;0
2015;173,00;0;0;0;0;0;0;0;0;0;0;59;6420;0;0;494;38316;0;0;0;0;0;0
2015;636,00;1928;0;0;0;0;0;0;0;0;0;6069;85624;754;1410;0;0;933;8417;40;734;606;17754
2015;205,00;0;0;0;0;0;0;0;0;0;0;0;0;0;0;0;0;0;0;0;0;0;0
2015;814,00;0;0;0;0;0;0;0;0;0;0;0;0;0;0;0;0;0;0;0;0;0;0
2015;881,00;0;0;0;0;0;0;0;0;0;0;0;0;0;0;0;0;0;0;0;0;0;0
2015;771,00;528;744;431;593;1267;25190;0;0;0;0;1391;42517;316;3007;373;5935;75;7932;0;0;0;0
2015;533,00;0;0;0;0;0;0;0;0;0;0;1022;17713;0;0;0;0;0;0;0;0;0;0
2015;447,00;0;0;0;0;0;0;0;0;0;0;1124;21521;0;0;0;0;0;0;0;0;0;0
2015;815,00;0;13;0;0;0;0;0;0;0;0;248;7440;0;0;0;0;0;0;0;0;0;0
2015;801,00;1253;1244;0;0;0;0;0;0;0;0;6366;74119;517;2720;332;492;1205;13386;0;0;303;9218
2015;800,00;0;0;0;0;0;0;0;0;0;0;1260;6324;35;244;0;0;0;0;0;0;0;0
2015;389,00;0;0;0;0;0;0;0;0;0;0;2369;43669;0;0;0;0;0;0;0;0;0;0
2015;695,00;1125;1181;0;0;0;0;0;0;0;0;2115;11361;423;1552;64;13696;303;25803;0;0;30;30
2015;816,00;0;0;0;0;0;0;0;0;0;0;1911;35559;48;967;146;4898;0;0;0;0;0;0
2015;833,00;0;0;0;0;0;0;0;0;0;0;3115;58223;0;0;0;0;0;0;0;0;0;0
2015;870,00;251;0;0;0;0;0;0;0;0;0;2693;37368;0;0;0;0;0;0;0;0;0;0
2015;927,00;0;0;55;55;0;0;0;0;0;0;2742;49696;0;0;0;0;0;0;0;0;0;0
2015;961,00;0;0;0;0;1054;11416;0;0;0;0;5875;95777;0;0;86;1551;0;0;0;0;0;0
2015;962,00;0;0;0;0;0;0;0;0;0;0;2125;24613;0;0;0;0;0;0;0;0;0;0
2015;1079,00;97;10;0;0;0;0;0;0;0;0;1741;46744;0;0;0;0;0;0;0;0;0;0
2015;1101,00;0;0;0;0;0;0;0;0;0;0;736;10991;2;4;0;0;0;0;0;0;0;0
2015;666,00;1288;3994;0;0;0;0;0;0;0;0;10485;567132;0;0;0;0;741;10509;14;1949;89;23927
2015;392,00;0;0;0;0;0;0;0;0;0;0;3673;39680;514;2494;503;4052;0;0;0;0;0;0
2015;790,00;0;378;657;657;1102;22622;0;0;0;0;2800;199226;591;4418;0;0;0;0;0;0;0;0
2015;650,00;0;720;0;0;0;0;0;0;0;0;2667;72282;0;0;0;0;0;0;0;0;0;0
2015;876,00;0;471;0;0;0;0;0;0;0;0;7894;89155;0;0;0;0;0;0;0;0;0;0
2015;944,00;0;0;0;0;0;0;0;0;0;0;0;0;0;0;0;0;0;0;0;0;0;0
2015;952,00;0;198;0;0;0;0;0;0;0;0;0;0;0;0;0;0;0;0;0;0;0;0
2015;54,00;0;0;0;0;0;0;0;0;0;0;0;0;0;0;0;0;0;0;0;0;0;0
2015;367,00;0;11;0;0;0;0;0;0;0;0;0;0;0;0;0;0;0;0;0;0;0;0
2015;538,00;0;450;0;0;0;0;0;0;0;0;3549;33488;0;0;469;2923;0;0;0;0;0;0
2015;557,00;0;0;0;0;0;0;0;0;0;0;5195;33602;0;0;644;5906;0;0;0;0;0;0
2015;653,00;0;373;0;0;0;0;0;0;0;0;4185;31022;0;0;0;0;0;0;0;0;0;0
2015;647,00;0;0;0;0;0;0;0;0;0;0;2570;24634;0;0;419;2215;0;0;0;0;0;0
2015;978,00;1426;1902;0;0;783;16103;0;0;1067;1476;7089;59549;0;0;317;1496;1224;13798;0;0;240;6646
2015;996,00;0;0;0;0;0;0;0;0;0;0;19274;56337;0;0;1975;3817;0;0;0;0;0;0
2015;729,00;3662;9008;480;798;1639;33626;0;0;75;202;3825;51027;352;2196;374;7156;181;17929;0;0;26;7574
2015;182,00;159;0;0;0;0;0;0;0;0;0;0;0;0;0;0;0;0;0;0;0;0;0
2015;633,00;69;71;0;0;289;314;0;0;0;0;564;12300;62;664;0;0;0;0;0;0;0;0
2015;685,00;0;17;0;0;0;0;0;0;0;0;2875;12461;0;0;92;2005;0;0;0;0;0;0
2015;683,00;0;0;0;0;0;0;0;0;0;0;2455;14782;0;0;0;0;16;2269;0;0;0;0
2015;945,00;0;0;0;0;0;0;0;0;0;0;1954;14437;0;0;0;0;0;0;0;0;0;0
2015;953,00;0;0;0;0;0;0;0;0;0;0;0;0;0;0;0;0;0;0;0;0;0;0
2015;1022,00;0;0;0;0;0;0;0;0;0;0;1170;10536;0;0;0;0;0;0;0;0;0;0
2015;1049,00;0;0;0;0;0;0;0;0;0;0;1634;9968;0;0;0;0;0;0;0;0;0;0
2015;794,00;4051;3449;516;763;0;0;0;0;0;0;6868;158134;339;3955;1709;49139;1497;12783;936;146952;818;184050
2015;415,00;0;0;0;0;2616;46264;0;0;257;455;0;0;0;0;0;0;0;0;0;0;0;0
2015;592,00;0;0;0;0;0;0;0;0;0;0;1730;34775;0;0;0;0;140;14850;0;0;0;0
2015;497,00;125;13596;0;0;0;0;0;0;0;0;2096;42310;0;0;0;0;140;21106;0;0;0;0
2015;458,00;643;186;0;0;0;0;0;0;0;0;0;0;0;0;0;0;0;0;0;0;0;0
2015;726,00;0;4;0;0;0;0;0;0;0;0;3157;176568;0;0;279;12606;88;2193;0;0;0;0
2015;272,00;0;0;0;0;0;0;0;0;0;0;1621;33971;61;1514;0;0;160;18019;0;0;0;0
2015;805,00;3745;1968;476;755;1321;26635;0;0;65;144;1950;110816;2;64;75;7529;193;8194;1;154;6;759
2015;5,00;0;0;0;0;0;0;0;0;0;0;0;0;0;0;0;0;0;0;0;0;0;0
2015;234,00;0;0;0;0;0;0;0;0;0;0;993;15307;69;977;0;0;136;12938;0;0;0;0
2015;64,00;0;0;0;0;0;0;0;0;0;0;0;0;0;0;0;0;0;0;0;0;0;0
2015;842,00;0;33;0;0;0;0;0;0;0;0;871;56006;0;0;0;0;40;5060;0;0;0;0
2015;843,00;0;0;0;0;0;0;0;0;0;0;870;15353;0;0;0;0;14;1190;0;0;0;0
2015;803,00;0;1061;0;0;0;0;0;0;0;0;3856;36409;0;0;324;2537;73;6616;0;0;13;3361
2015;211,00;0;0;0;0;0;0;0;0;0;0;1015;15336;132;1615;0;0;0;0;0;0;0;0
2015;773,00;1495;3048;0;0;0;0;0;0;0;0;4909;86408;148;1875;0;0;53;4594;0;0;82;1016
2015;424,00;0;0;0;0;0;0;0;0;0;0;0;0;0;0;0;0;0;0;0;0;0;0
2015;298,00;146;512;0;0;0;0;0;0;0;0;1746;40021;0;0;0;0;240;26842;0;0;0;0
2015;594,00;0;0;0;0;0;0;0;0;0;0;0;0;0;0;0;0;0;0;0;0;0;0
2015;237,00;0;0;0;0;0;0;0;0;0;0;801;22217;53;2570;0;0;0;0;0;0;0;0
2015;16,00;0;0;0;0;0;0;0;0;0;0;114;4258;8;75;51;427;0;0;0;0;0;0
2015;768,00;0;0;0;0;0;0;0;0;0;0;330;11747;1;1;0;0;0;0;0;0;0;0
2015;617,00;0;0;0;0;0;0;0;0;0;0;3748;47071;108;1081;0;0;122;10148;0;0;13;2947
2015;297,00;0;0;0;0;0;0;0;0;0;0;521;41203;0;0;0;0;0;0;0;0;0;0
2015;105,00;0;0;0;0;0;0;0;0;0;0;173;5439;0;0;134;3351;0;0;0;0;0;0
2015;544,00;0;212;0;0;0;0;0;0;0;0;2115;33481;126;1404;182;1440;0;0;0;0;0;0
2015;804,00;0;0;0;0;0;0;0;0;0;0;5250;73501;289;1766;1514;5300;133;7820;0;0;0;0
2015;104,00;0;0;0;0;0;0;0;0;0;0;0;0;0;0;195;722;0;0;0;0;0;0
2015;20,00;0;0;0;0;0;0;0;0;0;0;35;1580;0;0;22;700;0;0;0;0;0;0
2015;550,00;0;0;0;0;0;0;0;0;0;0;2359;34545;22;59;0;0;0;0;0;0;0;0
2015;112,00;0;0;0;0;0;0;0;0;0;0;0;0;0;0;0;0;0;0;0;0;0;0
2015;818,00;0;0;0;0;0;0;0;0;0;0;405;3511;0;0;0;0;0;0;0;0;0;0
2015;882,00;0;0;0;0;0;0;0;0;0;0;604;6654;87;476;0;0;0;0;0;0;0;0
2015;914,00;0;0;0;0;0;0;0;0;0;0;350;14691;24;121;0;0;0;0;0;0;0;0
2015;928,00;0;0;0;0;1278;28334;0;0;0;0;0;0;0;0;0;0;0;0;0;0;0;0
2015;964,00;0;0;0;0;0;0;0;0;116;753;698;10258;0;0;0;0;0;0;0;0;0;0
2015;1026,00;0;0;0;0;0;0;0;0;0;0;356;41957;16;51;54;3079;0;0;0;0;0;0
2015;1068,00;0;0;0;0;0;0;0;0;0;0;0;0;0;0;270;1380;0;0;0;0;0;0
2015;1108,00;0;0;0;0;0;0;0;0;0;0;0;0;0;0;0;0;0;0;0;0;0;0
2015;404,00;0;0;0;0;0;0;0;0;0;0;5143;61722;617;5050;164;1479;0;0;0;0;0;0
2015;274,00;114;38;20;24;0;0;0;0;0;0;2887;65405;0;0;0;0;0;0;0;0;0;0
2015;270,00;130;465;0;0;365;6958;0;0;0;0;2856;57698;0;0;0;0;0;0;0;0;0;0
2015;676,00;0;0;0;0;0;0;0;0;0;0;2306;21679;0;0;266;1659;0;0;0;0;0;0
2015;709,00;0;367;0;0;0;0;0;0;0;0;3352;24042;0;0;737;7555;0;0;0;0;0;0
2015;754,00;3766;1165;690;1114;2891;29701;0;0;1061;1646;32188;391186;1952;9974;3956;82669;16527;34010;19;274;316;8720
2015;997,00;0;25;0;0;0;0;0;0;0;0;557;9827;0;0;0;0;0;0;0;0;0;0
2015;734,00;1125;1122;0;0;0;0;0;0;0;0;2850;62313;227;3794;375;10978;108;10445;0;0;27;6846
2015;299,00;0;0;0;0;0;0;0;0;0;0;1364;21250;0;0;0;0;0;0;0;0;0;0
2015;645,00;0;0;0;0;0;0;0;0;0;0;787;18302;0;0;0;0;0;0;0;0;0;0
2015;17,00;0;0;0;0;0;0;0;0;0;0;0;0;0;0;106;1719;0;0;0;0;0;0
2015;1046,00;0;0;0;0;0;0;0;0;0;0;54;3812;26;1980;103;8962;0;0;0;0;0;0
2015;420,00;0;0;0;0;0;0;0;0;0;0;873;12932;0;0;0;0;0;0;0;0;0;0
2015;802,00;0;0;0;0;0;0;0;0;0;0;7659;191773;315;11422;0;0;0;0;0;0;0;0
2015;266,00;1347;0;0;0;0;0;0;0;0;0;1904;42278;0;0;0;0;126;11645;0;0;0;0
2015;137,00;0;0;0;0;0;0;0;0;0;0;225;1121;0;0;0;0;0;0;0;0;0;0
2015;769,00;0;0;0;0;783;19488;0;0;167;932;99;464;0;0;0;0;0;0;0;0;0;0
2015;776,00;0;135;0;0;0;0;0;0;0;0;36428;118487;0;0;0;0;0;0;0;0;0;0
2015;640,00;0;117;0;0;0;0;0;0;0;0;2126;47802;0;0;0;0;0;0;0;0;0;0
2015;315,00;0;0;0;0;0;0;0;0;0;0;314;15385;149;5769;164;6243;0;0;0;0;0;0
2015;40,00;0;0;0;0;0;0;0;0;0;0;0;0;0;0;240;906;0;0;0;0;0;0
2015;508,00;0;0;0;0;0;0;0;0;0;0;3276;70720;0;0;0;0;0;0;0;0;0;0
2015;46,00;0;0;0;0;0;0;0;0;0;0;0;0;0;0;248;940;0;0;0;0;0;0
2015;590,00;0;186;0;0;0;0;0;0;0;0;4878;42429;0;0;0;0;52;6034;0;0;3;3
2015;777,00;0;398;0;0;0;0;0;0;0;0;1106;83649;0;0;0;0;0;0;0;0;0;0
2015;897,00;1207;3288;0;0;961;18696;0;0;0;0;191954;227602;2204;2443;483;501;163;19801;0;0;22;79
2015;965,00;0;0;0;0;0;0;0;0;0;0;0;0;0;0;73;1963;0;0;0;0;0;0
2015;461,00;0;0;0;0;0;0;0;0;0;0;755;20110;0;0;0;0;0;0;0;0;0;0
2015;376,00;0;0;0;0;0;0;0;0;0;0;574;12752;0;0;0;0;0;0;0;0;0;0
2015;621,00;0;0;0;0;0;0;0;0;0;0;2327;13973;0;0;0;0;0;0;0;0;0;0
2015;793,00;1802;2378;0;0;1146;16011;0;0;50;65;2352;45966;345;3646;444;9067;150;12182;0;0;26;9157
2015;1102,00;155;55;0;0;0;0;0;0;0;0;2486;44928;0;0;0;0;0;0;0;0;0;0
2015;712,00;0;614;0;0;0;0;0;0;0;0;2142;88398;0;0;141;4411;62;5638;0;0;9;2022
2015;32,00;0;0;0;0;0;0;0;0;0;0;0;0;0;0;90;4298;0;0;0;0;0;0
2015;361,00;0;0;0;0;0;0;0;0;0;0;0;0;0;0;0;0;0;0;0;0;0;0
2015;486,00;0;0;0;0;0;0;0;0;0;0;1667;17312;0;0;0;0;0;0;0;0;0;0
2015;595,00;0;309;0;0;0;0;0;0;0;0;3864;102637;174;1292;0;0;95;8722;0;0;0;0
2015;433,00;0;0;0;0;0;0;0;0;0;0;606;10203;0;0;0;0;39;2231;0;0;0;0
2015;1058,00;0;0;0;0;0;0;0;0;0;0;390;7885;0;0;0;0;0;0;0;0;0;0
2015;261,00;0;46;0;0;0;0;0;0;0;0;0;0;0;0;0;0;0;0;0;0;0;0
2015;730,00;0;0;0;0;0;0;0;0;0;0;5435;52747;0;0;136;1220;0;0;0;0;0;0
2015;577,00;0;0;0;0;0;0;0;0;0;0;3694;44673;0;0;0;0;0;0;0;0;0;0
2015;788,00;2965;0;0;0;586;10793;202;1972;27;58;2803;53246;0;0;100;1699;196;8195;0;0;69;16150
2015;865,00;0;0;0;0;0;0;0;0;0;0;1377;11134;0;0;0;0;0;0;0;0;0;0
2015;979,00;0;0;0;0;0;0;0;0;0;0;700;8597;0;0;0;0;0;0;0;0;0;0
2015;998,00;0;0;0;0;0;0;0;0;0;0;2060;17273;0;0;0;0;0;0;0;0;0;0
2015;221,00;0;0;50;100;0;0;0;0;0;0;1836;10231;0;0;0;0;0;0;0;0;0;0
2015;506,00;0;0;0;0;0;0;0;0;0;0;2302;40028;0;0;0;0;0;0;0;0;0;0
2015;727,00;0;770;0;0;0;0;0;0;0;0;9608;198420;602;1205;316;3230;38;5933;0;0;0;0
2015;355,00;0;0;0;0;0;0;0;0;0;0;2789;32767;0;0;0;0;0;0;0;0;0;0
2015;487,00;0;0;0;0;0;0;0;0;0;0;4926;56380;16;144;0;0;0;0;0;0;0;0
2015;938,00;4899;2181;1130;1130;940;21834;0;0;0;0;11684;257362;2554;6313;313;394;60;8715;0;0;44;14920
2015;886,00;0;0;0;0;0;0;0;0;0;0;1129;32767;50;787;0;0;0;0;0;0;0;0
2015;835,00;0;0;0;0;0;0;0;0;0;0;728;7221;49;270;0;0;0;0;0;0;0;0
2015;999,00;0;0;0;0;0;0;0;0;0;0;65;905;0;0;20;225;0;0;0;0;0;0
2015;798,00;2521;794;0;0;37;777;0;0;695;15101;340;665;0;0;0;0;67;5448;0;0;37;11735
2015;504,00;0;0;0;0;0;0;0;0;0;0;8974;179992;946;11166;0;0;0;0;0;0;0;0
2015;247,00;0;0;0;0;0;0;0;0;0;0;1420;19634;0;0;0;0;0;0;0;0;0;0
2015;216,00;0;0;0;0;0;0;0;0;0;0;0;0;0;0;0;0;0;0;0;0;0;0
2015;654,00;0;0;0;0;0;0;0;0;0;0;0;0;0;0;0;0;0;0;0;0;0;0
2015;65,00;0;0;0;0;0;0;0;0;0;0;0;0;0;0;0;0;0;0;0;0;0;0
2015;472,00;0;0;0;0;0;0;0;0;0;0;1056;21233;47;527;0;0;0;0;0;0;0;0
2015;427,00;0;0;0;0;0;0;0;0;0;0;0;0;0;0;90;2889;0;0;0;0;0;0
2015;491,00;0;0;0;0;0;0;0;0;0;0;1993;31648;47;655;121;1476;13;1760;0;0;0;0
2015;551,00;0;36;0;0;0;0;0;0;0;0;711;11734;34;242;0;0;0;0;0;0;0;0
2015;106,00;0;0;0;0;0;0;0;0;0;0;207;7087;0;0;215;7649;0;0;0;0;0;0
2015;819,00;0;0;0;0;0;0;0;0;0;0;148;5704;0;0;132;5490;0;0;0;0;0;0
2015;836,00;0;0;0;0;0;0;0;0;0;0;17;391;0;0;15;250;0;0;0;0;0;0
2015;915,00;0;0;0;0;0;0;0;0;0;0;211;10972;53;293;160;7862;0;0;0;0;0;0
2015;942,00;0;0;0;0;0;0;0;0;0;0;0;0;0;0;200;4100;0;0;0;0;0;0
2015;748,00;1260;3406;47;47;784;15241;0;0;80;288;73467;146566;2043;6369;0;0;45;6783;1;235;21;7164
2015;198,00;0;0;0;0;0;0;0;0;0;0;0;0;0;0;0;0;0;0;0;0;0;0
2015;871,00;0;0;0;0;0;0;0;0;0;0;1446;17183;135;2485;95;1931;38;5497;0;0;4;1257
2015;948,00;133;0;0;0;0;0;0;0;0;0;562;16879;0;0;0;0;0;0;0;0;0;0
2015;1051,00;0;0;0;0;0;0;0;0;0;0;0;0;0;0;0;0;0;0;0;0;0;0
2015;1083,00;0;0;0;0;0;0;0;0;0;0;0;0;0;0;0;0;0;0;0;0;0;0
2015;1096,00;0;0;0;0;0;0;0;0;0;0;0;0;0;0;0;0;0;0;0;0;0;0
2015;679,00;290;267;0;0;0;0;0;0;0;0;9964;157692;0;0;488;5596;917;9095;0;0;179;1212
2015;176,00;0;0;0;0;0;0;0;0;0;0;740;21364;0;0;0;0;0;0;0;0;0;0
2015;537,00;0;0;0;0;0;0;0;0;0;0;346;10526;0;0;0;0;0;0;0;0;0;0
2015;608,00;0;148;0;0;0;0;0;0;0;0;386;29057;0;0;0;0;46;5900;0;0;0;0
2015;596,00;0;0;0;0;0;0;0;0;0;0;1140;57116;0;0;0;0;0;0;0;0;0;0
2015;749,00;4682;2105;387;387;859;15518;0;0;173;312;9337;175685;0;0;916;8156;56;8110;0;0;36;12855
2015;758,00;2532;1136;226;287;1767;151905;0;0;105;580;7665;152809;790;6010;854;14447;660;8396;0;0;0;0
2015;1104,00;3029;7100;0;0;1058;14937;0;0;0;0;5424;157231;255;3827;406;6873;63;9771;0;0;31;10793
2015;436,00;0;0;0;0;0;0;0;0;0;0;2275;93631;0;0;173;2871;0;0;0;0;0;0
2015;567,00;0;510;0;0;0;0;0;0;0;0;1804;25939;0;0;159;185;0;0;0;0;0;0
2015;677,00;1248;3712;0;0;1131;20308;0;0;0;0;7920;41192;0;0;0;0;74;12770;1;132;25;8703
2015;670,00;0;956;0;0;0;0;0;0;0;0;3013;13199;1119;5546;169;3223;0;0;0;0;0;0
2015;588,00;0;93;0;0;0;0;0;0;0;0;12837;140273;92;1871;212;3925;0;0;0;0;0;0
2015;753,00;4747;3550;283;483;2028;36174;0;0;0;0;25922;232392;2950;9491;3135;19347;81;13126;7;1753;13;4410
2015;887,00;0;0;0;0;0;0;0;0;0;0;2083;51523;0;0;1968;62766;0;0;0;0;0;0
2015;245,00;42;0;0;0;0;0;0;0;0;0;1690;34126;0;0;0;0;0;0;0;0;0;0
2015;603,00;252;0;0;0;0;0;0;0;0;0;5152;258954;353;4694;0;0;0;0;0;0;0;0
2015;426,00;0;0;0;0;0;0;0;0;0;0;2438;29274;2;200;93;9300;0;0;0;0;0;0
2015;232,00;0;3;0;0;0;0;0;0;0;0;0;0;0;0;0;0;0;0;0;0;0;0
2015;288,00;0;0;0;0;245;4505;0;0;0;0;2412;53330;185;8425;249;9636;0;0;0;0;0;0
2015;246,00;0;0;0;0;0;0;0;0;0;0;0;0;0;0;0;0;744;9245;0;0;;0
2015;284,00;342;75;0;0;763;15160;0;0;0;0;4952;99040;0;0;0;0;461;5663;0;0;0;0
2015;18,00;0;0;0;0;0;0;0;0;0;0;0;0;0;0;171;3341;0;0;0;0;0;0
2015;356,00;0;0;0;0;0;0;0;0;0;0;0;0;0;0;658;6758;0;0;0;0;0;0
2015;401,00;0;0;0;0;0;0;0;0;0;0;1681;63893;282;10402;463;22915;0;0;0;0;0;0
2015;733,00;2134;8264;774;889;1432;29872;0;0;88;423;13413;117379;1191;9396;371;2447;2187;26286;36;870;299;6220
2015;243,00;0;0;0;0;0;0;0;0;0;0;237;1358;0;0;0;0;0;0;0;0;0;0
2015;380,00;0;0;0;0;0;0;0;0;0;0;947;27888;307;5898;277;3944;0;0;0;0;0;0
2015;716,00;0;19;0;0;0;0;0;0;0;0;745;4068;0;0;0;0;86;8675;0;0;0;0
2015;534,00;1646;57;0;0;0;0;0;0;0;0;1094;13138;0;0;0;0;0;0;0;0;0;0
2015;185,00;237;4;492;759;0;0;0;0;0;0;0;0;0;0;0;0;0;0;0;0;0;0
2015;258,00;428;92;159;179;100;1507;0;0;0;0;2143;20089;0;0;0;0;0;0;0;0;0;0
2015;505,00;0;0;0;0;0;0;0;0;0;0;1338;21373;0;0;0;0;142;17308;0;0;0;0
2015;268,00;29;215;0;0;0;0;0;0;0;0;406;4593;0;0;0;0;50;3528;0;0;0;0
2015;602,00;262;230;0;0;199;4378;0;0;0;0;893;11023;72;506;26;535;0;0;0;0;0;0
2015;254,00;163;0;680;1240;176;5310;0;0;0;0;0;0;0;0;0;0;0;0;0;0;0;0
2015;705,00;367;1682;0;0;0;0;0;0;0;0;563;2923;225;1530;0;0;0;0;0;0;0;0
2015;133,00;0;0;0;0;0;0;0;0;0;0;0;0;0;0;0;0;0;0;0;0;0;0
2015;33,00;0;0;0;0;0;0;0;0;0;0;0;0;0;0;143;2065;0;0;0;0;0;0
2015;143,00;0;0;0;0;0;0;0;0;0;0;22;30;0;0;0;0;0;0;0;0;0;0
2015;36,00;0;0;0;0;0;0;0;0;0;0;0;0;0;0;387;28402;0;0;0;0;0;0
2015;756,00;909;638;92;0;456;10525;0;0;42;122;4578;40534;193;864;169;1525;383;4726;0;0;0;0
2015;662,00;832;2400;0;0;0;0;0;0;0;0;8343;59925;307;1526;1281;6662;695;9038;12;209;191;5800
2015;192,00;0;0;0;0;0;0;0;0;0;0;508;15435;76;1661;158;4466;0;0;0;0;0;0
2015;382,00;0;0;0;0;0;0;0;0;0;0;0;0;0;0;0;0;0;0;0;0;0;0
2015;322,00;0;0;0;0;0;0;0;0;0;0;132;170420;0;0;101;149013;0;0;0;0;0;0
2015;478,00;0;0;0;0;0;0;0;0;0;0;2968;36183;0;0;854;10169;0;0;0;0;0;0
2015;352,00;0;0;0;0;0;0;0;0;0;0;840;19481;280;5460;242;6140;0;0;0;0;0;0
2015;628,00;757;575;0;0;0;0;0;0;0;0;2895;59490;0;0;0;0;110;17504;3;940;23;8523
2015;291,00;0;0;0;0;0;0;0;0;0;0;40;4921;0;0;83;3321;0;0;0;0;0;0
2015;495,00;0;0;0;0;0;0;0;0;0;0;683;57257;6;337;312;17991;0;0;0;0;0;0
2015;845,00;0;1670;0;0;0;0;0;0;0;0;4020;96278;0;0;310;1529;0;0;0;0;0;0
2015;498,00;0;273;0;0;0;0;0;0;0;0;960;9734;0;0;0;0;0;0;0;0;0;0
2015;314,00;0;0;0;0;0;0;0;0;0;0;643;18656;117;1973;235;3960;0;0;0;0;0;0
2015;720,00;0;0;0;0;0;0;0;0;0;0;4244;63660;0;0;0;0;0;0;0;0;0;0
2015;721,00;381;1258;0;0;0;0;0;0;0;0;8398;128545;161;2257;100;4509;60;7080;0;0;14;4096
2015;485,00;0;0;0;0;0;0;0;0;0;0;0;0;0;0;0;0;0;0;0;0;0;0
2015;273,00;563;1197;0;0;0;0;0;0;0;0;693;3915;0;0;0;0;0;0;0;0;0;0
2015;846,00;1193;3829;139;191;0;0;0;0;0;0;5917;76179;0;0;369;4502;62;9685;0;0;28;10306
2015;847,00;0;0;0;0;0;0;0;0;0;0;3587;81367;0;0;0;0;0;0;0;0;0;0
2015;848,00;773;186;199;221;0;0;0;0;0;0;3089;28820;0;0;132;765;15;76;0;0;0;0
2015;916,00;0;0;0;0;272;9560;0;0;0;0;362;496;0;0;0;0;0;0;0;0;0;0
2015;930,00;135;32;0;0;0;0;0;0;0;0;5775;37927;0;0;0;0;0;0;0;0;0;0
2015;954,00;0;3344;0;0;954;22340;0;0;0;0;5100;75499;358;6558;594;5781;0;0;0;0;0;0
2015;943,00;0;0;0;0;0;0;0;0;0;0;2837;51067;0;0;0;0;0;0;0;0;0;0
2015;949,00;2482;5338;0;0;2768;25950;0;0;96;239;20652;147412;1739;12762;2471;31742;1035;10548;0;0;830;24590
2015;980,00;390;1011;129;151;0;0;0;0;0;0;0;0;0;0;0;0;0;0;0;0;0;0
2015;981,00;0;0;0;0;0;0;0;0;0;0;722;14671;145;8171;199;7943;0;0;0;0;0;0
2015;1024,00;623;497;0;0;1060;14627;0;0;0;0;4490;74125;26;320;0;0;0;0;0;0;0;0
2015;1017,00;0;0;0;0;0;0;0;0;0;0;72;826;0;0;0;0;0;0;0;0;0;0
2015;1000,00;185;519;0;0;812;15478;0;0;209;3543;1743;55806;0;0;0;0;19;57;0;0;0;0
2015;1018,00;0;189;0;0;0;0;0;0;0;0;3239;46420;303;3494;3239;46420;56;4855;0;0;0;0
2015;1001,00;232;7;0;0;0;0;0;0;0;0;0;0;0;0;0;0;0;0;0;0;0;0
2015;1007,00;0;0;0;0;0;0;0;0;0;0;5863;125248;0;0;169;2198;71;10178;0;0;24;8821
2015;1008,00;0;0;0;0;0;0;0;0;0;0;5015;36212;0;0;155;1288;58;8578;1;237;20;6879
2015;1009,00;0;714;0;0;0;0;0;0;0;0;2115;46447;0;0;302;4306;82;11275;0;0;5;1558
2015;1010,00;0;24;0;0;0;0;0;0;0;0;1630;20566;0;0;203;2484;43;6300;0;0;8;2850
2015;1011,00;0;28;0;0;0;0;0;0;0;0;1524;31283;0;0;187;3165;35;5401;0;0;0;0
2015;1012,00;0;0;0;0;0;0;0;0;0;0;2923;48499;0;0;125;1873;85;8600;0;0;10;3653
2015;1013,00;2591;7654;161;186;982;19640;0;0;0;0;7246;57434;0;0;0;0;80;15312;1;90;18;6597
2015;1041,00;0;0;0;0;0;0;0;0;0;0;47;1312;0;0;102;2351;0;0;0;0;0;0
2015;1073,00;751;446;0;0;0;0;0;0;0;0;3432;40107;337;6886;153;898;95;11111;0;0;11;3404
2015;1087,00;604;2789;0;0;456;8022;0;0;0;0;8157;82642;577;3833;735;6795;54;8237;0;0;0;0
2015;1109,00;234;954;0;0;0;0;0;0;0;0;3976;35705;420;3289;442;2916;44;6483;0;0;1;172
2015;1110,00;38;88;0;0;229;3413;0;0;0;0;3658;31355;0;0;0;0;0;0;0;0;0;0
2015;1112,00;0;0;0;0;0;0;0;0;0;0;2772;54440;0;0;0;0;0;0;0;0;0;0
2015;789,00;0;0;0;0;0;0;0;0;0;0;66;7079;0;0;0;0;0;0;0;0;0;0
2015;326,00;0;0;0;0;0;0;0;0;0;0;452;39632;0;0;452;29638;0;0;0;0;0;0
2015;442,00;563;101;0;0;0;0;0;0;0;0;2336;42056;0;0;0;0;0;0;0;0;0;0
2015;294,00;278;300;85;98;0;0;0;0;0;0;3634;54510;0;0;0;0;0;0;0;0;0;0
2015;378,00;0;0;0;0;0;0;0;0;0;0;7489;89868;0;0;0;0;0;0;0;0;0;0
2015;402,00;102;0;0;0;0;0;0;0;0;0;1456;43041;418;16720;0;0;0;0;0;0;0;0
2015;29,00;0;0;0;0;0;0;0;0;0;0;0;0;0;0;150;450;0;0;0;0;0;0
2015;450,00;0;0;0;0;0;0;0;0;0;0;132;2657;0;0;0;0;0;0;0;0;0;0
2015;656,00;0;0;0;0;0;0;0;0;0;0;634;11124;0;0;133;2240;0;0;0;0;0;0
2015;333,00;395;382;0;0;0;0;0;0;0;0;0;11089;0;0;0;0;171;10770;0;0;0;0
2015;668,00;0;167;0;0;0;0;0;0;0;0;1542;17154;0;0;0;0;19;3008;0;0;0;0
2015;684,00;0;0;0;0;0;0;0;0;0;0;2395;31736;0;0;0;0;0;0;0;0;0;0
2015;422,00;63;45;42;69;0;0;0;0;0;0;521;4331;0;0;0;0;101;1159;0;0;0;0
2015;763,00;2565;1419;724;1207;1142;20775;0;0;0;0;12242;282579;727;26186;932;19750;2085;18090;0;0;564;4902
2015;741,00;2994;638;0;0;2318;18743;0;0;0;0;3668;78413;96;2112;209;4566;0;0;0;0;0;0
2015;553,00;976;1164;0;0;0;0;0;0;0;0;1248;23908;0;0;0;0;156;6877;0;0;0;0
2015;357,00;0;0;0;0;0;0;0;0;0;0;734;10846;0;0;0;0;0;0;0;0;0;0
2015;899,00;0;0;0;0;0;0;0;0;0;0;0;0;0;0;0;0;0;0;0;0;0;0
2015;900,00;0;0;0;0;0;0;0;0;0;0;138;1461;0;0;0;0;0;0;0;0;0;0
2015;932,00;0;0;0;0;0;0;0;0;0;0;0;0;0;0;0;0;0;0;0;0;0;0
2015;950,00;0;0;0;0;0;0;0;0;0;0;1500;37500;36;1440;0;0;0;0;0;0;0;0
2015;966,00;236;6;0;0;0;0;0;0;0;0;0;0;0;0;0;0;0;0;0;0;0;0
2015;967,00;0;0;0;0;0;0;0;0;0;0;116;1073;0;0;0;0;0;0;0;0;0;0
2015;982,00;645;214;0;0;143;2814;0;0;10;19;2595;39753;6;35;0;0;0;0;0;0;0;0
2015;1014,00;0;157;0;0;0;0;0;0;0;0;0;0;0;0;0;0;0;0;0;0;0;0
2015;1048,00;0;0;0;0;0;0;0;0;0;0;0;0;0;0;0;0;0;0;0;0;0;0
2015;1080,00;596;216;197;218;0;0;0;0;0;0;0;0;0;0;0;0;0;0;0;0;0;0
2015;1074,00;0;0;0;0;0;0;0;0;0;0;2127;19075;0;0;0;0;0;0;0;0;0;0
2015;1084,00;0;0;0;0;0;0;0;0;0;0;2071;24408;36;344;0;0;0;0;0;0;0;0
2015;1113,00;0;0;0;0;0;0;0;0;0;0;0;0;0;0;0;0;0;0;0;0;0;0
2015;722,00;5114;5176;0;0;1141;22300;0;0;119;476;11263;225244;961;19796;504;10023;89;9600;0;0;82;22924
2015;660,00;0;2090;0;0;0;0;0;0;0;0;1135;24531;0;0;0;0;61;6663;0;0;0;0
2015;75,00;0;0;0;0;0;0;0;0;0;0;0;0;0;0;630;7491;0;0;0;0;0;0
2015;249,00;34;98;0;0;0;0;0;0;0;0;178;3204;0;0;0;0;0;0;0;0;0;0
2015;275,00;0;0;435;435;0;0;0;0;0;0;2522;36998;0;0;0;0;0;0;0;0;0;0
2015;227,00;228;188;0;0;0;0;0;0;0;0;0;0;0;0;0;0;0;0;0;0;0;0
2015;150,00;0;0;0;0;0;0;0;0;0;0;257;845;0;0;0;0;0;0;0;0;0;0
2015;47,00;0;0;0;0;0;0;0;0;0;0;0;0;0;0;0;0;0;0;0;0;0;0
2015;172,00;0;0;0;0;0;0;0;0;0;0;400;2169;0;0;0;0;0;0;0;0;0;0
2015;581,00;0;460;0;0;0;0;0;0;0;0;1585;32560;0;0;0;0;0;0;0;0;0;0
2015;120,00;0;0;0;0;0;0;0;0;0;0;3304;49610;223;8207;0;0;0;0;0;0;0;0
2015;445,00;0;0;0;0;0;0;0;0;0;0;76;1673;0;0;100;6552;0;0;0;0;0;0
2015;471,00;0;0;0;0;0;0;0;0;0;0;4536;70789;0;0;0;0;0;0;0;0;0;0
2015;53,00;0;0;0;0;0;0;0;0;0;0;245;3975;0;0;0;0;0;0;0;0;0;0
2015;199,00;0;0;44;44;0;0;0;0;0;0;2159;63597;246;10265;0;0;0;0;0;0;0;0
2015;575,00;0;0;0;0;0;0;0;0;0;0;1003;14165;0;0;0;0;0;0;0;0;0;0
2015;528,00;0;453;0;0;0;0;0;0;0;0;4446;38436;0;0;0;0;0;0;0;0;0;0
2015;631,00;0;0;0;0;0;0;0;0;0;0;4024;26632;0;0;0;0;40;5718;;;2;744
2015;699,00;0;2011;0;0;0;0;0;0;0;0;12804;47030;0;0;0;0;0;0;0;0;0;0
2015;823,00;0;0;0;0;0;0;0;0;0;0;1665;33597;0;0;0;0;0;0;0;0;0;0
2015;849,00;0;0;0;0;0;0;0;0;0;0;4020;20690;0;0;0;0;0;0;0;0;0;0
2015;869,00;0;0;0;0;0;0;0;0;0;0;989;12278;0;0;0;0;0;0;0;0;0;0
2015;955,00;0;0;0;0;0;0;0;0;0;0;0;0;0;0;45;11560;0;0;0;0;0;0
2015;983,00;0;0;0;0;0;0;0;0;0;0;152;2822;0;0;120;29580;0;0;0;0;0;0
2015;1002,00;0;0;0;0;0;0;0;0;0;0;24;516;0;0;0;0;0;0;0;0;0;0
2015;1015,00;2098;4877;0;0;1049;17953;0;0;1586;1586;9030;81619;0;0;0;0;49;5033;0;0;29;9919
2015;51,00;0;0;0;0;0;0;0;0;0;0;0;0;0;0;0;0;0;0;0;0;0;0
2015;441,00;0;0;0;0;0;0;0;0;0;0;1920;30517;137;2745;257;5138;0;0;0;0;0;0
2015;327,00;0;0;0;0;0;0;0;0;0;0;0;0;0;0;0;0;0;0;0;0;0;0
2015;690,00;691;2088;103;143;451;7470;0;0;81;303;1276;21790;65;492;7;258;108;6503;0;0;0;0
2015;262,00;0;12;0;0;0;0;0;0;0;0;1913;26267;0;0;0;0;0;0;0;0;0;0
2015;403,00;0;0;0;0;0;0;0;0;0;0;0;0;0;0;0;0;0;0;0;0;0;0
2015;312,00;0;0;0;0;0;0;0;0;0;0;0;0;0;0;0;0;0;0;0;0;0;0
2015;589,00;0;0;0;0;0;0;0;0;0;0;4144;89245;0;0;0;0;0;0;0;0;0;0
2015;665,00;0;640;0;0;0;0;0;0;0;0;5651;101720;0;0;0;0;77;6708;0;0;0;0
2015;334,00;0;0;0;0;0;0;0;0;0;0;11;353;0;0;25;6250;0;0;0;0;0;0
2015;1075,00;1489;2757;447;605;1547;29140;0;0;1758;3290;18995;355993;760;3349;0;0;264;31336;18;1942;43;4696
2015;751,00;1213;891;0;0;838;19093;0;0;0;0;2924;187884;0;0;90;7082;82;10489;0;0;0;0
2015;186,00;49;0;0;0;0;0;0;0;0;0;0;0;0;0;0;0;0;0;0;0;0;0
2015;646,00;0;86;0;0;0;0;0;0;0;0;233;6354;0;0;0;0;0;0;0;0;0;0
2015;536,00;0;0;0;0;0;0;0;0;0;0;660;17307;0;0;0;0;22;3035;0;0;0;0
2015;242,00;0;0;0;0;0;0;0;0;0;0;500;6000;0;0;0;0;0;0;0;0;0;0
2015;490,00;0;0;0;0;0;0;0;0;0;0;282;5074;272;2996;89;1595;0;0;0;0;0;0
2015;500,00;174;282;0;0;199;3003;0;0;0;0;1737;20558;162;2268;0;0;0;0;0;0;0;0
2015;206,00;0;0;0;0;0;0;0;0;0;0;2012;38810;16;113;0;0;0;0;0;0;0;0
2015;58,00;0;0;0;0;0;0;0;0;0;0;0;0;0;0;0;0;0;0;0;0;0;0
2015;572,00;0;300;0;0;0;0;0;0;0;0;3050;111099;0;0;0;0;61;9354;0;0;0;0
2015;180,00;0;0;0;0;0;0;0;0;0;0;1010;6448;0;0;0;0;0;0;0;0;0;0
2015;549,00;0;0;0;0;0;0;0;0;0;0;695;97981;0;0;0;0;28;2693;0;0;0;0
2015;582,00;0;0;0;0;0;0;0;0;0;0;2325;21768;0;0;21;354;33;3213;0;0;0;0
2015;743,00;1435;805;0;0;0;0;0;0;0;0;13091;504106;388;8970;695;23630;53;8173;0;0;0;0
2015;795,00;0;0;0;0;0;0;0;0;0;0;714;6865;0;0;0;0;107;10941;0;0;0;0
2015;269,00;0;0;0;0;0;0;0;0;0;0;821;8210;93;930;0;0;0;0;0;0;0;0
2015;634,00;0;42;0;0;785;15071;0;0;0;0;527;20220;0;0;0;0;0;0;0;0;0;0
2015;1,00;0;0;0;0;0;0;0;0;0;0;4369;158070;145;789;0;0;0;0;0;0;0;0
2015;717,00;0;189;0;0;0;0;0;0;0;0;1000;26154;0;0;0;0;32;4927;0;0;0;0
2015;373,00;0;0;0;0;0;0;0;0;0;0;522;9383;0;0;0;0;0;0;0;0;0;0
2015;535,00;0;368;0;0;0;0;0;0;0;0;2228;66256;0;0;0;0;31;903;0;0;0;0
2015;824,00;4425;4677;882;882;1473;30786;0;0;337;1237;13317;296813;455;10648;740;24209;73;11800;1;230;122;44359
2015;888,00;0;82;0;0;0;0;0;0;0;0;123;759;0;0;0;0;33;4938;0;0;0;0
2015;902,00;0;0;0;0;0;0;0;0;0;0;131;3015;0;0;0;0;0;0;0;0;0;0
2015;968,00;0;0;0;0;0;0;0;0;0;0;0;0;0;0;0;0;0;0;0;0;0;0
2015;346,00;0;0;0;0;0;0;0;0;0;0;118;5673;0;0;416;68260;0;0;0;0;0;0
2015;27,00;0;0;0;0;0;0;0;0;0;0;0;0;0;0;0;0;0;0;0;0;0;0
2015;165,00;0;0;0;0;0;0;0;0;0;0;0;0;0;0;0;0;0;0;0;0;0;0
2015;956,00;0;1380;0;0;0;0;0;0;778;6560;6335;115000;0;0;0;0;67;9768;1;156;18;12916
2015;413,00;0;0;0;0;0;0;0;0;0;0;0;0;0;0;0;0;0;0;0;0;0;0
2015;149,00;0;0;0;0;0;0;0;0;0;0;1068;31836;0;0;0;0;0;0;0;0;0;0
2015;612,00;412;86;0;0;0;0;0;0;0;0;2856;57101;0;0;0;0;0;0;0;0;0;0
2015;559,00;0;0;0;0;0;0;0;0;0;0;1081;18258;0;0;0;0;0;0;0;0;0;0
2015;7,00;0;0;0;0;0;0;0;0;0;0;76;909;0;0;0;0;0;0;0;0;0;0
2015;283,00;141;192;30;30;371;7396;0;0;0;0;2954;51326;0;0;0;0;0;0;;0;0;0
2015;37,00;0;0;0;0;0;0;0;0;0;0;0;0;0;0;0;0;0;0;0;0;0;0
2015;153,00;42;9;0;0;0;0;0;0;0;0;2198;43983;0;0;0;0;0;0;0;0;0;0
2015;547,00;0;0;0;0;0;0;0;0;0;0;1949;53532;0;0;114;2911;158;702;0;0;0;0
2015;397,00;0;0;0;0;0;0;0;0;0;0;458;6728;163;1530;410;6169;0;0;0;0;0;0
2015;556,00;0;0;0;0;0;0;0;0;0;0;881;90075;0;0;39;2306;69;4780;0;0;0;0
2015;42,00;0;0;0;0;0;0;0;0;0;0;0;0;0;0;0;0;0;0;0;0;0;0
2015;31,00;0;0;0;0;0;0;0;0;0;0;214;34824;0;0;0;0;0;0;0;0;0;0
2015;740,00;2117;3493;234;395;0;0;0;0;0;0;14549;102410;1598;6232;1736;7514;1117;12524;2535;30478;508;14799
2015;217,00;0;0;0;0;0;0;0;0;0;0;2066;24655;0;0;0;0;8;28;0;0;0;0
2015;863,00;0;0;0;0;0;0;0;0;0;0;1710;16877;0;0;0;0;0;0;0;0;0;0
2015;889,00;3624;3783;178;253;1615;29338;0;0;221;739;6197;63394;207;1378;482;4134;94;8131;5;1174;112;30386
2015;984,00;0;0;0;0;0;0;0;0;0;0;1875;39484;0;0;0;0;24;277;0;0;0;0
2015;1106,00;0;0;0;0;0;0;0;0;0;0;1685;10551;0;0;0;0;0;0;0;0;0;0
2015;34,00;0;0;0;0;0;0;0;0;0;0;164;8606;0;0;113;4226;0;0;0;0;0;0
2015;791,00;0;0;0;0;0;0;0;0;0;0;4878;86060;0;0;0;0;0;0;0;0;0;0
2015;181,00;0;0;0;0;0;0;0;0;0;0;59;2009;483;14596;44;1816;0;0;0;0;0;0
2015;430,00;0;0;0;0;0;0;0;0;0;0;3845;16591;0;0;0;0;0;0;0;0;0;0
2015;715,00;29;864;403;437;351;8247;0;0;0;0;4004;74951;278;4912;164;4883;111;11990;0;0;12;2566
2015;521,00;0;0;0;0;0;0;0;0;0;0;1064;21287;0;0;0;0;0;0;0;0;0;0
2015;524,00;204;80;41;47;0;0;0;0;0;0;10848;200756;0;0;0;0;7;723;0;0;0;0
2015;432,00;0;0;0;0;0;0;0;0;0;0;1520;36898;0;0;0;0;0;0;0;0;0;0
2015;19,00;0;0;0;0;0;0;0;0;0;0;0;0;0;0;0;0;0;0;0;0;0;0
2015;25,00;0;0;0;0;0;0;0;0;0;0;0;0;0;0;0;0;0;0;0;0;0;0
2015;26,00;0;0;0;0;0;0;0;0;0;0;31;307;0;0;32;9984;0;0;0;0;0;0
2015;890,00;330;1043;0;0;0;0;0;0;0;0;650;10929;32;344;185;4592;82;11249;0;0;27;1432
2015;904,00;0;0;0;0;0;0;0;0;0;0;712;9853;0;0;0;0;0;0;0;0;0;0
2015;957,00;2587;4771;0;0;1815;41724;0;0;77;884;9978;179604;649;7139;715;12870;622;15433;1;195;36;2377
2015;939,00;3419;2563;0;0;907;17840;0;0;985;18155;100928;221338;1549;7907;5512;5512;139;15722;2;356;23;7931
2015;236,00;0;0;0;0;0;0;0;0;0;0;2871;60291;0;0;0;0;0;0;0;0;0;0
2015;735,00;1803;4030;68;122;2292;21478;0;0;0;0;97834;282000;4709;4877;9585;13684;496;6979;0;0;0;0
2015;146,00;0;0;0;0;0;0;0;0;0;0;918;8477;0;0;0;0;0;0;0;0;0;0
2015;363,00;165;125;0;0;0;0;0;0;0;0;2041;55406;0;0;0;0;0;0;0;0;0;0
2015;187,00;31;12;0;0;0;0;0;0;0;0;6987;61852;34;178;185;1503;189;12008;0;0;0;0
2015;265,00;0;0;0;0;0;0;0;0;0;0;0;0;0;0;0;0;0;0;0;0;0;0
2015;295,00;0;0;0;0;0;0;0;0;0;0;166;2541;0;0;0;0;0;0;0;0;0;0
2015;496,00;756;170;0;0;0;0;0;0;0;0;2798;40512;0;0;0;0;440;12245;0;0;0;0
2015;77,00;0;0;0;0;0;0;0;0;0;0;408;4967;0;0;0;0;0;0;0;0;0;0
2015;391,00;0;0;92;97;0;0;0;0;0;0;74;980;0;0;0;0;0;0;0;0;0;0
2015;240,00;0;0;0;0;0;0;0;0;0;0;3147;50522;0;0;0;0;54;381;0;0;0;0
2015;448,00;0;0;0;0;0;0;0;0;0;0;786;15410;44;861;0;0;17;1791;0;0;0;0
2015;151,00;0;0;0;0;0;0;0;0;0;0;96;4650;0;0;0;0;0;0;0;0;0;0
2015;425,00;0;0;0;0;0;0;0;0;0;0;2045;13977;0;0;0;0;61;739;0;0;0;0
2015;300,00;0;0;0;0;0;0;0;0;0;0;1084;19754;35;96;0;0;0;0;0;0;0;0
2015;339,00;1381;862;0;0;0;0;0;0;0;0;852;6261;0;0;0;0;11;46;0;0;0;0
2015;826,00;0;0;0;0;0;0;0;0;0;0;810;17640;0;0;103;1987;0;0;0;0;0;0
2015;874,00;0;0;0;0;0;0;0;0;0;0;1349;22626;0;0;0;0;749;9638;0;0;0;0
2015;905,00;1843;595;175;278;713;17514;79;592;0;0;2999;85023;291;2900;50;759;410;7792;0;0;41;7195
2015;736,00;1793;5572;169;187;1273;26441;0;0;248;574;11455;115077;1097;10983;530;5334;790;7976;0;0;206;2063
2015;459,00;0;0;0;0;0;0;0;0;0;0;1609;50084;0;0;0;0;0;0;0;0;0;0
2015;320,00;0;0;0;0;0;0;0;0;0;0;3652;32213;0;0;0;0;0;0;0;0;0;0
2015;45,00;0;0;0;0;0;0;0;0;0;0;2;153;1;48;0;0;0;0;0;0;0;0
2015;618,00;0;0;0;0;0;0;0;0;0;0;877;138722;0;0;212;11078;0;0;0;0;0;0
2015;463,00;0;1743;0;0;0;0;0;0;0;0;1341;33817;0;0;0;0;0;0;0;0;0;0
2015;891,00;0;0;0;0;0;0;0;0;0;0;0;0;0;0;0;0;0;0;0;0;0;0
2015;958,00;0;888;0;0;0;0;0;0;0;0;8635;127534;0;0;1103;5585;480;6189;0;0;144;4064
2015;244,00;0;0;0;0;0;0;0;0;0;0;239;3755;10;81;0;0;0;0;0;0;0;0
2015;28,00;0;0;0;0;0;0;0;0;0;0;26;808;0;0;50;245;0;0;0;0;0;0
2015;444,00;0;0;0;0;0;0;0;0;0;0;3646;43540;0;0;0;0;0;0;0;0;0;0
2015;479,00;0;0;0;0;0;0;0;0;0;0;84;2523;128;3957;0;0;0;0;0;0;0;0
2015;285,00;220;0;0;0;0;0;0;0;0;0;1260;12606;0;0;0;0;142;14051;0;0;0;0
2015;253,00;323;77;0;0;0;0;0;0;0;0;0;0;0;0;0;0;0;0;0;0;0;0
2015;481,00;56;44;0;0;0;0;0;0;0;0;3050;31620;0;0;0;0;7;37;0;0;0;0
2015;540,00;422;0;0;0;627;16929;0;0;0;0;1439;21585;793;2379;0;0;0;0;0;0;0;0
2015;332,00;0;0;0;0;0;0;0;0;0;0;0;0;0;0;0;0;0;0;0;0;0;0
2015;41,00;0;0;0;0;0;0;0;0;0;0;0;0;0;0;0;0;0;0;0;0;0;0
2015;510,00;0;69;0;0;0;0;0;0;0;0;0;0;0;0;0;0;0;0;0;0;0;0
2015;305,00;0;0;0;0;0;0;0;0;0;0;0;0;0;0;0;0;0;0;0;0;0;0
2015;708,00;0;0;0;0;0;0;0;0;0;0;1515;375720;0;0;0;0;0;0;0;0;0;0
2015;755,00;2972;1297;637;730;2218;35942;0;0;108;316;13029;203594;400;4541;461;14859;76;11927;1;156;64;23360
2015;750,00;3471;2785;0;0;1292;24902;0;0;0;0;2885;120000;17;2100;22;2000;1527;17419;0;0;47;9776
2015;696,00;1180;140;408;674;0;0;0;0;0;0;2352;45737;0;0;53;4962;0;0;0;0;0;0
2015;434,00;0;214;0;0;0;0;0;0;0;0;0;0;0;0;0;0;0;0;0;0;0;0
2015;421,00;0;0;0;0;0;0;0;0;0;0;1173;27698;9;284;204;3678;0;0;0;0;0;0
2015;827,00;0;0;0;0;0;0;0;0;0;0;0;0;0;0;82;750;0;0;0;0;0;0
2015;933,00;0;483;0;0;0;0;0;0;0;0;4530;104256;0;0;0;0;0;0;0;0;0;0
2015;1030,00;15;0;18;51;0;0;0;0;0;0;65;325;42;190;54;150;0;0;0;0;0;0
2015;1003,00;0;109;0;0;0;0;0;0;0;0;1748;10416;0;0;0;0;0;0;0;0;0;0
2015;1050,00;0;28;0;0;0;0;0;0;0;0;625;3386;0;0;0;0;0;0;0;0;0;0
2015;1043,00;11;0;0;0;0;0;0;0;0;0;2383;7421;0;0;0;0;0;0;0;0;0;0
2015;934,00;0;0;0;0;0;0;0;0;0;0;16923;126340;0;0;640;4876;52;7191;0;0;0;0
2015;629,00;1931;1812;0;0;0;0;0;0;0;0;3094;44270;160;2690;278;4484;329;4189;0;0;0;0
2015;21,00;0;0;0;0;0;0;0;0;0;0;0;0;0;0;0;0;0;0;0;0;0;0
2015;615,00;0;0;0;0;0;0;0;0;0;0;0;0;0;0;0;0;0;0;0;0;0;0
2015;626,00;0;0;0;0;0;0;0;0;0;0;1545;10566;0;0;0;0;0;0;0;0;0;0
2015;417,00;0;0;0;0;0;0;0;0;0;0;1085;25493;0;0;0;0;0;0;0;0;0;0
2015;597,00;0;0;0;0;0;0;0;0;0;0;1284;42472;49;568;0;0;0;0;0;0;0;0
2015;539,00;0;0;0;0;1774;32678;0;0;0;0;3692;96438;133;2766;0;0;0;0;0;0;0;0
2015;343,00;0;0;0;0;0;0;0;0;0;0;1870;30341;0;0;0;0;0;0;0;0;0;0
2015;135,00;0;0;0;0;0;0;0;0;0;0;95;5790;0;0;0;0;0;0;0;0;0;0
2015;158,00;0;0;0;0;0;0;0;0;0;0;625;20575;0;0;1934;36169;0;0;0;0;0;0
2015;775,00;0;1035;0;0;0;0;0;0;0;0;923;22037;121;2025;49;1129;0;0;0;0;0;0
2015;177,00;0;0;0;0;525;5792;0;0;0;0;216;8272;0;0;0;0;181;16433;0;0;0;0
2015;578,00;0;0;0;0;0;0;0;0;0;0;511;6985;0;0;0;0;0;0;0;0;0;0
2015;416,00;0;0;0;0;0;0;0;0;0;0;2782;21142;411;833;411;19288;0;0;0;0;0;0
2015;561,00;0;0;0;0;0;0;0;0;0;0;2313;48394;82;985;40;817;62;5982;0;0;0;0
2015;62,00;0;0;0;0;0;0;0;0;0;0;0;0;0;0;0;0;0;0;0;0;0;0
2015;828,00;0;0;0;0;0;0;0;0;0;0;191;17930;0;0;152;8224;0;0;0;0;0;0
2015;860,00;0;0;0;0;0;0;0;0;0;0;3020;49953;199;5703;0;0;0;0;0;0;0;0
2015;935,00;0;0;0;0;0;0;0;0;0;0;0;0;0;0;0;0;0;0;0;0;0;0
2015;936,00;0;0;0;0;0;0;0;0;0;0;134;271;0;0;107;208;0;0;0;0;0;0
2015;986,00;0;0;0;0;0;0;0;0;0;0;0;0;0;0;0;0;0;0;0;0;0;0
2015;987,00;0;2;0;0;0;0;0;0;0;0;0;0;0;0;0;0;0;0;0;0;0;0
2015;1021,00;0;0;0;0;0;0;0;0;0;0;123;9658;0;0;76;5181;0;0;0;0;0;0
2015;1085,00;0;0;0;0;0;0;0;0;0;0;0;0;0;0;0;0;0;0;0;0;0;0
2015;658,00;0;452;0;0;0;0;0;0;0;0;1813;32642;0;0;0;0;577;6621;2;8;67;1984
2015;353,00;0;0;0;0;0;0;0;0;0;0;649;7572;0;0;329;3348;0;0;0;0;0;0
2015;323,00;0;0;0;0;0;0;0;0;0;0;0;0;0;0;54;4461;0;0;0;0;0;0
2015;620,00;0;8;0;0;0;0;0;0;0;0;2628;57110;0;0;0;0;0;0;0;0;0;0
2015;384,00;0;0;0;0;0;0;0;0;0;0;2420;54202;170;1670;1800;19312;0;0;0;0;0;0
2015;554,00;0;378;0;0;0;0;0;0;0;0;3905;68430;0;0;210;3374;0;0;0;0;0;0
2015;209,00;0;0;0;0;0;0;0;0;0;0;0;0;0;0;0;0;0;0;0;0;0;0
2015;707,00;3693;2729;481;1140;0;0;0;0;0;0;14733;265268;1643;7971;992;9250;1283;13278;0;0;0;0
2015;395,00;0;45;0;0;0;0;0;0;0;0;1170;19765;0;0;0;0;0;0;0;0;0;0
2015;969,00;0;0;0;0;0;0;0;0;0;0;1512;48146;0;0;0;0;0;0;0;0;0;0
2015;1052,00;0;0;0;0;0;0;0;0;0;0;0;0;0;0;0;0;0;0;0;0;0;0
2015;739,00;2804;6069;860;1039;2728;26712;0;0;398;650;27284;506049;395;7196;5616;18619;550;8686;1;312;75;20326
2015;613,00;819;2523;384;552;0;0;0;0;0;0;4247;97278;0;0;0;0;1085;9570;6;960;81;21061
2015;593,00;0;540;0;0;0;0;0;0;0;0;38954;356731;0;0;0;0;0;0;0;0;0;0
2015;704,00;12324;2973;0;0;840;17401;0;0;0;0;1741;177210;269;2277;234;3341;936;7284;0;0;60;655
2015;493,00;0;0;0;0;0;0;0;0;0;0;1711;13760;0;0;0;0;0;0;0;0;0;0
2015;686,00;1694;2075;0;0;1164;17172;0;0;0;0;2948;122424;213;3325;186;3668;886;7322;0;0;264;1137
2015;257,00;154;203;0;0;0;0;0;0;0;0;0;0;0;0;0;0;53;7753;0;0;0;0
2015;494,00;0;0;0;0;0;0;0;0;0;0;0;0;0;0;0;0;0;0;0;0;0;0
2015;681,00;0;2910;0;0;973;25923;0;0;623;647;1015;10095;0;0;0;0;5;21;0;0;0;0
2015;286,00;46;0;190;190;1244;6220;0;0;209;615;0;0;0;0;0;0;96;12670;0;0;0;0
2015;255,00;164;42;0;0;0;0;0;0;0;0;4717;33092;53;625;0;0;0;0;0;0;0;0
2015;79,00;0;0;0;0;0;0;0;0;0;0;0;0;0;0;0;0;0;0;0;0;0;0
2015;81,00;0;0;0;0;0;0;0;0;0;0;0;0;0;0;0;0;0;0;0;0;0;0
2015;688,00;0;709;0;0;0;0;0;0;0;0;8049;250262;0;0;0;0;46;4284;0;0;12;3357
2015;531,00;0;1327;0;0;0;0;0;0;0;0;8485;114383;0;0;0;0;59;8555;20;7300;35;6300
2015;514,00;0;0;0;0;0;0;0;0;0;0;1664;87871;0;0;0;0;0;0;0;0;0;0
2015;499,00;0;106;0;0;0;0;0;0;0;0;504;8187;44;1267;45;613;0;0;0;0;0;0
2015;532,00;0;757;0;0;0;0;0;0;0;0;5887;113046;0;0;0;0;0;0;0;0;0;0
2015;190,00;0;0;0;0;0;0;0;0;0;0;1743;16122;322;2470;555;4964;0;0;0;0;0;0
2015;598,00;0;234;0;0;0;0;0;0;0;0;5166;168509;0;0;0;0;0;0;0;0;0;0
2015;260,00;593;14772;0;0;0;0;0;0;0;0;0;0;0;0;0;0;5;14;0;0;0;0
2015;838,00;0;0;0;0;0;0;0;0;0;0;585;4095;0;0;0;0;0;0;0;0;0;0
2015;839,00;0;0;0;0;0;0;0;0;0;0;180;2195;180;1372;180;1924;0;0;0;0;0;0
2015;851,00;0;0;0;0;0;0;0;0;0;0;0;0;0;0;0;0;0;0;0;0;0;0
2015;852,00;930;1188;237;845;1218;20200;0;0;156;362;19006;500921;858;3558;0;0;173;25797;0;0;24;35040
2015;988,00;0;0;0;0;0;0;0;0;0;0;796;30108;167;2847;692;14108;0;0;0;0;0;0
2015;1056,00;570;728;99;149;0;0;0;0;0;0;609;13198;461;5030;0;0;233;24327;0;0;20;6586
2015;1044,00;0;0;0;0;0;0;0;0;0;0;161;1594;1;1;1;1;0;0;0;0;0;0
2015;1114,00;0;39;0;0;0;0;0;0;0;0;5050;46247;0;0;0;0;0;0;0;0;0;0
2015;644,00;0;2021;0;0;0;0;0;0;0;0;15185;263203;0;0;0;0;55;6951;0;0;0;0
2015;752,00;7515;3279;0;0;1831;34265;0;0;206;488;11490;470974;0;0;854;17358;43;6691;0;0;6;2185
2015;238,00;0;0;0;0;0;0;0;0;0;0;450;960;0;0;0;0;0;0;0;0;0;0
2015;325,00;0;0;0;0;0;0;0;0;0;0;116;5547;156;6782;139;7662;0;0;0;0;0;0
2015;622,00;0;228;0;0;0;0;0;0;0;0;7755;60826;0;0;0;0;0;0;0;0;0;0
2015;879,00;0;0;0;0;0;0;0;0;0;0;918;12496;0;0;0;0;0;0;0;0;0;0
2015;906,00;186;0;0;0;586;8790;0;0;0;0;0;0;0;0;0;0;0;0;0;0;0;0
2015;370,00;0;43;0;0;0;0;0;0;0;0;2849;17799;0;0;0;0;0;0;0;0;0;0
2015;418,00;0;0;66;199;0;0;0;0;0;0;415;25847;0;0;0;0;0;0;0;0;0;0
2015;574,00;0;0;0;0;0;0;0;0;0;0;2220;34914;0;0;0;0;0;0;0;0;0;0
2015;399,00;0;0;0;0;0;0;0;0;0;0;0;0;0;0;0;0;0;0;0;0;0;0
2015;195,00;0;0;0;0;0;0;0;0;0;0;0;0;0;0;0;0;0;0;0;0;0;0
2015;783,00;1743;2574;0;0;1088;27564;0;0;0;0;21733;341378;371;3919;152;4474;96;9246;0;0;42;985
2015;263,00;0;0;0;0;0;0;0;0;0;0;1207;22806;0;0;0;0;0;0;0;0;0;0
2015;194,00;0;0;0;0;0;0;0;0;0;0;0;0;0;0;0;0;0;0;0;0;0;0
2015;785,00;1579;4977;0;0;1223;20603;0;0;1657;6880;5449;84256;708;5074;184;2679;307;14113;0;0;124;1927
2015;780,00;0;594;0;0;0;0;0;0;0;0;1540;62754;0;0;0;0;0;0;0;0;0;0
2015;782,00;952;1745;502;510;0;0;0;0;0;0;31157;94592;0;0;33;410;137;13748;0;0;63;494
2015;369,00;0;0;0;0;0;0;0;0;0;0;12100;240301;350;3850;435;7557;0;0;0;0;0;0
2015;84,00;0;0;0;0;0;0;0;0;0;0;0;0;0;0;0;0;0;0;0;0;0;0
2015;713,00;0;34;0;0;0;0;0;0;0;0;6984;538483;27;1189;24;92;0;0;0;0;0;0
2015;941,00;0;0;0;0;0;0;0;0;0;0;0;0;0;0;0;0;0;0;0;0;0;0
2015;1091,00;0;0;0;0;0;0;0;0;0;0;0;0;0;0;0;0;0;0;0;0;0;0
2015;1045,00;43;0;0;0;79;882;0;0;0;0;521;11566;0;0;0;0;0;0;0;0;0;0
2015;1086,00;0;0;0;0;1197;11085;0;0;0;0;0;0;0;0;0;0;0;0;0;0;0;0
2015;937,00;0;1279;0;0;386;9346;0;0;0;0;1738;84795;1267;3064;137;2476;101;15304;0;0;13;6161
2015;1004,00;0;0;0;0;0;0;0;0;0;0;497;5114;105;2594;0;0;0;0;0;0;0;0
2015;737,00;828;1568;823;913;885;26823;0;0;115;367;9600;172816;324;3492;227;8189;76;11789;0;0;39;8775
2015;765,00;3211;7153;0;0;1349;19601;0;0;207;2780;16224;129976;1823;8950;3217;20984;84;13056;0;0;36;11799
2015;329,00;0;544;0;0;0;0;0;0;0;0;849;15284;0;0;0;0;0;0;0;0;0;0
2015;87,00;0;0;0;0;0;0;0;0;0;0;89;2700;0;0;80;4500;0;0;0;0;0;0
2015;527,00;0;116;0;0;0;0;0;0;0;0;29758;44548;0;0;2396;3498;0;0;0;0;0;0
2015;562,00;31;1;80;80;0;0;0;0;0;0;2521;66677;0;0;415;6062;0;0;0;0;0;0
2015;251,00;102;139;0;0;0;0;0;0;0;0;1349;24163;0;0;0;0;0;0;0;0;0;0
2015;129,00;0;0;0;0;0;0;0;0;0;0;160;7426;0;0;0;0;0;0;0;0;0;0
2015;154,00;0;0;0;0;0;0;0;0;0;0;511;13382;0;0;117;3013;200;21267;0;0;0;0
2015;516,00;157;0;0;0;0;0;0;0;0;0;0;0;0;0;0;0;0;0;0;0;0;0
2015;184,00;0;0;0;0;0;0;0;0;0;0;4256;34048;0;0;0;0;0;0;0;0;0;0
2015;652,00;0;0;0;0;0;0;0;0;0;0;554;44297;0;0;0;0;16;1854;0;0;0;0
2015;637,00;0;186;0;0;0;0;0;0;0;0;872;53185;0;0;0;0;222;2622;0;0;0;0
2015;88,00;0;0;0;0;0;0;0;0;0;0;0;0;0;0;0;0;0;0;0;0;0;0
2015;907,00;0;0;0;0;0;0;0;0;0;0;0;0;0;0;0;0;0;0;0;0;0;0
2015;970,00;0;0;0;0;0;0;0;0;0;0;0;0;0;0;0;0;0;0;0;0;0;0
2015;1019,00;0;0;0;0;0;0;0;0;0;0;974;6961;0;0;0;0;0;0;0;0;0;0
2015;1016,00;86;23;0;0;0;0;0;0;0;0;214;4519;0;0;0;0;0;0;0;0;0;0
2015;1047,00;0;0;0;0;0;0;0;0;0;0;458;8241;0;0;0;0;0;0;0;0;0;0
2015;635,00;0;0;0;0;0;0;0;0;0;0;1414;63583;0;0;0;0;107;9192;0;0;2;266
